    1 230.1
    2 230.1
    3 227.5
    4 228.2
    5 224.8
    6 228.1
    7 225.0
    8 224.2
    9 227.1
   10 226.5
   11 230.1
   12 231.1
   13 230.3
   14 229.4
   15 224.3
   16 224.6
   17 229.8
   18 228.2
   19 228.6
   20 224.7
   21 230.9
   22 229.8
   23 230.5
   24 227.7
   25 228.0
   26 232.3
   27 235.9
   28 232.5
   29 235.5
   30 233.8
   31 232.3
   32 235.6
   33 235.5
   34 235.2
   35 235.9
   36 234.0
   37 228.6
   38 229.7
   39 223.9
   40 228.0
   41 225.5
   42 223.7
   43 221.2
   44 222.1
   45 221.1
   46 218.6
   47 223.3
   48 227.2
   49 228.9
   50 233.3
   51 223.8
   52 227.8
   53 222.2
   54 225.8
   55 223.3
   56 222.8
   57 219.1
   58 222.1
   59 219.8
   60 215.5
   61 214.6
   62 215.2
   63 217.0
   64 218.2
   65 220.6
   66 222.8
   67 222.3
   68 224.1
   69 226.7
   70 228.2
   71 229.4
   72 223.9
   73 220.7
   74 224.0
   75 222.4
   76 222.7
   77 223.3
   78 225.5
   79 227.3
   80 227.2
   81 228.9
   82 230.7
   83 228.4
   84 231.5
   85 231.1
   86 231.3
   87 232.4
   88 237.3
   89 234.0
   90 233.4
   91 235.6
   92 235.2
   93 240.0
   94 238.6
   95 234.9
   96 236.4
   97 240.1
   98 241.2
   99 236.6
  100 238.1
  101 235.9
  102 236.4
  103 228.2
  104 232.8
  105 235.5
  106 234.0
  107 235.4
  108 235.1
  109 236.5
  110 237.4
  111 234.0
  112 231.0
  113 230.2
  114 230.7
  115 227.1
  116 229.3
  117 232.7
  118 229.1
  119 232.5
  120 229.5
  121 231.8
  122 232.6
  123 234.2
  124 236.3
  125 236.3
  126 232.4
  127 237.7
  128 240.5
  129 240.0
  130 238.5
  131 236.9
  132 236.6
  133 237.4
  134 234.7
  135 234.6
  136 233.9
  137 233.2
  138 230.7
  139 235.1
  140 236.0
  141 233.3
  142 237.0
  143 236.4
  144 237.9
  145 238.1
  146 234.5
  147 236.1
  148 237.2
  149 234.3
  150 234.7
  151 238.5
  152 236.1
  153 240.2
  154 243.2
  155 240.3
  156 239.6
  157 237.8
  158 237.1
  159 236.3
  160 234.1
  161 237.2
  162 236.6
  163 235.4
  164 235.1
  165 239.9
  166 235.5
  167 233.1
  168 231.0
  169 231.3
  170 231.7
  171 233.1
  172 234.6
  173 233.2
  174 233.2
  175 232.3
  176 226.5
  177 226.4
  178 228.2
  179 230.0
  180 228.9
  181 228.7
  182 229.9
  183 229.9
  184 228.5
  185 229.3
  186 228.8
  187 230.0
  188 225.9
  189 224.5
  190 228.4
  191 228.8
  192 230.5
  193 229.9
  194 234.7
  195 237.0
  196 234.4
  197 240.3
  198 237.4
  199 239.6
  200 239.2
  201 236.6
  202 240.5
  203 240.5
  204 240.5
  205 240.6
  206 235.5
  207 237.4
  208 236.3
  209 238.7
  210 243.2
  211 244.4
  212 242.2
  213 244.3
  214 247.8
  215 242.2
  216 244.4
  217 244.2
  218 242.7
  219 245.4
  220 240.2
  221 238.6
  222 244.1
  223 238.8
  224 242.1
  225 244.2
  226 241.5
  227 241.9
  228 244.7
  229 242.4
  230 249.8
  231 240.7
  232 243.1
  233 242.0
  234 244.5
  235 244.6
  236 243.5
  237 239.8
  238 244.4
  239 244.3
  240 242.2
  241 242.1
  242 247.3
  243 242.7
  244 242.7
  245 242.3
  246 242.4
  247 244.9
  248 241.1
  249 239.5
  250 240.4
  251 238.7
  252 240.0
  253 242.0
  254 239.3
  255 238.4
  256 239.7
  257 240.5
  258 243.0
  259 239.9
  260 240.2
  261 237.1
  262 236.6
  263 242.5
  264 238.7
  265 240.5
  266 243.6
  267 247.0
  268 245.0
  269 243.8
  270 239.8
  271 239.8
  272 237.3
  273 242.2
  274 239.8
  275 240.0
  276 243.2
  277 241.6
  278 236.5
  279 238.3
  280 241.0
  281 238.0
  282 235.1
  283 235.1
  284 233.8
  285 232.3
  286 233.3
  287 234.0
  288 234.1
  289 235.5
  290 236.2
  291 234.4
  292 235.4
  293 234.8
  294 235.5
  295 230.2
  296 236.0
  297 237.6
  298 234.1
  299 231.5
  300 234.9
  301 236.9
  302 236.3
  303 237.2
  304 235.5
  305 234.1
  306 235.7
  307 236.5
  308 237.1
  309 242.1
  310 244.6
  311 247.3
  312 243.9
  313 242.7
  314 232.1
  315 233.4
  316 234.5
  317 235.1
  318 238.5
  319 239.6
  320 243.7
  321 240.8
  322 241.2
  323 242.8
  324 243.3
  325 239.8
  326 236.9
  327 242.1
  328 242.4
  329 235.6
  330 239.0
  331 240.8
  332 239.2
  333 243.3
  334 239.2
  335 241.1
  336 238.7
  337 243.5
  338 244.0
  339 238.6
  340 244.2
  341 244.2
  342 244.2
  343 242.7
  344 241.5
  345 245.2
  346 243.3
  347 240.9
  348 242.2
  349 239.6
  350 241.3
  351 241.9
  352 241.6
  353 237.6
  354 235.1
  355 235.1
  356 233.9
  357 234.8
  358 236.2
  359 235.5
  360 239.3
  361 240.5
  362 238.5
  363 234.9
  364 234.9
  365 239.7
  366 238.6
  367 237.9
  368 233.5
  369 236.0
  370 237.3
  371 239.0
  372 237.8
  373 234.5
  374 235.7
  375 239.0
  376 237.7
  377 238.2
  378 238.4
  379 242.7
  380 239.1
  381 237.0
  382 241.6
  383 245.6
  384 245.0
  385 244.9
  386 237.6
  387 233.7
  388 238.2
  389 241.1
  390 241.9
  391 247.8
  392 244.9
  393 247.4
  394 247.3
  395 239.6
  396 244.6
  397 243.1
  398 249.7
  399 254.2
  400 251.6
  401 248.4
  402 241.3
  403 239.3
  404 237.6
  405 237.6
  406 237.6
  407 243.1
  408 244.3
  409 238.9
  410 241.1
  411 238.6
  412 236.7
  413 243.2
  414 248.8
  415 252.6
  416 254.4
  417 252.6
  418 252.8
  419 254.0
  420 254.7
  421 249.7
  422 248.0
  423 245.8
  424 246.1
  425 247.2
  426 244.1
  427 247.8
  428 248.4
  429 248.1
  430 248.2
  431 248.6
  432 244.2
  433 240.6
  434 239.6
  435 240.6
  436 245.8
  437 250.2
  438 247.7
  439 246.3
  440 244.2
  441 243.4
  442 240.2
  443 242.5
  444 238.1
  445 234.5
  446 241.6
  447 239.3
  448 236.3
  449 243.9
  450 241.1
  451 240.4
  452 237.8
  453 234.3
  454 235.7
  455 238.3
  456 234.8
  457 235.2
  458 236.8
  459 233.3
  460 232.7
  461 237.0
  462 231.8
  463 236.6
  464 232.9
  465 234.6
  466 234.8
  467 234.0
  468 228.6
  469 228.8
  470 227.2
  471 229.5
  472 233.9
  473 237.0
  474 235.0
  475 239.6
  476 240.0
  477 243.2
  478 240.2
  479 238.1
  480 239.7
  481 238.7
  482 245.2
  483 247.0
  484 248.6
  485 250.4
  486 249.8
  487 248.3
  488 249.3
  489 244.3
  490 241.2
  491 241.1
  492 240.3
  493 241.0
  494 236.3
  495 242.8
  496 240.6
  497 238.9
  498 242.4
  499 240.6
  500 240.1
  501 244.3
  502 244.9
  503 241.4
  504 238.0
  505 237.6
  506 241.1
  507 244.2
  508 244.3
  509 243.1
  510 243.6
  511 241.6
  512 242.7
  513 242.7
  514 244.6
  515 239.2
  516 244.3
  517 239.9
  518 242.1
  519 245.4
  520 248.6
  521 245.5
  522 246.3
  523 246.8
  524 244.2
  525 242.9
  526 247.2
  527 242.3
  528 245.8
  529 243.9
  530 246.4
  531 248.7
  532 253.2
  533 248.9
  534 246.4
  535 245.4
  536 243.4
  537 244.7
  538 242.5
  539 244.9
  540 238.4
  541 238.3
  542 242.8
  543 240.5
  544 244.2
  545 242.3
  546 236.3
  547 238.4
  548 243.3
  549 244.0
  550 240.8
  551 242.4
  552 246.9
  553 243.8
  554 243.7
  555 245.2
  556 239.7
  557 247.4
  558 247.1
  559 248.5
  560 243.2
  561 243.7
  562 245.0
  563 242.5
  564 238.7
  565 242.8
  566 243.9
  567 240.3
  568 242.1
  569 239.7
  570 231.9
  571 228.4
  572 228.5
  573 233.3
  574 231.3
  575 229.1
  576 230.6
  577 228.5
  578 232.8
  579 229.5
  580 233.4
  581 233.4
  582 229.8
  583 239.9
  584 237.4
  585 237.4
  586 241.8
  587 241.1
  588 236.8
  589 233.9
  590 234.7
  591 237.6
  592 235.0
  593 234.2
  594 235.3
  595 234.1
  596 229.9
  597 236.0
  598 241.1
  599 235.1
  600 235.5
  601 230.1
  602 233.6
  603 233.8
  604 231.4
  605 231.7
  606 230.9
  607 230.9
  608 230.9
  609 229.1
  610 227.0
  611 231.5
  612 232.4
  613 231.4
  614 232.1
  615 230.1
  616 237.4
  617 234.3
  618 234.8
  619 235.7
  620 244.9
  621 247.1
  622 242.1
  623 244.2
  624 244.0
  625 235.7
  626 234.0
  627 236.3
  628 234.4
  629 236.4
  630 236.7
  631 235.6
  632 235.4
  633 233.4
  634 235.1
  635 236.3
  636 234.5
  637 232.4
  638 233.9
  639 231.4
  640 234.7
  641 231.2
  642 231.6
  643 235.2
  644 240.9
  645 235.8
  646 240.4
  647 238.1
  648 242.4
  649 239.8
  650 241.6
  651 242.3
  652 240.7
  653 243.1
  654 241.4
  655 241.0
  656 237.3
  657 234.0
  658 234.9
  659 233.9
  660 233.5
  661 236.6
  662 234.5
  663 236.4
  664 234.7
  665 233.6
  666 233.5
  667 232.0
  668 230.6
  669 232.1
  670 231.8
  671 231.2
  672 229.2
  673 231.5
  674 229.3
  675 231.4
  676 231.9
  677 233.7
  678 234.2
  679 230.3
  680 226.9
  681 232.9
  682 230.4
  683 229.4
  684 230.0
  685 234.5
  686 236.1
  687 235.2
  688 235.5
  689 233.1
  690 231.4
  691 229.7
  692 224.7
  693 229.4
  694 232.6
  695 225.3
  696 222.3
  697 218.2
  698 219.8
  699 217.3
  700 218.7
  701 221.1
  702 218.8
  703 212.1
  704 215.9
  705 215.5
  706 215.1
  707 221.5
  708 227.1
  709 228.0
  710 226.2
  711 222.8
  712 229.3
  713 227.8
  714 228.2
  715 227.1
  716 223.3
  717 222.2
  718 221.8
  719 226.2
  720 225.6
  721 227.1
  722 228.7
  723 232.5
  724 232.6
  725 229.9
  726 227.8
  727 227.2
  728 228.9
  729 227.2
  730 229.7
  731 231.7
  732 232.7
  733 235.6
  734 235.4
  735 231.9
  736 226.8
  737 226.5
  738 226.8
  739 226.7
  740 222.4
  741 221.2
  742 220.9
  743 225.7
  744 229.1
  745 229.8
  746 229.1
  747 229.4
  748 219.5
  749 222.1
  750 229.9
  751 224.4
  752 223.7
  753 225.9
  754 219.4
  755 219.7
  756 214.9
  757 210.3
  758 215.2
  759 210.4
  760 216.5
  761 213.8
  762 214.9
  763 211.9
  764 211.7
  765 211.0
  766 218.1
  767 220.4
  768 220.2
  769 215.9
  770 218.3
  771 217.1
  772 218.3
  773 221.9
  774 221.0
  775 225.1
  776 230.5
  777 225.9
  778 222.7
  779 220.5
  780 224.0
  781 221.9
  782 219.7
  783 219.1
  784 223.6
  785 222.5
  786 222.2
  787 220.2
  788 222.1
  789 220.8
  790 221.2
  791 220.3
  792 219.1
  793 223.4
  794 223.0
  795 225.6
  796 226.4
  797 224.8
  798 227.6
  799 222.3
  800 225.1
  801 224.0
  802 222.0
  803 220.4
  804 218.9
  805 217.1
  806 217.7
  807 215.8
  808 219.2
  809 219.2
  810 219.2
  811 221.4
  812 221.5
  813 221.3
  814 216.2
  815 213.5
  816 216.3
  817 220.3
  818 222.6
  819 216.2
  820 218.9
  821 218.1
  822 212.3
  823 210.3
  824 214.2
  825 219.3
  826 220.4
  827 216.8
  828 216.9
  829 217.3
  830 222.2
  831 222.8
  832 222.4
  833 227.5
  834 225.8
  835 226.1
  836 224.7
  837 225.3
  838 222.8
  839 225.7
  840 228.8
  841 224.8
  842 226.8
  843 220.3
  844 218.4
  845 217.6
  846 218.5
  847 220.4
  848 219.5
  849 218.3
  850 220.8
  851 219.9
  852 216.0
  853 222.7
  854 220.0
  855 218.9
  856 212.3
  857 211.1
  858 215.6
  859 216.8
  860 216.4
  861 219.5
  862 219.9
  863 218.7
  864 215.0
  865 218.9
  866 221.8
  867 220.9
  868 216.0
  869 218.9
  870 221.0
  871 215.7
  872 218.7
  873 218.3
  874 216.6
  875 216.8
  876 219.6
  877 217.7
  878 217.9
  879 220.5
  880 223.5
  881 221.6
  882 222.3
  883 223.3
  884 224.1
  885 222.0
  886 216.4
  887 218.8
  888 217.5
  889 215.5
  890 214.6
  891 219.9
  892 214.7
  893 219.4
  894 218.6
  895 218.4
  896 221.3
  897 222.7
  898 218.2
  899 223.2
  900 219.8
  901 208.9
  902 208.4
  903 207.8
  904 200.7
  905 210.3
  906 208.6
  907 207.6
  908 205.9
  909 206.5
  910 205.6
  911 212.9
  912 213.1
  913 211.8
  914 213.4
  915 210.5
  916 209.4
  917 211.7
  918 212.5
  919 211.6
  920 210.9
  921 206.9
  922 207.1
  923 202.0
  924 205.6
  925 208.6
  926 213.1
  927 212.8
  928 213.7
  929 213.8
  930 211.1
  931 212.5
  932 207.9
  933 211.4
  934 204.9
  935 207.8
  936 206.9
  937 211.3
  938 210.5
  939 213.9
  940 206.8
  941 210.1
  942 211.6
  943 213.4
  944 217.0
  945 211.7
  946 210.9
  947 213.6
  948 214.6
  949 215.6
  950 214.8
  951 213.4
  952 215.7
  953 215.6
  954 214.1
  955 213.5
  956 209.6
  957 212.8
  958 209.9
  959 212.8
  960 208.4
  961 205.1
  962 203.4
  963 206.5
  964 211.8
  965 209.9
  966 211.6
  967 209.3
  968 208.0
  969 207.1
  970 203.1
  971 205.1
  972 197.9
  973 196.9
  974 197.3
  975 202.3
  976 202.9
  977 203.7
  978 205.1
  979 206.8
  980 206.2
  981 208.0
  982 214.5
  983 215.7
  984 212.1
  985 209.6
  986 208.6
  987 205.3
  988 209.1
  989 210.6
  990 210.7
  991 207.7
  992 205.1
  993 203.4
  994 208.4
  995 209.7
  996 208.6
  997 209.6
  998 202.8
  999 198.2
 1000 204.9
 1001 209.3
 1002 208.7
 1003 210.5
 1004 211.0
 1005 209.6
 1006 211.6
 1007 212.7
 1008 214.0
 1009 207.6
 1010 213.8
 1011 213.8
 1012 213.7
 1013 211.4
 1014 205.3
 1015 209.4
 1016 208.1
 1017 206.8
 1018 209.3
 1019 206.4
 1020 206.8
 1021 211.7
 1022 212.1
 1023 212.9
 1024 212.9
 1025 211.1
 1026 204.2
 1027 205.8
 1028 205.9
 1029 204.8
 1030 199.5
 1031 201.2
 1032 200.6
 1033 202.8
 1034 203.6
 1035 198.8
 1036 201.6
 1037 198.4
 1038 199.0
 1039 201.0
 1040 202.4
 1041 208.6
 1042 211.2
 1043 209.8
 1044 208.4
 1045 209.6
 1046 206.5
 1047 203.9
 1048 204.7
 1049 206.1
 1050 212.7
 1051 208.2
 1052 208.6
 1053 209.3
 1054 206.8
 1055 207.7
 1056 204.3
 1057 201.3
 1058 203.3
 1059 212.0
 1060 214.6
 1061 213.2
 1062 207.5
 1063 206.0
 1064 209.3
 1065 211.9
 1066 208.1
 1067 212.4
 1068 202.2
 1069 203.3
 1070 200.8
 1071 204.9
 1072 202.2
 1073 200.6
 1074 205.3
 1075 201.7
 1076 210.3
 1077 206.7
 1078 208.4
 1079 207.8
 1080 204.1
 1081 204.0
 1082 207.0
 1083 207.1
 1084 204.8
 1085 203.8
 1086 197.5
 1087 196.5
 1088 195.3
 1089 201.0
 1090 201.1
 1091 197.9
 1092 198.4
 1093 204.2
 1094 203.2
 1095 203.8
 1096 202.1
 1097 202.7
 1098 203.9
 1099 204.5
 1100 200.9
 1101 202.9
 1102 201.3
 1103 201.0
 1104 203.3
 1105 202.8
 1106 203.0
 1107 203.2
 1108 208.3
 1109 211.5
 1110 210.5
 1111 210.2
 1112 207.9
 1113 204.1
 1114 205.8
 1115 203.7
 1116 203.1
 1117 204.4
 1118 205.2
 1119 206.0
 1120 201.8
 1121 203.3
 1122 202.7
 1123 205.0
 1124 202.5
 1125 206.8
 1126 202.4
 1127 206.1
 1128 207.9
 1129 212.0
 1130 209.4
 1131 205.0
 1132 203.3
 1133 203.4
 1134 203.0
 1135 205.0
 1136 205.0
 1137 211.1
 1138 209.4
 1139 205.3
 1140 207.7
 1141 210.5
 1142 215.7
 1143 215.0
 1144 215.8
 1145 209.2
 1146 208.6
 1147 206.2
 1148 210.0
 1149 208.2
 1150 206.6
 1151 210.4
 1152 213.5
 1153 208.3
 1154 208.1
 1155 209.3
 1156 212.2
 1157 211.0
 1158 211.3
 1159 211.2
 1160 211.3
 1161 206.9
 1162 205.7
 1163 208.8
 1164 209.2
 1165 209.1
 1166 211.2
 1167 207.7
 1168 209.2
 1169 211.9
 1170 206.9
 1171 207.7
 1172 209.1
 1173 206.9
 1174 207.5
 1175 197.7
 1176 200.4
 1177 199.2
 1178 199.6
 1179 199.1
 1180 205.1
 1181 205.9
 1182 205.4
 1183 202.9
 1184 206.0
 1185 205.1
 1186 203.6
 1187 200.1
 1188 204.2
 1189 201.6
 1190 200.4
 1191 193.9
 1192 200.6
 1193 200.6
 1194 197.5
 1195 198.0
 1196 200.6
 1197 204.7
 1198 210.6
 1199 210.6
 1200 209.4
 1201 210.8
 1202 207.2
 1203 205.9
 1204 202.7
 1205 209.2
 1206 210.2
 1207 204.8
 1208 209.0
 1209 202.0
 1210 199.2
 1211 197.8
 1212 199.9
 1213 199.9
 1214 199.8
 1215 204.9
 1216 210.3
 1217 207.7
 1218 207.1
 1219 208.6
 1220 207.6
 1221 209.4
 1222 209.7
 1223 208.7
 1224 207.4
 1225 211.3
 1226 211.2
 1227 210.4
 1228 210.3
 1229 211.5
 1230 211.2
 1231 210.2
 1232 213.1
 1233 213.7
 1234 216.0
 1235 207.3
 1236 206.8
 1237 205.8
 1238 204.7
 1239 204.4
 1240 206.9
 1241 202.5
 1242 203.6
 1243 201.5
 1244 196.6
 1245 195.0
 1246 197.9
 1247 200.5
 1248 205.3
 1249 204.7
 1250 204.4
 1251 206.9
 1252 203.0
 1253 198.6
 1254 200.7
 1255 199.9
 1256 199.3
 1257 197.9
 1258 199.8
 1259 201.3
 1260 200.7
 1261 200.6
 1262 201.5
 1263 207.4
 1264 203.2
 1265 204.3
 1266 206.4
 1267 208.8
 1268 210.7
 1269 208.9
 1270 214.9
 1271 209.4
 1272 212.6
 1273 215.5
 1274 216.9
 1275 218.4
 1276 221.0
 1277 218.7
 1278 224.9
 1279 226.0
 1280 227.4
 1281 223.3
 1282 221.0
 1283 217.0
 1284 217.6
 1285 220.2
 1286 219.3
 1287 217.8
 1288 221.2
 1289 221.2
 1290 220.9
 1291 221.7
 1292 220.0
 1293 220.4
 1294 218.0
 1295 223.6
 1296 226.9
 1297 226.3
 1298 228.2
 1299 226.1
 1300 223.4
 1301 221.0
 1302 222.3
 1303 222.8
 1304 219.0
 1305 224.1
 1306 224.0
 1307 220.8
 1308 216.6
 1309 215.2
 1310 215.1
 1311 214.2
 1312 212.1
 1313 214.2
 1314 221.1
 1315 222.5
 1316 222.8
 1317 224.3
 1318 224.3
 1319 222.2
 1320 220.8
 1321 224.5
 1322 226.5
 1323 219.1
 1324 216.0
 1325 220.7
 1326 227.9
 1327 231.5
 1328 227.2
 1329 221.6
 1330 224.2
 1331 218.5
 1332 220.1
 1333 223.6
 1334 215.7
 1335 217.3
 1336 217.5
 1337 220.0
 1338 216.9
 1339 215.7
 1340 221.2
 1341 223.6
 1342 226.1
 1343 225.7
 1344 229.4
 1345 231.0
 1346 225.1
 1347 227.3
 1348 228.2
 1349 225.7
 1350 230.3
 1351 228.1
 1352 227.1
 1353 227.8
 1354 226.8
 1355 233.4
 1356 231.1
 1357 231.9
 1358 228.4
 1359 226.4
 1360 221.5
 1361 226.6
 1362 221.0
 1363 221.0
 1364 219.2
 1365 219.2
 1366 214.8
 1367 221.7
 1368 221.4
 1369 220.8
 1370 222.8
 1371 223.4
 1372 217.9
 1373 215.4
 1374 218.5
 1375 213.3
 1376 216.9
 1377 214.0
 1378 216.6
 1379 214.8
 1380 215.9
 1381 217.4
 1382 217.5
 1383 219.2
 1384 222.2
 1385 217.2
 1386 216.9
 1387 219.8
 1388 220.4
 1389 220.1
 1390 222.8
 1391 223.3
 1392 226.0
 1393 231.0
 1394 222.6
 1395 226.5
 1396 227.5
 1397 227.3
 1398 223.4
 1399 221.3
 1400 223.6
 1401 221.8
 1402 220.9
 1403 218.6
 1404 221.3
 1405 221.9
 1406 219.2
 1407 223.6
 1408 218.6
 1409 220.4
 1410 216.8
 1411 212.9
 1412 211.2
 1413 209.4
 1414 214.9
 1415 214.9
 1416 214.9
 1417 218.0
 1418 216.4
 1419 215.0
 1420 216.4
 1421 220.1
 1422 218.8
 1423 213.7
 1424 211.8
 1425 213.3
 1426 220.0
 1427 222.1
 1428 221.2
 1429 221.1
 1430 218.7
 1431 219.4
 1432 217.7
 1433 216.9
 1434 218.0
 1435 217.1
 1436 220.5
 1437 218.9
 1438 215.3
 1439 213.3
 1440 210.9
 1441 212.6
 1442 215.4
 1443 208.1
 1444 211.0
 1445 213.9
 1446 212.7
 1447 213.5
 1448 217.3
 1449 223.4
 1450 228.6
 1451 228.1
 1452 224.8
 1453 222.9
 1454 220.7
 1455 218.9
 1456 219.2
 1457 216.8
 1458 215.5
 1459 216.2
 1460 215.8
 1461 218.3
 1462 220.1
 1463 221.3
 1464 220.4
 1465 223.0
 1466 220.8
 1467 218.2
 1468 219.8
 1469 221.5
 1470 219.9
 1471 218.0
 1472 218.3
 1473 225.1
 1474 225.7
 1475 225.6
 1476 224.3
 1477 225.5
 1478 222.9
 1479 219.8
 1480 220.9
 1481 218.2
 1482 218.5
 1483 217.9
 1484 218.0
 1485 214.8
 1486 218.9
 1487 222.0
 1488 222.8
 1489 220.0
 1490 226.8
 1491 224.6
 1492 221.6
 1493 223.1
 1494 221.4
 1495 217.8
 1496 222.4
 1497 223.7
 1498 223.3
 1499 225.2
 1500 227.2
 1501 231.8
 1502 228.5
 1503 229.0
 1504 227.6
 1505 226.6
 1506 229.3
 1507 227.4
 1508 219.7
 1509 218.0
 1510 215.7
 1511 222.3
 1512 225.8
 1513 220.3
 1514 221.1
 1515 217.5
 1516 216.2
 1517 222.7
 1518 221.4
 1519 221.2
 1520 222.7
 1521 221.5
 1522 222.5
 1523 224.5
 1524 224.6
 1525 225.1
 1526 229.0
 1527 226.7
 1528 226.1
 1529 225.2
 1530 230.4
 1531 228.0
 1532 227.9
 1533 229.4
 1534 227.5
 1535 229.5
 1536 229.1
 1537 230.1
 1538 226.6
 1539 230.8
 1540 229.5
 1541 224.8
 1542 219.6
 1543 222.4
 1544 222.2
 1545 222.1
 1546 222.1
 1547 218.8
 1548 216.7
 1549 219.9
 1550 217.8
 1551 223.1
 1552 227.8
 1553 224.3
 1554 224.4
 1555 222.6
 1556 225.5
 1557 225.7
 1558 225.2
 1559 224.9
 1560 220.5
 1561 223.0
 1562 223.0
 1563 222.4
 1564 225.8
 1565 222.6
 1566 222.2
 1567 223.0
 1568 222.4
 1569 228.1
 1570 230.3
 1571 228.8
 1572 231.4
 1573 228.8
 1574 231.3
 1575 232.7
 1576 231.5
 1577 229.2
 1578 228.1
 1579 232.6
 1580 230.4
 1581 223.2
 1582 223.6
 1583 226.3
 1584 229.9
 1585 231.9
 1586 230.1
 1587 228.7
 1588 227.6
 1589 228.5
 1590 222.7
 1591 225.2
 1592 219.8
 1593 215.4
 1594 213.8
 1595 217.1
 1596 217.4
 1597 219.2
 1598 217.8
 1599 211.6
 1600 213.1
 1601 212.9
 1602 215.4
 1603 216.6
 1604 216.0
 1605 213.1
 1606 214.6
 1607 216.0
 1608 210.5
 1609 211.7
 1610 210.3
 1611 214.0
 1612 210.6
 1613 208.8
 1614 211.8
 1615 212.1
 1616 213.3
 1617 213.3
 1618 213.3
 1619 212.3
 1620 217.4
 1621 221.7
 1622 220.7
 1623 221.8
 1624 222.9
 1625 221.5
 1626 222.0
 1627 218.9
 1628 217.6
 1629 220.3
 1630 220.1
 1631 211.7
 1632 207.4
 1633 212.2
 1634 210.5
 1635 211.5
 1636 214.3
 1637 214.6
 1638 213.0
 1639 215.1
 1640 215.4
 1641 212.8
 1642 213.2
 1643 212.9
 1644 212.1
 1645 209.4
 1646 206.1
 1647 207.6
 1648 206.6
 1649 207.1
 1650 202.9
 1651 206.7
 1652 210.3
 1653 207.2
 1654 208.7
 1655 205.3
 1656 202.2
 1657 203.0
 1658 208.7
 1659 208.1
 1660 208.9
 1661 207.7
 1662 208.2
 1663 204.9
 1664 205.1
 1665 209.0
 1666 207.0
 1667 207.3
 1668 205.7
 1669 206.9
 1670 202.8
 1671 202.2
 1672 203.0
 1673 202.1
 1674 200.9
 1675 201.8
 1676 203.5
 1677 202.6
 1678 204.1
 1679 204.6
 1680 205.6
 1681 202.5
 1682 204.8
 1683 209.6
 1684 207.5
 1685 205.9
 1686 206.1
 1687 211.9
 1688 209.2
 1689 209.2
 1690 211.9
 1691 209.6
 1692 209.3
 1693 209.3
 1694 209.2
 1695 210.4
 1696 204.9
 1697 207.7
 1698 210.3
 1699 208.3
 1700 211.7
 1701 207.7
 1702 211.3
 1703 210.7
 1704 211.6
 1705 212.3
 1706 212.3
 1707 213.1
 1708 210.0
 1709 209.1
 1710 210.2
 1711 212.1
 1712 215.0
 1713 216.2
 1714 217.9
 1715 217.5
 1716 216.3
 1717 216.5
 1718 217.5
 1719 214.4
 1720 214.7
 1721 216.5
 1722 216.1
 1723 216.3
 1724 214.1
 1725 213.2
 1726 212.8
 1727 210.9
 1728 210.3
 1729 209.5
 1730 213.0
 1731 217.6
 1732 212.9
 1733 218.4
 1734 218.6
 1735 215.9
 1736 214.5
 1737 214.8
 1738 214.8
 1739 215.5
 1740 208.6
 1741 210.2
 1742 212.5
 1743 208.3
 1744 207.3
 1745 205.6
 1746 203.1
 1747 208.3
 1748 213.2
 1749 209.0
 1750 209.2
 1751 208.2
 1752 203.2
 1753 204.7
 1754 205.1
 1755 202.3
 1756 205.0
 1757 203.3
 1758 200.4
 1759 198.8
 1760 194.9
 1761 195.2
 1762 197.3
 1763 199.5
 1764 198.4
 1765 203.0
 1766 204.9
 1767 205.6
 1768 202.8
 1769 201.5
 1770 202.2
 1771 200.7
 1772 206.4
 1773 207.5
 1774 209.4
 1775 209.7
 1776 207.2
 1777 212.0
 1778 208.1
 1779 210.4
 1780 206.9
 1781 213.2
 1782 214.3
 1783 210.7
 1784 206.9
 1785 210.3
 1786 210.3
 1787 212.6
 1788 214.2
 1789 213.4
 1790 214.9
 1791 208.7
 1792 210.6
 1793 208.3
 1794 210.3
 1795 211.0
 1796 210.0
 1797 208.6
 1798 209.3
 1799 208.6
 1800 208.7
 1801 215.6
 1802 213.1
 1803 212.1
 1804 205.1
 1805 203.8
 1806 199.4
 1807 201.0
 1808 195.0
 1809 196.5
 1810 203.1
 1811 202.2
 1812 203.4
 1813 202.0
 1814 204.3
 1815 198.5
 1816 200.3
 1817 199.1
 1818 205.1
 1819 205.1
 1820 205.1
 1821 200.3
 1822 202.6
 1823 205.3
 1824 205.9
 1825 209.7
 1826 210.1
 1827 204.5
 1828 211.1
 1829 215.1
 1830 218.8
 1831 221.0
 1832 215.8
 1833 217.4
 1834 219.2
 1835 217.6
 1836 214.5
 1837 219.8
 1838 222.7
 1839 219.0
 1840 215.8
 1841 211.8
 1842 211.9
 1843 211.3
 1844 208.5
 1845 206.5
 1846 211.7
 1847 209.0
 1848 207.7
 1849 211.5
 1850 209.0
 1851 207.1
 1852 204.8
 1853 206.3
 1854 213.1
 1855 208.6
 1856 209.9
 1857 211.9
 1858 211.5
 1859 214.2
 1860 213.7
 1861 210.6
 1862 208.3
 1863 209.3
 1864 209.1
 1865 201.6
 1866 204.7
 1867 207.0
 1868 207.4
 1869 210.0
 1870 211.5
 1871 215.6
 1872 211.0
 1873 210.7
 1874 207.4
 1875 203.7
 1876 200.2
 1877 197.0
 1878 195.8
 1879 194.0
 1880 196.7
 1881 198.8
 1882 201.8
 1883 206.8
 1884 204.4
 1885 196.3
 1886 203.6
 1887 194.7
 1888 195.1
 1889 199.6
 1890 205.0
 1891 207.6
 1892 206.9
 1893 211.3
 1894 214.1
 1895 213.4
 1896 214.2
 1897 213.9
 1898 211.0
 1899 208.5
 1900 207.4
 1901 209.1
 1902 203.4
 1903 205.9
 1904 205.0
 1905 203.2
 1906 204.2
 1907 205.4
 1908 203.1
 1909 205.7
 1910 208.6
 1911 204.5
 1912 203.9
 1913 204.9
 1914 205.1
 1915 200.8
 1916 199.9
 1917 197.3
 1918 200.5
 1919 203.0
 1920 206.6
 1921 206.4
 1922 202.3
 1923 195.5
 1924 190.2
 1925 195.4
 1926 195.6
 1927 197.6
 1928 196.9
 1929 201.0
 1930 200.8
 1931 200.5
 1932 201.4
 1933 201.5
 1934 198.2
 1935 202.3
 1936 202.0
 1937 203.9
 1938 203.7
 1939 202.0
 1940 202.2
 1941 205.8
 1942 207.9
 1943 210.3
 1944 206.4
 1945 205.7
 1946 205.5
 1947 200.3
 1948 199.0
 1949 198.6
 1950 198.3
 1951 192.3
 1952 190.2
 1953 189.4
 1954 192.0
 1955 194.1
 1956 196.4
 1957 193.5
 1958 198.6
 1959 194.1
 1960 192.1
 1961 199.4
 1962 201.1
 1963 200.5
 1964 200.4
 1965 203.9
 1966 201.0
 1967 201.4
 1968 199.3
 1969 206.7
 1970 205.2
 1971 207.2
 1972 204.0
 1973 203.4
 1974 203.9
 1975 205.2
 1976 204.6
 1977 205.8
 1978 202.7
 1979 204.5
 1980 207.6
 1981 202.9
 1982 208.0
 1983 205.8
 1984 204.7
 1985 201.5
 1986 205.3
 1987 208.0
 1988 206.4
 1989 203.2
 1990 198.5
 1991 200.5
 1992 202.3
 1993 204.8
 1994 204.4
 1995 205.3
 1996 206.7
 1997 204.7
 1998 204.4
 1999 206.2
 2000 204.5
 2001 210.8
 2002 214.6
 2003 211.2
 2004 215.5
 2005 213.4
 2006 211.9
 2007 211.9
 2008 206.7
 2009 208.8
 2010 212.8
 2011 208.6
 2012 207.3
 2013 206.1
 2014 212.9
 2015 208.9
 2016 212.2
 2017 211.9
 2018 212.2
 2019 210.5
 2020 210.0
 2021 210.0
 2022 209.9
 2023 210.4
 2024 210.9
 2025 209.0
 2026 215.3
 2027 220.2
 2028 218.3
 2029 215.4
 2030 216.8
 2031 220.3
 2032 218.5
 2033 223.0
 2034 222.3
 2035 220.6
 2036 224.9
 2037 232.4
 2038 232.3
 2039 232.0
 2040 229.5
 2041 228.5
 2042 224.2
 2043 225.2
 2044 224.5
 2045 221.1
 2046 223.1
 2047 219.9
 2048 219.8
 2049 221.9
 2050 223.1
 2051 228.6
 2052 226.5
 2053 227.4
 2054 223.6
 2055 227.6
 2056 226.9
 2057 227.0
 2058 225.2
 2059 233.6
 2060 232.6
 2061 228.5
 2062 228.6
 2063 229.0
 2064 228.9
 2065 231.8
 2066 238.1
 2067 238.7
 2068 238.6
 2069 235.3
 2070 232.8
 2071 231.9
 2072 226.7
 2073 229.1
 2074 231.6
 2075 228.8
 2076 229.5
 2077 228.5
 2078 229.1
 2079 223.3
 2080 221.0
 2081 223.6
 2082 227.1
 2083 228.0
 2084 228.5
 2085 225.4
 2086 222.1
 2087 223.6
 2088 225.0
 2089 226.8
 2090 228.2
 2091 229.3
 2092 221.3
 2093 224.2
 2094 220.9
 2095 224.1
 2096 226.6
 2097 228.7
 2098 224.9
 2099 218.9
 2100 213.7
 2101 220.4
 2102 218.4
 2103 221.0
 2104 222.7
 2105 218.5
 2106 219.7
 2107 222.1
 2108 218.4
 2109 220.7
 2110 222.6
 2111 221.9
 2112 224.9
 2113 221.7
 2114 222.0
 2115 216.0
 2116 219.7
 2117 218.4
 2118 218.7
 2119 213.5
 2120 216.6
 2121 215.5
 2122 216.4
 2123 214.5
 2124 217.1
 2125 222.0
 2126 218.9
 2127 218.2
 2128 223.1
 2129 219.7
 2130 215.2
 2131 219.6
 2132 216.0
 2133 212.6
 2134 209.2
 2135 209.7
 2136 202.8
 2137 205.3
 2138 206.0
 2139 205.5
 2140 204.7
 2141 200.3
 2142 198.2
 2143 196.2
 2144 202.4
 2145 198.7
 2146 198.0
 2147 197.8
 2148 200.8
 2149 203.6
 2150 200.3
 2151 203.8
 2152 201.9
 2153 206.1
 2154 203.0
 2155 203.8
 2156 203.2
 2157 201.8
 2158 206.8
 2159 197.3
 2160 198.1
 2161 201.6
 2162 203.3
 2163 207.6
 2164 210.4
 2165 214.2
 2166 214.3
 2167 219.4
 2168 218.8
 2169 220.7
 2170 217.3
 2171 213.1
 2172 216.4
 2173 208.6
 2174 209.8
 2175 210.5
 2176 209.9
 2177 214.1
 2178 214.2
 2179 217.5
 2180 218.0
 2181 217.8
 2182 216.3
 2183 215.4
 2184 216.4
 2185 218.8
 2186 223.2
 2187 220.1
 2188 226.9
 2189 218.8
 2190 219.1
 2191 216.4
 2192 222.5
 2193 221.2
 2194 215.3
 2195 221.3
 2196 218.9
 2197 216.4
 2198 218.7
 2199 221.9
 2200 218.6
 2201 220.9
 2202 219.0
 2203 216.6
 2204 213.5
 2205 215.6
 2206 215.6
 2207 218.8
 2208 216.3
 2209 217.2
 2210 212.3
 2211 213.9
 2212 211.2
 2213 214.4
 2214 219.9
 2215 226.3
 2216 225.3
 2217 223.9
 2218 222.7
 2219 217.1
 2220 227.6
 2221 225.4
 2222 224.9
 2223 224.9
 2224 225.0
 2225 228.3
 2226 226.9
 2227 225.2
 2228 224.7
 2229 226.9
 2230 227.6
 2231 223.3
 2232 223.6
 2233 222.1
 2234 225.5
 2235 221.3
 2236 215.7
 2237 212.3
 2238 214.7
 2239 222.1
 2240 219.4
 2241 220.8
 2242 216.2
 2243 218.9
 2244 217.6
 2245 219.4
 2246 218.7
 2247 215.3
 2248 218.1
 2249 214.9
 2250 212.5
 2251 216.4
 2252 219.6
 2253 223.7
 2254 221.2
 2255 221.8
 2256 220.8
 2257 226.5
 2258 225.2
 2259 227.0
 2260 229.5
 2261 235.7
 2262 227.1
 2263 224.4
 2264 225.9
 2265 226.4
 2266 228.4
 2267 226.5
 2268 223.4
 2269 224.3
 2270 227.4
 2271 226.4
 2272 227.8
 2273 223.2
 2274 228.4
 2275 230.1
 2276 224.5
 2277 218.3
 2278 212.9
 2279 216.4
 2280 223.3
 2281 227.4
 2282 225.5
 2283 229.3
 2284 230.0
 2285 227.5
 2286 226.6
 2287 228.4
 2288 229.3
 2289 225.4
 2290 223.2
 2291 222.3
 2292 219.8
 2293 220.6
 2294 223.3
 2295 220.8
 2296 221.3
 2297 228.0
 2298 226.7
 2299 225.0
 2300 224.2
 2301 227.5
 2302 226.4
 2303 224.9
 2304 227.5
 2305 229.0
 2306 226.2
 2307 224.0
 2308 227.5
 2309 225.7
 2310 225.9
 2311 223.8
 2312 225.6
 2313 227.6
 2314 232.0
 2315 228.8
 2316 228.8
 2317 229.8
 2318 227.6
 2319 223.2
 2320 226.9
 2321 230.8
 2322 230.8
 2323 230.4
 2324 229.2
 2325 227.6
 2326 233.5
 2327 231.0
 2328 226.1
 2329 225.0
 2330 222.2
 2331 225.9
 2332 230.9
 2333 236.4
 2334 236.8
 2335 236.9
 2336 235.9
 2337 239.4
 2338 232.5
 2339 228.3
 2340 229.9
 2341 230.5
 2342 230.7
 2343 230.2
 2344 232.2
 2345 223.5
 2346 228.4
 2347 232.0
 2348 230.6
 2349 232.7
 2350 230.9
 2351 228.7
 2352 224.4
 2353 228.6
 2354 230.0
 2355 227.3
 2356 228.1
 2357 224.8
 2358 219.5
 2359 221.7
 2360 218.5
 2361 222.6
 2362 221.7
 2363 222.5
 2364 222.6
 2365 220.4
 2366 224.4
 2367 224.9
 2368 222.2
 2369 218.7
 2370 220.3
 2371 224.1
 2372 226.9
 2373 215.8
 2374 223.9
 2375 222.1
 2376 221.4
 2377 222.5
 2378 229.7
 2379 228.4
 2380 226.7
 2381 225.6
 2382 223.1
 2383 220.6
 2384 221.3
 2385 219.0
 2386 218.5
 2387 218.1
 2388 212.8
 2389 216.2
 2390 218.1
 2391 220.8
 2392 217.2
 2393 220.8
 2394 220.3
 2395 227.3
 2396 218.7
 2397 217.1
 2398 219.3
 2399 216.6
 2400 215.0
 2401 212.0
 2402 211.3
 2403 209.6
 2404 209.7
 2405 212.2
 2406 208.9
 2407 207.5
 2408 205.6
 2409 199.2
 2410 205.5
 2411 202.7
 2412 204.9
 2413 203.6
 2414 207.7
 2415 209.9
 2416 204.9
 2417 207.1
 2418 204.5
 2419 202.6
 2420 203.7
 2421 207.4
 2422 209.0
 2423 207.7
 2424 200.3
 2425 200.3
 2426 200.4
 2427 201.5
 2428 203.4
 2429 214.4
 2430 213.3
 2431 207.9
 2432 210.8
 2433 210.9
 2434 215.4
 2435 209.8
 2436 211.9
 2437 207.7
 2438 215.2
 2439 213.2
 2440 214.6
 2441 216.9
 2442 217.7
 2443 220.0
 2444 216.3
 2445 219.2
 2446 221.1
 2447 222.1
 2448 222.8
 2449 221.1
 2450 214.4
 2451 218.6
 2452 217.7
 2453 215.4
 2454 220.5
 2455 220.3
 2456 223.8
 2457 223.4
 2458 222.8
 2459 223.9
 2460 227.6
 2461 230.8
 2462 233.1
 2463 231.1
 2464 230.1
 2465 224.6
 2466 223.9
 2467 228.2
 2468 227.6
 2469 229.4
 2470 222.5
 2471 222.6
 2472 220.6
 2473 216.4
 2474 214.7
 2475 218.3
 2476 217.3
 2477 213.1
 2478 210.4
 2479 213.4
 2480 212.0
 2481 215.8
 2482 206.7
 2483 208.8
 2484 210.6
 2485 212.6
 2486 211.6
 2487 215.8
 2488 214.7
 2489 214.3
 2490 212.9
 2491 215.5
 2492 210.2
 2493 213.2
 2494 211.4
 2495 209.1
 2496 218.2
 2497 218.5
 2498 219.3
 2499 220.1
 2500 221.4
 2501 220.0
 2502 222.3
 2503 224.1
 2504 223.6
 2505 223.9
 2506 219.1
 2507 219.0
 2508 210.2
 2509 216.4
 2510 220.1
 2511 220.3
 2512 222.0
 2513 222.8
 2514 222.8
 2515 222.4
 2516 221.7
 2517 220.9
 2518 221.2
 2519 219.7
 2520 219.3
 2521 222.2
 2522 225.0
 2523 222.8
 2524 223.6
 2525 227.5
 2526 219.1
 2527 221.5
 2528 225.9
 2529 226.2
 2530 218.5
 2531 215.6
 2532 213.2
 2533 214.3
 2534 211.1
 2535 214.9
 2536 212.5
 2537 213.5
 2538 214.7
 2539 215.4
 2540 216.4
 2541 212.5
 2542 214.2
 2543 218.4
 2544 216.5
 2545 213.1
 2546 213.5
 2547 214.3
 2548 207.9
 2549 208.1
 2550 204.4
 2551 198.5
 2552 200.6
 2553 204.7
 2554 204.6
 2555 208.4
 2556 211.3
 2557 212.7
 2558 210.1
 2559 206.1
 2560 201.7
 2561 200.7
 2562 208.6
 2563 208.9
 2564 209.9
 2565 214.1
 2566 218.5
 2567 217.0
 2568 219.2
 2569 212.6
 2570 219.1
 2571 220.2
 2572 221.5
 2573 221.9
 2574 220.8
 2575 221.1
 2576 220.1
 2577 225.1
 2578 224.8
 2579 223.7
 2580 221.6
 2581 216.1
 2582 212.4
 2583 213.3
 2584 213.1
 2585 209.2
 2586 211.3
 2587 211.9
 2588 208.8
 2589 209.8
 2590 212.5
 2591 213.9
 2592 215.8
 2593 217.0
 2594 212.6
 2595 217.4
 2596 214.9
 2597 218.0
 2598 215.6
 2599 216.1
 2600 218.1
 2601 217.7
 2602 215.5
 2603 214.0
 2604 211.7
 2605 212.6
 2606 213.9
 2607 214.9
 2608 214.5
 2609 217.3
 2610 217.3
 2611 216.4
 2612 216.7
 2613 216.9
 2614 215.3
 2615 215.2
 2616 214.8
 2617 214.5
 2618 213.4
 2619 214.0
 2620 219.1
 2621 219.1
 2622 215.5
 2623 214.2
 2624 207.4
 2625 205.3
 2626 205.1
 2627 205.1
 2628 205.1
 2629 207.9
 2630 201.5
 2631 200.1
 2632 202.2
 2633 200.1
 2634 203.1
 2635 206.4
 2636 204.3
 2637 195.2
 2638 203.0
 2639 209.2
 2640 208.1
 2641 209.0
 2642 211.0
 2643 218.5
 2644 220.1
 2645 216.8
 2646 217.5
 2647 218.6
 2648 209.9
 2649 202.6
 2650 207.2
 2651 208.9
 2652 206.4
 2653 208.8
 2654 209.0
 2655 204.4
 2656 202.8
 2657 200.7
 2658 200.4
 2659 198.5
 2660 196.8
 2661 195.5
 2662 196.9
 2663 199.2
 2664 199.9
 2665 196.3
 2666 200.3
 2667 192.8
 2668 198.2
 2669 197.0
 2670 197.5
 2671 198.1
 2672 203.3
 2673 199.3
 2674 193.3
 2675 194.0
 2676 194.2
 2677 191.0
 2678 194.8
 2679 196.8
 2680 198.0
 2681 195.7
 2682 196.2
 2683 197.0
 2684 197.2
 2685 191.7
 2686 189.8
 2687 188.7
 2688 191.4
 2689 191.7
 2690 187.6
 2691 193.3
 2692 194.4
 2693 196.7
 2694 195.3
 2695 197.1
 2696 196.2
 2697 194.3
 2698 195.7
 2699 197.0
 2700 204.3
 2701 201.7
 2702 203.3
 2703 205.9
 2704 209.1
 2705 207.5
 2706 203.3
 2707 203.7
 2708 197.9
 2709 196.5
 2710 200.3
 2711 199.5
 2712 206.7
 2713 207.0
 2714 198.9
 2715 198.2
 2716 196.6
 2717 191.6
 2718 191.7
 2719 197.0
 2720 196.0
 2721 193.1
 2722 199.2
 2723 196.6
 2724 191.9
 2725 194.3
 2726 192.8
 2727 194.1
 2728 196.8
 2729 194.5
 2730 198.2
 2731 200.3
 2732 196.6
 2733 194.1
 2734 201.0
 2735 203.9
 2736 201.5
 2737 198.6
 2738 201.8
 2739 201.3
 2740 194.4
 2741 195.0
 2742 197.9
 2743 202.4
 2744 202.6
 2745 202.2
 2746 207.9
 2747 205.8
 2748 200.7
 2749 205.9
 2750 209.3
 2751 209.0
 2752 207.7
 2753 214.2
 2754 211.3
 2755 209.5
 2756 207.3
 2757 212.9
 2758 212.9
 2759 210.6
 2760 212.0
 2761 208.4
 2762 211.2
 2763 209.3
 2764 199.3
 2765 197.5
 2766 201.3
 2767 199.8
 2768 204.7
 2769 206.6
 2770 208.5
 2771 213.4
 2772 209.8
 2773 212.8
 2774 217.5
 2775 214.4
 2776 210.9
 2777 209.5
 2778 213.6
 2779 211.0
 2780 208.7
 2781 208.1
 2782 213.2
 2783 210.1
 2784 213.3
 2785 212.2
 2786 212.8
 2787 206.2
 2788 209.5
 2789 212.6
 2790 207.1
 2791 207.8
 2792 203.0
 2793 201.0
 2794 199.4
 2795 203.1
 2796 210.1
 2797 206.9
 2798 199.0
 2799 196.9
 2800 199.0
 2801 200.4
 2802 195.4
 2803 189.5
 2804 189.9
 2805 192.0
 2806 196.4
 2807 204.0
 2808 199.1
 2809 200.7
 2810 203.4
 2811 206.0
 2812 202.3
 2813 197.9
 2814 197.7
 2815 195.7
 2816 195.4
 2817 191.9
 2818 192.6
 2819 186.9
 2820 186.7
 2821 188.3
 2822 188.0
 2823 187.8
 2824 186.6
 2825 190.5
 2826 191.4
 2827 190.6
 2828 195.3
 2829 195.3
 2830 195.3
 2831 197.3
 2832 200.2
 2833 200.5
 2834 199.0
 2835 200.0
 2836 198.1
 2837 198.4
 2838 197.6
 2839 197.2
 2840 199.1
 2841 204.6
 2842 207.4
 2843 204.9
 2844 207.5
 2845 210.3
 2846 201.8
 2847 201.7
 2848 203.7
 2849 199.6
 2850 198.4
 2851 199.7
 2852 201.6
 2853 204.9
 2854 206.9
 2855 200.7
 2856 202.4
 2857 209.0
 2858 206.7
 2859 204.0
 2860 199.4
 2861 205.5
 2862 205.7
 2863 205.4
 2864 207.2
 2865 206.6
 2866 201.5
 2867 198.9
 2868 205.1
 2869 208.6
 2870 205.3
 2871 202.7
 2872 199.5
 2873 197.9
 2874 199.8
 2875 196.2
 2876 196.7
 2877 193.1
 2878 193.7
 2879 191.4
 2880 193.2
 2881 191.2
 2882 192.2
 2883 192.4
 2884 194.6
 2885 191.2
 2886 191.8
 2887 192.9
 2888 196.4
 2889 196.8
 2890 196.2
 2891 196.7
 2892 199.6
 2893 198.4
 2894 196.2
 2895 194.6
 2896 194.5
 2897 191.6
 2898 193.1
 2899 189.2
 2900 183.4
 2901 187.0
 2902 184.4
 2903 187.8
 2904 186.3
 2905 196.7
 2906 198.9
 2907 196.1
 2908 190.8
 2909 187.4
 2910 185.1
 2911 179.4
 2912 185.1
 2913 186.0
 2914 184.8
 2915 185.7
 2916 185.6
 2917 184.0
 2918 183.5
 2919 187.6
 2920 186.0
 2921 180.7
 2922 179.3
 2923 181.5
 2924 179.0
 2925 179.8
 2926 179.9
 2927 184.2
 2928 186.1
 2929 183.1
 2930 179.6
 2931 183.6
 2932 181.8
 2933 182.2
 2934 184.4
 2935 190.0
 2936 183.1
 2937 186.9
 2938 186.7
 2939 189.4
 2940 192.8
 2941 188.8
 2942 189.4
 2943 195.8
 2944 195.1
 2945 197.7
 2946 199.2
 2947 195.0
 2948 189.0
 2949 182.0
 2950 184.1
 2951 189.6
 2952 190.7
 2953 182.6
 2954 180.4
 2955 183.1
 2956 187.9
 2957 189.3
 2958 191.8
 2959 197.1
 2960 197.6
 2961 201.3
 2962 198.6
 2963 203.9
 2964 194.9
 2965 191.2
 2966 190.2
 2967 186.6
 2968 187.1
 2969 191.4
 2970 187.4
 2971 190.6
 2972 195.3
 2973 199.3
 2974 197.0
 2975 199.7
 2976 199.0
 2977 197.6
 2978 195.6
 2979 196.4
 2980 197.5
 2981 195.7
 2982 191.8
 2983 197.9
 2984 199.7
 2985 198.0
 2986 204.0
 2987 201.1
 2988 201.6
 2989 202.7
 2990 207.5
 2991 207.7
 2992 202.9
 2993 198.5
 2994 196.8
 2995 201.6
 2996 200.3
 2997 191.1
 2998 189.1
 2999 189.1
 3000 187.7
 3001 190.3
 3002 194.4
 3003 192.4
 3004 197.3
 3005 199.0
 3006 196.1
 3007 202.3
 3008 205.8
 3009 203.5
 3010 204.7
 3011 204.7
 3012 198.5
 3013 195.7
 3014 194.3
 3015 194.6
 3016 192.9
 3017 192.4
 3018 189.9
 3019 191.4
 3020 188.3
 3021 191.6
 3022 189.1
 3023 192.1
 3024 197.0
 3025 200.0
 3026 201.0
 3027 203.6
 3028 204.2
 3029 203.9
 3030 203.4
 3031 203.4
 3032 203.4
 3033 206.6
 3034 202.2
 3035 198.7
 3036 207.5
 3037 206.9
 3038 208.6
 3039 211.7
 3040 213.8
 3041 209.7
 3042 213.0
 3043 210.1
 3044 207.4
 3045 213.1
 3046 215.1
 3047 212.2
 3048 213.3
 3049 212.5
 3050 208.9
 3051 206.9
 3052 205.6
 3053 211.0
 3054 208.9
 3055 205.5
 3056 202.6
 3057 203.6
 3058 204.8
 3059 202.4
 3060 200.4
 3061 199.2
 3062 198.8
 3063 201.1
 3064 200.5
 3065 204.3
 3066 205.8
 3067 203.8
 3068 204.3
 3069 202.0
 3070 203.0
 3071 203.5
 3072 206.2
 3073 205.5
 3074 204.6
 3075 198.1
 3076 201.9
 3077 203.3
 3078 207.9
 3079 206.5
 3080 204.1
 3081 202.7
 3082 202.1
 3083 198.5
 3084 198.9
 3085 204.2
 3086 205.3
 3087 203.4
 3088 198.0
 3089 202.8
 3090 199.7
 3091 205.2
 3092 205.7
 3093 203.5
 3094 197.5
 3095 200.5
 3096 193.7
 3097 190.6
 3098 193.5
 3099 189.5
 3100 195.5
 3101 194.6
 3102 189.2
 3103 190.4
 3104 194.3
 3105 193.7
 3106 191.7
 3107 191.4
 3108 191.4
 3109 184.4
 3110 186.1
 3111 183.6
 3112 187.3
 3113 185.3
 3114 186.2
 3115 180.0
 3116 181.3
 3117 185.2
 3118 186.7
 3119 189.7
 3120 188.1
 3121 191.0
 3122 198.3
 3123 195.8
 3124 196.5
 3125 193.7
 3126 196.7
 3127 197.9
 3128 193.7
 3129 201.2
 3130 201.9
 3131 201.1
 3132 202.1
 3133 200.9
 3134 199.1
 3135 202.1
 3136 206.8
 3137 203.8
 3138 202.3
 3139 203.9
 3140 208.3
 3141 204.0
 3142 203.9
 3143 207.0
 3144 201.2
 3145 204.2
 3146 206.7
 3147 211.2
 3148 212.7
 3149 209.5
 3150 209.5
 3151 207.4
 3152 202.1
 3153 199.2
 3154 202.3
 3155 202.6
 3156 207.8
 3157 211.5
 3158 209.1
 3159 210.3
 3160 205.3
 3161 203.6
 3162 206.3
 3163 208.0
 3164 208.7
 3165 205.6
 3166 200.4
 3167 201.4
 3168 204.5
 3169 203.3
 3170 195.9
 3171 199.1
 3172 201.8
 3173 198.4
 3174 194.6
 3175 200.8
 3176 201.4
 3177 204.0
 3178 202.0
 3179 198.7
 3180 201.0
 3181 196.8
 3182 195.9
 3183 190.3
 3184 190.7
 3185 190.0
 3186 193.3
 3187 194.8
 3188 196.6
 3189 192.7
 3190 191.5
 3191 194.1
 3192 193.7
 3193 190.8
 3194 188.6
 3195 188.3
 3196 184.4
 3197 188.9
 3198 182.9
 3199 185.6
 3200 187.3
 3201 186.3
 3202 189.8
 3203 183.7
 3204 185.3
 3205 180.2
 3206 179.6
 3207 178.9
 3208 175.8
 3209 182.0
 3210 184.1
 3211 182.5
 3212 186.8
 3213 183.0
 3214 181.3
 3215 187.4
 3216 182.8
 3217 184.7
 3218 187.0
 3219 187.4
 3220 190.2
 3221 190.2
 3222 187.9
 3223 182.7
 3224 182.8
 3225 181.7
 3226 182.6
 3227 180.0
 3228 181.4
 3229 180.4
 3230 177.3
 3231 173.1
 3232 178.8
 3233 178.8
 3234 178.8
 3235 180.5
 3236 184.7
 3237 189.4
 3238 186.9
 3239 192.4
 3240 190.2
 3241 191.5
 3242 191.6
 3243 188.4
 3244 189.6
 3245 191.4
 3246 188.7
 3247 188.1
 3248 188.4
 3249 188.5
 3250 189.0
 3251 187.2
 3252 185.3
 3253 185.4
 3254 185.9
 3255 186.9
 3256 187.6
 3257 186.4
 3258 194.3
 3259 194.5
 3260 192.4
 3261 188.3
 3262 187.5
 3263 189.5
 3264 187.8
 3265 187.9
 3266 192.3
 3267 186.6
 3268 186.3
 3269 187.5
 3270 187.9
 3271 185.5
 3272 186.6
 3273 185.3
 3274 189.4
 3275 195.3
 3276 194.5
 3277 190.4
 3278 186.6
 3279 187.5
 3280 185.1
 3281 188.4
 3282 187.3
 3283 189.5
 3284 187.2
 3285 190.0
 3286 188.9
 3287 188.6
 3288 185.8
 3289 181.0
 3290 186.0
 3291 188.3
 3292 188.6
 3293 189.7
 3294 186.5
 3295 187.3
 3296 191.1
 3297 195.5
 3298 195.7
 3299 189.6
 3300 194.4
 3301 194.7
 3302 190.4
 3303 195.9
 3304 196.6
 3305 198.3
 3306 196.3
 3307 192.6
 3308 189.2
 3309 188.7
 3310 194.8
 3311 195.0
 3312 196.0
 3313 198.8
 3314 196.0
 3315 193.7
 3316 194.3
 3317 191.5
 3318 195.9
 3319 198.3
 3320 199.8
 3321 200.7
 3322 202.3
 3323 204.7
 3324 203.0
 3325 203.9
 3326 204.2
 3327 204.7
 3328 202.0
 3329 203.1
 3330 210.0
 3331 207.1
 3332 204.9
 3333 203.6
 3334 205.9
 3335 209.4
 3336 208.0
 3337 211.3
 3338 212.2
 3339 214.5
 3340 208.2
 3341 211.6
 3342 212.2
 3343 207.9
 3344 210.3
 3345 203.2
 3346 206.6
 3347 203.7
 3348 208.6
 3349 202.8
 3350 206.2
 3351 203.5
 3352 207.3
 3353 211.5
 3354 212.4
 3355 212.0
 3356 212.6
 3357 209.2
 3358 209.7
 3359 214.7
 3360 218.2
 3361 216.4
 3362 213.1
 3363 214.1
 3364 219.2
 3365 217.1
 3366 217.0
 3367 212.7
 3368 213.0
 3369 210.1
 3370 214.3
 3371 213.3
 3372 212.3
 3373 208.5
 3374 209.8
 3375 212.8
 3376 212.7
 3377 210.6
 3378 213.7
 3379 214.6
 3380 208.8
 3381 208.9
 3382 207.4
 3383 204.4
 3384 205.0
 3385 203.9
 3386 208.2
 3387 205.6
 3388 203.1
 3389 206.0
 3390 201.6
 3391 203.0
 3392 201.6
 3393 196.4
 3394 201.7
 3395 205.0
 3396 204.7
 3397 208.1
 3398 202.7
 3399 201.9
 3400 202.4
 3401 204.4
 3402 203.9
 3403 203.6
 3404 202.7
 3405 197.7
 3406 201.7
 3407 200.3
 3408 208.5
 3409 205.7
 3410 199.3
 3411 201.7
 3412 206.2
 3413 205.3
 3414 205.2
 3415 207.2
 3416 214.7
 3417 212.6
 3418 213.9
 3419 214.5
 3420 212.4
 3421 208.4
 3422 212.0
 3423 208.2
 3424 210.0
 3425 210.6
 3426 212.0
 3427 210.9
 3428 212.9
 3429 211.1
 3430 210.6
 3431 211.7
 3432 209.4
 3433 208.6
 3434 211.2
 3435 211.2
 3436 211.3
 3437 209.3
 3438 208.3
 3439 208.6
 3440 209.4
 3441 209.5
 3442 211.8
 3443 214.4
 3444 214.8
 3445 213.9
 3446 211.2
 3447 213.0
 3448 214.5
 3449 210.5
 3450 214.1
 3451 214.7
 3452 213.8
 3453 216.3
 3454 219.2
 3455 222.2
 3456 223.0
 3457 221.0
 3458 219.5
 3459 221.7
 3460 223.3
 3461 221.9
 3462 217.4
 3463 218.1
 3464 214.9
 3465 220.2
 3466 221.1
 3467 223.7
 3468 218.3
 3469 216.1
 3470 219.8
 3471 220.5
 3472 220.3
 3473 218.3
 3474 219.0
 3475 220.0
 3476 218.5
 3477 218.2
 3478 221.7
 3479 222.7
 3480 221.0
 3481 221.3
 3482 215.3
 3483 216.9
 3484 223.4
 3485 225.6
 3486 227.8
 3487 224.1
 3488 222.2
 3489 223.1
 3490 224.3
 3491 220.3
 3492 225.9
 3493 224.4
 3494 221.5
 3495 223.0
 3496 221.9
 3497 216.9
 3498 214.0
 3499 212.4
 3500 211.9
 3501 212.6
 3502 214.2
 3503 216.0
 3504 218.0
 3505 219.4
 3506 219.5
 3507 221.3
 3508 221.1
 3509 223.6
 3510 225.1
 3511 228.7
 3512 224.9
 3513 228.3
 3514 231.3
 3515 229.8
 3516 224.2
 3517 226.7
 3518 225.7
 3519 222.7
 3520 226.2
 3521 230.1
 3522 226.0
 3523 227.7
 3524 224.3
 3525 225.8
 3526 225.1
 3527 225.1
 3528 222.0
 3529 225.4
 3530 222.7
 3531 224.8
 3532 224.3
 3533 227.7
 3534 227.3
 3535 229.4
 3536 224.3
 3537 229.0
 3538 224.3
 3539 225.5
 3540 224.9
 3541 227.8
 3542 225.2
 3543 226.2
 3544 228.1
 3545 226.7
 3546 224.4
 3547 231.6
 3548 229.4
 3549 229.1
 3550 227.4
 3551 224.7
 3552 228.8
 3553 228.0
 3554 224.6
 3555 222.4
 3556 228.6
 3557 226.1
 3558 227.1
 3559 227.4
 3560 231.4
 3561 230.3
 3562 232.7
 3563 232.5
 3564 232.8
 3565 229.9
 3566 230.1
 3567 226.1
 3568 227.0
 3569 221.5
 3570 222.8
 3571 226.2
 3572 224.8
 3573 224.7
 3574 224.7
 3575 217.9
 3576 218.8
 3577 223.4
 3578 224.2
 3579 228.2
 3580 220.7
 3581 224.5
 3582 223.4
 3583 223.9
 3584 222.8
 3585 225.1
 3586 224.4
 3587 221.7
 3588 221.6
 3589 221.4
 3590 222.0
 3591 224.5
 3592 225.3
 3593 225.1
 3594 225.7
 3595 227.6
 3596 221.3
 3597 223.5
 3598 222.3
 3599 214.2
 3600 212.8
 3601 210.6
 3602 213.9
 3603 216.0
 3604 213.5
 3605 208.9
 3606 211.9
 3607 211.1
 3608 211.1
 3609 213.3
 3610 208.6
 3611 207.7
 3612 205.3
 3613 207.3
 3614 201.4
 3615 203.6
 3616 202.0
 3617 195.9
 3618 194.5
 3619 195.6
 3620 197.0
 3621 192.5
 3622 192.9
 3623 198.6
 3624 201.3
 3625 202.8
 3626 200.7
 3627 200.2
 3628 200.8
 3629 200.4
 3630 199.8
 3631 199.9
 3632 198.9
 3633 198.6
 3634 197.7
 3635 201.1
 3636 204.3
 3637 204.3
 3638 204.4
 3639 210.3
 3640 210.8
 3641 209.2
 3642 206.7
 3643 205.1
 3644 199.3
 3645 206.6
 3646 211.4
 3647 207.6
 3648 213.6
 3649 213.3
 3650 212.5
 3651 212.4
 3652 214.7
 3653 216.6
 3654 218.4
 3655 217.6
 3656 218.8
 3657 218.6
 3658 220.1
 3659 219.6
 3660 221.0
 3661 220.4
 3662 218.6
 3663 216.4
 3664 217.5
 3665 213.5
 3666 219.8
 3667 215.4
 3668 215.9
 3669 214.8
 3670 221.1
 3671 222.2
 3672 219.5
 3673 223.7
 3674 224.0
 3675 222.2
 3676 223.1
 3677 221.3
 3678 217.4
 3679 223.7
 3680 223.9
 3681 221.7
 3682 217.9
 3683 216.5
 3684 217.2
 3685 222.1
 3686 222.8
 3687 221.0
 3688 218.4
 3689 214.6
 3690 218.4
 3691 219.4
 3692 219.6
 3693 213.4
 3694 214.1
 3695 221.4
 3696 218.8
 3697 219.4
 3698 215.5
 3699 217.0
 3700 214.1
 3701 215.9
 3702 211.5
 3703 214.5
 3704 215.9
 3705 221.0
 3706 220.4
 3707 216.7
 3708 222.1
 3709 217.8
 3710 221.1
 3711 219.3
 3712 218.2
 3713 223.4
 3714 217.9
 3715 217.6
 3716 216.9
 3717 212.6
 3718 214.3
 3719 214.9
 3720 211.6
 3721 212.0
 3722 215.0
 3723 215.2
 3724 216.1
 3725 214.8
 3726 216.6
 3727 213.5
 3728 213.4
 3729 213.5
 3730 210.7
 3731 209.4
 3732 210.5
 3733 207.3
 3734 210.0
 3735 212.5
 3736 211.9
 3737 210.5
 3738 209.6
 3739 210.0
 3740 207.7
 3741 207.6
 3742 204.9
 3743 206.1
 3744 205.6
 3745 207.1
 3746 201.6
 3747 200.6
 3748 203.4
 3749 205.2
 3750 204.4
 3751 205.8
 3752 203.1
 3753 202.3
 3754 204.7
 3755 208.5
 3756 205.0
 3757 200.3
 3758 199.3
 3759 202.7
 3760 202.2
 3761 198.0
 3762 195.8
 3763 194.5
 3764 198.3
 3765 201.3
 3766 204.4
 3767 206.2
 3768 204.5
 3769 199.4
 3770 194.2
 3771 199.0
 3772 200.9
 3773 200.0
 3774 204.9
 3775 200.5
 3776 204.4
 3777 199.0
 3778 205.3
 3779 206.5
 3780 204.4
 3781 205.9
 3782 206.0
 3783 203.1
 3784 201.8
 3785 204.7
 3786 199.1
 3787 201.9
 3788 201.3
 3789 203.3
 3790 206.1
 3791 203.4
 3792 206.3
 3793 200.8
 3794 196.2
 3795 200.2
 3796 194.7
 3797 196.8
 3798 199.5
 3799 203.0
 3800 204.3
 3801 208.4
 3802 207.3
 3803 209.5
 3804 214.5
 3805 211.2
 3806 209.4
 3807 208.6
 3808 208.6
 3809 214.3
 3810 217.8
 3811 217.3
 3812 214.9
 3813 213.2
 3814 211.7
 3815 212.4
 3816 214.8
 3817 214.7
 3818 212.1
 3819 206.8
 3820 207.3
 3821 209.9
 3822 205.9
 3823 209.3
 3824 214.9
 3825 213.5
 3826 215.1
 3827 216.5
 3828 217.5
 3829 219.4
 3830 223.5
 3831 227.1
 3832 227.6
 3833 228.4
 3834 226.2
 3835 223.3
 3836 227.6
 3837 227.0
 3838 226.1
 3839 226.1
 3840 226.2
 3841 220.4
 3842 219.6
 3843 225.3
 3844 222.8
 3845 218.5
 3846 217.5
 3847 218.4
 3848 214.6
 3849 218.4
 3850 216.4
 3851 217.7
 3852 220.0
 3853 222.2
 3854 221.8
 3855 218.3
 3856 220.8
 3857 220.0
 3858 217.7
 3859 217.9
 3860 217.2
 3861 219.6
 3862 219.1
 3863 219.2
 3864 214.6
 3865 217.8
 3866 219.6
 3867 214.7
 3868 217.1
 3869 216.4
 3870 216.6
 3871 217.6
 3872 216.6
 3873 219.0
 3874 219.0
 3875 219.5
 3876 214.8
 3877 217.1
 3878 220.6
 3879 212.1
 3880 216.8
 3881 216.3
 3882 215.6
 3883 219.9
 3884 215.5
 3885 217.4
 3886 218.9
 3887 216.4
 3888 214.4
 3889 217.9
 3890 224.5
 3891 221.3
 3892 224.0
 3893 219.6
 3894 220.2
 3895 215.8
 3896 212.6
 3897 211.5
 3898 212.2
 3899 211.6
 3900 211.5
 3901 212.3
 3902 213.8
 3903 213.4
 3904 212.4
 3905 212.3
 3906 213.1
 3907 213.5
 3908 211.3
 3909 213.2
 3910 215.0
 3911 213.7
 3912 212.5
 3913 211.4
 3914 210.1
 3915 208.1
 3916 202.3
 3917 205.0
 3918 203.9
 3919 204.0
 3920 197.8
 3921 200.6
 3922 195.9
 3923 198.7
 3924 195.3
 3925 199.9
 3926 196.9
 3927 199.9
 3928 199.0
 3929 203.3
 3930 202.9
 3931 197.8
 3932 198.3
 3933 197.4
 3934 194.9
 3935 194.3
 3936 196.7
 3937 196.3
 3938 191.7
 3939 191.2
 3940 190.6
 3941 184.1
 3942 183.5
 3943 178.3
 3944 180.9
 3945 182.4
 3946 181.7
 3947 189.6
 3948 186.1
 3949 185.3
 3950 187.7
 3951 186.8
 3952 186.5
 3953 188.9
 3954 190.4
 3955 187.6
 3956 189.8
 3957 188.8
 3958 186.3
 3959 189.1
 3960 188.5
 3961 189.5
 3962 189.6
 3963 186.6
 3964 188.7
 3965 185.1
 3966 186.5
 3967 186.0
 3968 187.7
 3969 188.6
 3970 188.9
 3971 192.2
 3972 195.3
 3973 192.5
 3974 196.9
 3975 194.2
 3976 196.6
 3977 191.1
 3978 192.8
 3979 189.2
 3980 184.7
 3981 188.3
 3982 191.3
 3983 194.0
 3984 190.3
 3985 192.2
 3986 194.9
 3987 194.9
 3988 194.0
 3989 197.0
 3990 201.4
 3991 200.8
 3992 200.0
 3993 202.0
 3994 193.9
 3995 194.7
 3996 194.3
 3997 189.5
 3998 193.0
 3999 193.1
 4000 193.8
 4001 193.1
 4002 195.1
 4003 196.8
 4004 201.2
 4005 203.3
 4006 197.6
 4007 196.8
 4008 198.4
 4009 191.0
 4010 193.1
 4011 195.9
 4012 193.4
 4013 195.2
 4014 192.0
 4015 194.7
 4016 198.9
 4017 195.5
 4018 193.0
 4019 199.8
 4020 199.8
 4021 197.2
 4022 200.0
 4023 200.1
 4024 204.9
 4025 203.5
 4026 204.1
 4027 200.6
 4028 202.4
 4029 205.7
 4030 204.1
 4031 203.9
 4032 198.6
 4033 202.9
 4034 199.7
 4035 195.9
 4036 194.3
 4037 195.5
 4038 193.2
 4039 188.4
 4040 190.2
