    1 230.1
    2 230.1
    3 220.9
    4 224.9
    5 223.4
    6 222.6
    7 223.8
    8 219.8
    9 224.4
   10 230.2
   11 228.9
   12 226.8
   13 233.0
   14 230.8
   15 234.3
   16 234.3
   17 232.5
   18 237.9
   19 235.4
   20 234.4
   21 239.2
   22 236.5
   23 241.7
   24 245.9
   25 239.0
   26 237.9
   27 235.0
   28 236.7
   29 232.2
   30 238.8
   31 233.7
   32 238.1
   33 242.3
   34 242.4
   35 240.3
   36 240.5
   37 240.5
   38 243.0
   39 241.5
   40 240.5
   41 240.9
   42 241.4
   43 239.1
   44 236.9
   45 235.8
   46 240.1
   47 242.4
   48 239.8
   49 240.7
   50 242.4
   51 240.9
   52 242.9
   53 243.4
   54 241.7
   55 242.2
   56 244.0
   57 235.7
   58 235.3
   59 235.7
   60 237.1
   61 240.6
   62 239.2
   63 238.4
   64 245.2
   65 243.8
   66 242.4
   67 239.7
   68 244.7
   69 243.8
   70 245.2
   71 243.9
   72 248.9
   73 246.1
   74 247.2
   75 246.3
   76 250.1
   77 244.9
   78 243.3
   79 240.0
   80 237.1
   81 239.9
   82 243.6
   83 242.4
   84 240.3
   85 240.5
   86 241.0
   87 236.8
   88 235.6
   89 235.9
   90 235.2
   91 233.3
   92 228.7
   93 229.9
   94 230.3
   95 228.5
   96 228.1
   97 228.2
   98 232.4
   99 230.2
  100 234.4
  101 233.1
  102 232.5
  103 229.0
  104 231.7
  105 233.4
  106 234.7
  107 232.5
  108 231.5
  109 231.4
  110 239.0
  111 239.9
  112 236.2
  113 232.4
  114 230.4
  115 232.0
  116 229.2
  117 236.9
  118 235.8
  119 234.4
  120 238.9
  121 240.9
  122 239.4
  123 239.8
  124 235.5
  125 234.0
  126 237.5
  127 236.6
  128 237.0
  129 238.8
  130 241.2
  131 238.7
  132 238.1
  133 235.9
  134 233.9
  135 229.4
  136 231.0
  137 232.3
  138 231.6
  139 228.2
  140 233.5
  141 231.5
  142 226.0
  143 231.0
  144 232.2
  145 226.8
  146 230.3
  147 229.7
  148 232.1
  149 235.7
  150 236.8
  151 229.1
  152 230.9
  153 224.7
  154 223.8
  155 225.2
  156 226.3
  157 220.2
  158 213.3
  159 216.0
  160 214.7
  161 219.2
  162 222.8
  163 225.5
  164 225.5
  165 219.0
  166 218.6
  167 215.4
  168 212.1
  169 215.4
  170 219.9
  171 222.3
  172 228.4
  173 227.6
  174 225.3
  175 223.7
  176 218.8
  177 222.0
  178 227.1
  179 220.4
  180 220.4
  181 219.7
  182 220.2
  183 221.1
  184 222.9
  185 220.3
  186 226.4
  187 219.4
  188 220.5
  189 218.1
  190 223.6
  191 222.4
  192 227.9
  193 229.3
  194 233.1
  195 228.6
  196 227.9
  197 230.9
  198 234.2
  199 233.6
  200 228.4
  201 228.7
  202 235.6
  203 235.6
  204 235.6
  205 237.5
  206 232.1
  207 231.8
  208 237.0
  209 232.4
  210 230.3
  211 231.8
  212 237.0
  213 237.3
  214 237.0
  215 236.0
  216 229.9
  217 231.9
  218 233.0
  219 230.4
  220 229.2
  221 231.3
  222 228.3
  223 228.0
  224 232.9
  225 231.6
  226 232.0
  227 232.9
  228 233.7
  229 235.1
  230 235.2
  231 237.1
  232 230.7
  233 225.1
  234 226.1
  235 232.3
  236 230.6
  237 232.1
  238 229.2
  239 229.4
  240 228.6
  241 232.6
  242 232.3
  243 233.6
  244 233.3
  245 226.1
  246 228.1
  247 226.0
  248 227.1
  249 226.2
  250 228.2
  251 220.6
  252 223.0
  253 228.0
  254 225.6
  255 226.8
  256 225.0
  257 226.3
  258 228.7
  259 230.5
  260 227.0
  261 226.3
  262 229.1
  263 228.1
  264 228.9
  265 230.0
  266 229.1
  267 230.9
  268 232.0
  269 230.6
  270 224.6
  271 221.7
  272 223.5
  273 224.5
  274 226.1
  275 221.7
  276 222.0
  277 221.8
  278 228.0
  279 229.8
  280 228.2
  281 227.2
  282 225.7
  283 229.6
  284 227.2
  285 227.3
  286 227.2
  287 226.5
  288 231.5
  289 228.6
  290 230.8
  291 231.2
  292 233.0
  293 231.8
  294 233.2
  295 229.2
  296 230.1
  297 227.6
  298 231.6
  299 229.8
  300 230.8
  301 228.6
  302 227.8
  303 230.5
  304 225.8
  305 225.7
  306 219.4
  307 220.4
  308 214.9
  309 219.4
  310 218.3
  311 215.4
  312 214.4
  313 212.1
  314 214.2
  315 219.3
  316 217.6
  317 221.5
  318 214.5
  319 217.8
  320 216.8
  321 222.6
  322 218.2
  323 221.5
  324 213.5
  325 214.8
  326 216.6
  327 216.4
  328 218.6
  329 217.2
  330 218.4
  331 217.7
  332 220.5
  333 212.4
  334 209.2
  335 208.2
  336 208.1
  337 209.3
  338 206.6
  339 207.4
  340 205.9
  341 211.6
  342 212.8
  343 219.8
  344 216.5
  345 214.7
  346 215.6
  347 218.5
  348 216.5
  349 215.3
  350 212.7
  351 210.5
  352 209.8
  353 211.7
  354 213.2
  355 209.8
  356 212.2
  357 210.5
  358 209.7
  359 210.5
  360 208.4
  361 203.4
  362 200.6
  363 203.6
  364 202.0
  365 207.2
  366 211.3
  367 206.7
  368 209.3
  369 214.0
  370 214.6
  371 210.0
  372 214.8
  373 217.9
  374 223.3
  375 222.1
  376 223.1
  377 221.1
  378 221.5
  379 217.9
  380 222.6
  381 226.6
  382 223.4
  383 218.5
  384 221.8
  385 220.1
  386 217.7
  387 211.2
  388 215.9
  389 215.0
  390 214.6
  391 216.6
  392 215.6
  393 214.0
  394 212.7
  395 214.7
  396 217.1
  397 216.5
  398 222.9
  399 216.6
  400 216.0
  401 219.7
  402 215.3
  403 218.7
  404 220.8
  405 220.8
  406 220.7
  407 220.1
  408 220.1
  409 224.5
  410 222.8
  411 225.2
  412 222.2
  413 216.3
  414 211.8
  415 214.1
  416 212.0
  417 207.6
  418 213.4
  419 210.9
  420 216.0
  421 215.8
  422 215.9
  423 215.4
  424 217.3
  425 214.6
  426 218.3
  427 218.8
  428 215.7
  429 216.3
  430 220.7
  431 220.3
  432 218.9
  433 220.5
  434 218.9
  435 220.4
  436 218.6
  437 221.2
  438 220.5
  439 224.3
  440 224.5
  441 226.7
  442 227.4
  443 224.0
  444 220.5
  445 225.2
  446 225.0
  447 223.2
  448 229.0
  449 230.2
  450 227.2
  451 227.5
  452 225.5
  453 224.6
  454 224.6
  455 222.7
  456 221.0
  457 218.1
  458 214.8
  459 211.8
  460 219.3
  461 219.2
  462 222.4
  463 215.8
  464 216.5
  465 222.0
  466 221.7
  467 223.0
  468 223.0
  469 221.8
  470 219.2
  471 220.5
  472 216.8
  473 216.1
  474 214.7
  475 213.2
  476 221.7
  477 217.9
  478 220.5
  479 222.4
  480 226.4
  481 221.9
  482 226.4
  483 228.7
  484 229.6
  485 232.1
  486 230.9
  487 231.2
  488 228.5
  489 228.7
  490 224.5
  491 221.8
  492 221.1
  493 220.0
  494 223.3
  495 220.7
  496 224.3
  497 220.6
  498 225.8
  499 226.2
  500 224.2
  501 220.3
  502 220.1
  503 223.1
  504 222.4
  505 225.6
  506 227.5
  507 232.3
  508 228.2
  509 232.3
  510 227.0
  511 223.8
  512 222.8
  513 219.1
  514 221.0
  515 221.2
  516 218.8
  517 223.8
  518 225.9
  519 224.7
  520 227.9
  521 225.3
  522 226.9
  523 226.0
  524 229.2
  525 228.4
  526 229.8
  527 226.4
  528 228.7
  529 227.5
  530 224.0
  531 227.1
  532 221.5
  533 223.3
  534 222.3
  535 218.6
  536 214.1
  537 212.1
  538 210.6
  539 213.2
  540 214.5
  541 209.6
  542 212.8
  543 212.0
  544 215.6
  545 214.9
  546 214.9
  547 216.4
  548 213.8
  549 215.2
  550 219.1
  551 214.4
  552 216.5
  553 217.6
  554 214.0
  555 212.3
  556 213.4
  557 214.5
  558 212.2
  559 215.1
  560 212.9
  561 212.4
  562 221.2
  563 222.5
  564 217.7
  565 215.6
  566 213.6
  567 210.8
  568 214.6
  569 216.5
  570 216.8
  571 212.3
  572 210.7
  573 211.2
  574 205.2
  575 207.8
  576 203.5
  577 207.4
  578 212.7
  579 211.3
  580 207.9
  581 207.4
  582 207.4
  583 207.5
  584 206.8
  585 208.4
  586 206.4
  587 204.4
  588 207.8
  589 207.8
  590 212.4
  591 206.2
  592 205.8
  593 209.1
  594 212.2
  595 209.0
  596 206.3
  597 203.5
  598 201.4
  599 203.8
  600 202.3
  601 204.2
  602 201.4
  603 202.4
  604 199.2
  605 197.0
  606 196.6
  607 196.6
  608 196.5
  609 201.3
  610 199.4
  611 198.6
  612 196.7
  613 200.8
  614 199.4
  615 203.7
  616 202.9
  617 202.2
  618 202.5
  619 202.3
  620 198.9
  621 199.9
  622 200.3
  623 198.2
  624 195.6
  625 198.2
  626 200.3
  627 199.6
  628 194.2
  629 194.3
  630 194.7
  631 190.2
  632 191.7
  633 190.1
  634 191.1
  635 191.2
  636 198.6
  637 195.1
  638 194.6
  639 186.6
  640 188.0
  641 196.2
  642 196.1
  643 198.6
  644 195.6
  645 199.0
  646 197.2
  647 194.9
  648 195.6
  649 190.3
  650 183.9
  651 181.7
  652 179.8
  653 185.1
  654 180.0
  655 181.8
  656 175.3
  657 176.7
  658 182.8
  659 189.2
  660 186.9
  661 185.3
  662 184.6
  663 188.7
  664 188.5
  665 193.8
  666 190.5
  667 188.1
  668 192.2
  669 193.0
  670 191.3
  671 192.8
  672 192.5
  673 193.7
  674 194.9
  675 195.5
  676 190.2
  677 195.0
  678 195.6
  679 195.9
  680 194.2
  681 186.9
  682 189.1
  683 182.7
  684 184.8
  685 187.5
  686 187.7
  687 186.9
  688 182.9
  689 184.4
  690 186.7
  691 185.7
  692 185.6
  693 185.4
  694 183.2
  695 179.6
  696 180.8
  697 187.3
  698 189.2
  699 190.5
  700 187.0
  701 190.1
  702 190.6
  703 191.9
  704 194.3
  705 191.1
  706 192.0
  707 194.5
  708 188.5
  709 189.6
  710 190.1
  711 184.7
  712 184.5
  713 183.0
  714 183.7
  715 179.3
  716 182.9
  717 180.7
  718 182.8
  719 183.6
  720 184.6
  721 188.5
  722 184.9
  723 182.0
  724 182.4
  725 181.9
  726 188.3
  727 187.2
  728 185.5
  729 184.6
  730 182.3
  731 186.3
  732 186.5
  733 188.2
  734 191.4
  735 191.0
  736 192.9
  737 190.9
  738 191.6
  739 191.7
  740 192.2
  741 190.3
  742 191.1
  743 189.7
  744 190.9
  745 186.3
  746 188.1
  747 185.6
  748 179.6
  749 180.8
  750 177.5
  751 182.5
  752 179.3
  753 181.1
  754 185.1
  755 186.8
  756 185.3
  757 190.4
  758 188.6
  759 186.4
  760 185.9
  761 186.5
  762 188.5
  763 184.2
  764 187.4
  765 184.1
  766 183.5
  767 180.8
  768 179.5
  769 175.9
  770 177.3
  771 183.4
  772 181.8
  773 188.0
  774 192.9
  775 194.0
  776 192.9
  777 193.8
  778 190.5
  779 192.9
  780 189.7
  781 191.2
  782 191.1
  783 183.7
  784 177.7
  785 184.0
  786 186.1
  787 187.9
  788 186.3
  789 186.6
  790 183.6
  791 183.3
  792 182.6
  793 181.3
  794 185.0
  795 181.8
  796 176.5
  797 173.5
  798 171.5
  799 171.3
  800 163.9
  801 165.2
  802 170.0
  803 172.9
  804 172.2
  805 171.0
  806 172.9
  807 173.8
  808 173.7
  809 173.7
  810 173.7
  811 173.4
  812 166.7
  813 173.0
  814 171.8
  815 180.2
  816 184.3
  817 184.3
  818 183.0
  819 185.0
  820 178.1
  821 178.7
  822 171.7
  823 172.0
  824 172.4
  825 178.5
  826 173.9
  827 173.5
  828 177.2
  829 175.1
  830 175.9
  831 178.2
  832 179.8
  833 179.3
  834 179.7
  835 177.9
  836 181.4
  837 178.2
  838 177.3
  839 174.6
  840 172.5
  841 171.7
  842 169.6
  843 175.1
  844 177.1
  845 180.9
  846 180.5
  847 175.0
  848 178.2
  849 177.5
  850 175.6
  851 175.0
  852 174.4
  853 175.6
  854 173.2
  855 172.5
  856 174.1
  857 171.4
  858 168.1
  859 169.4
  860 172.7
  861 168.7
  862 168.2
  863 167.9
  864 167.1
  865 167.0
  866 174.2
  867 172.3
  868 174.4
  869 174.3
  870 175.6
  871 172.0
  872 177.2
  873 179.3
  874 179.5
  875 179.4
  876 174.9
  877 178.6
  878 175.8
  879 175.1
  880 174.0
  881 174.7
  882 172.1
  883 172.0
  884 176.2
  885 173.0
  886 176.3
  887 177.0
  888 174.8
  889 173.3
  890 172.4
  891 169.2
  892 168.5
  893 173.4
  894 171.8
  895 172.8
  896 169.1
  897 176.6
  898 175.9
  899 176.6
  900 181.1
  901 178.4
  902 179.9
  903 181.6
  904 180.9
  905 181.6
  906 180.1
  907 178.2
  908 179.6
  909 178.4
  910 178.5
  911 170.8
  912 176.0
  913 175.3
  914 176.7
  915 174.3
  916 173.9
  917 174.2
  918 169.1
  919 171.1
  920 173.2
  921 169.2
  922 163.2
  923 163.8
  924 169.7
  925 169.5
  926 169.6
  927 166.5
  928 159.9
  929 160.4
  930 160.8
  931 160.9
  932 150.6
  933 150.5
  934 152.0
  935 148.7
  936 150.9
  937 146.4
  938 144.9
  939 144.6
  940 144.6
  941 143.2
  942 142.1
  943 140.5
  944 139.1
  945 145.2
  946 144.8
  947 143.9
  948 143.4
  949 145.5
  950 150.7
  951 158.8
  952 158.1
  953 150.3
  954 148.2
  955 148.6
  956 145.1
  957 142.0
  958 143.6
  959 144.2
  960 142.2
  961 145.7
  962 144.4
  963 145.9
  964 141.9
  965 143.1
  966 147.3
  967 145.2
  968 142.8
  969 144.8
  970 140.1
  971 140.1
  972 135.3
  973 135.7
  974 137.0
  975 134.7
  976 136.2
  977 136.8
  978 141.9
  979 140.2
  980 138.4
  981 143.0
  982 144.5
  983 143.5
  984 145.2
  985 146.3
  986 151.7
  987 148.4
  988 145.3
  989 147.1
  990 149.7
  991 153.2
  992 151.2
  993 153.6
  994 151.9
  995 153.4
  996 152.7
  997 161.9
  998 155.8
  999 156.6
 1000 156.7
 1001 154.5
 1002 154.7
 1003 157.7
 1004 163.3
 1005 169.8
 1006 171.4
 1007 166.5
 1008 166.0
 1009 162.7
 1010 163.1
 1011 163.1
 1012 163.1
 1013 156.2
 1014 162.3
 1015 159.9
 1016 155.5
 1017 150.0
 1018 151.9
 1019 153.7
 1020 148.9
 1021 148.7
 1022 152.1
 1023 156.1
 1024 156.3
 1025 157.3
 1026 162.1
 1027 163.7
 1028 160.4
 1029 168.1
 1030 163.7
 1031 163.3
 1032 163.8
 1033 162.7
 1034 166.3
 1035 169.8
 1036 170.6
 1037 177.3
 1038 173.9
 1039 180.9
 1040 182.0
 1041 175.8
 1042 178.1
 1043 174.3
 1044 179.8
 1045 180.7
 1046 184.1
 1047 186.1
 1048 185.4
 1049 184.0
 1050 178.8
 1051 182.5
 1052 180.0
 1053 179.4
 1054 179.3
 1055 182.7
 1056 184.2
 1057 181.2
 1058 179.4
 1059 184.6
 1060 180.8
 1061 182.1
 1062 181.9
 1063 183.6
 1064 180.3
 1065 181.5
 1066 181.5
 1067 183.4
 1068 178.9
 1069 171.9
 1070 174.0
 1071 167.5
 1072 171.9
 1073 172.6
 1074 173.9
 1075 179.0
 1076 176.1
 1077 178.6
 1078 175.9
 1079 173.5
 1080 169.1
 1081 166.1
 1082 164.6
 1083 160.0
 1084 157.8
 1085 162.0
 1086 161.9
 1087 159.6
 1088 162.6
 1089 162.0
 1090 162.8
 1091 164.2
 1092 166.2
 1093 161.6
 1094 162.7
 1095 161.8
 1096 158.7
 1097 161.4
 1098 162.0
 1099 163.7
 1100 163.2
 1101 162.3
 1102 160.8
 1103 159.7
 1104 164.5
 1105 158.3
 1106 159.6
 1107 163.7
 1108 161.3
 1109 163.6
 1110 164.2
 1111 160.9
 1112 158.8
 1113 157.8
 1114 158.4
 1115 157.3
 1116 157.8
 1117 163.0
 1118 157.5
 1119 166.5
 1120 163.7
 1121 163.5
 1122 168.9
 1123 169.9
 1124 171.6
 1125 171.0
 1126 166.6
 1127 166.2
 1128 168.3
 1129 165.5
 1130 167.1
 1131 170.2
 1132 169.5
 1133 172.1
 1134 168.8
 1135 171.3
 1136 171.0
 1137 165.8
 1138 162.8
 1139 160.2
 1140 159.4
 1141 161.6
 1142 158.1
 1143 159.6
 1144 162.6
 1145 159.1
 1146 160.3
 1147 159.8
 1148 160.1
 1149 164.5
 1150 165.1
 1151 169.8
 1152 175.7
 1153 173.8
 1154 167.2
 1155 162.4
 1156 160.4
 1157 162.1
 1158 168.5
 1159 167.7
 1160 170.4
 1161 170.7
 1162 172.5
 1163 169.4
 1164 169.0
 1165 165.1
 1166 170.0
 1167 169.0
 1168 167.7
 1169 166.2
 1170 164.5
 1171 162.9
 1172 163.7
 1173 168.4
 1174 161.0
 1175 163.2
 1176 167.0
 1177 166.5
 1178 164.4
 1179 163.0
 1180 161.0
 1181 163.5
 1182 161.4
 1183 159.9
 1184 162.9
 1185 159.0
 1186 153.7
 1187 153.9
 1188 155.3
 1189 151.3
 1190 158.1
 1191 154.4
 1192 153.8
 1193 155.8
 1194 161.7
 1195 159.5
 1196 164.0
 1197 161.8
 1198 161.5
 1199 157.6
 1200 161.5
 1201 166.4
 1202 163.8
 1203 163.2
 1204 159.8
 1205 160.3
 1206 162.9
 1207 166.0
 1208 163.1
 1209 159.8
 1210 163.6
 1211 156.4
 1212 157.3
 1213 157.3
 1214 157.4
 1215 154.6
 1216 157.4
 1217 154.9
 1218 158.7
 1219 156.4
 1220 157.5
 1221 157.6
 1222 152.6
 1223 156.3
 1224 152.8
 1225 157.2
 1226 160.5
 1227 166.1
 1228 168.5
 1229 167.9
 1230 159.7
 1231 161.0
 1232 162.5
 1233 164.2
 1234 168.8
 1235 165.3
 1236 165.7
 1237 162.4
 1238 158.2
 1239 155.8
 1240 154.0
 1241 155.3
 1242 159.1
 1243 160.5
 1244 162.7
 1245 165.1
 1246 159.6
 1247 160.6
 1248 162.0
 1249 163.0
 1250 159.6
 1251 160.0
 1252 160.3
 1253 161.4
 1254 164.0
 1255 168.3
 1256 166.3
 1257 163.5
 1258 164.0
 1259 163.2
 1260 167.1
 1261 169.9
 1262 167.1
 1263 164.9
 1264 164.8
 1265 163.9
 1266 168.9
 1267 171.2
 1268 181.3
 1269 177.1
 1270 174.7
 1271 174.6
 1272 180.2
 1273 179.4
 1274 185.3
 1275 184.8
 1276 186.3
 1277 190.7
 1278 189.2
 1279 184.9
 1280 185.0
 1281 189.5
 1282 190.5
 1283 188.0
 1284 189.4
 1285 188.7
 1286 189.4
 1287 189.9
 1288 191.0
 1289 192.9
 1290 190.2
 1291 180.4
 1292 183.4
 1293 176.4
 1294 175.5
 1295 179.8
 1296 181.9
 1297 185.0
 1298 183.6
 1299 184.6
 1300 186.6
 1301 187.2
 1302 185.3
 1303 185.7
 1304 187.5
 1305 185.1
 1306 188.2
 1307 190.3
 1308 190.9
 1309 187.4
 1310 187.4
 1311 187.2
 1312 186.2
 1313 187.0
 1314 187.7
 1315 185.9
 1316 186.8
 1317 184.1
 1318 185.8
 1319 180.7
 1320 184.0
 1321 184.3
 1322 179.7
 1323 177.9
 1324 174.6
 1325 171.0
 1326 173.8
 1327 169.0
 1328 175.2
 1329 174.7
 1330 167.7
 1331 167.5
 1332 160.8
 1333 162.3
 1334 159.8
 1335 154.3
 1336 159.0
 1337 154.0
 1338 156.7
 1339 159.3
 1340 164.7
 1341 161.9
 1342 165.0
 1343 168.0
 1344 163.7
 1345 157.6
 1346 162.2
 1347 156.6
 1348 155.4
 1349 161.2
 1350 155.9
 1351 153.7
 1352 156.0
 1353 159.4
 1354 160.3
 1355 155.7
 1356 156.6
 1357 157.7
 1358 156.2
 1359 157.3
 1360 155.7
 1361 158.0
 1362 163.1
 1363 164.4
 1364 163.8
 1365 161.5
 1366 164.1
 1367 163.3
 1368 158.6
 1369 157.7
 1370 157.0
 1371 156.3
 1372 161.4
 1373 160.6
 1374 163.7
 1375 158.9
 1376 159.5
 1377 158.9
 1378 162.1
 1379 159.6
 1380 162.2
 1381 164.4
 1382 171.7
 1383 162.4
 1384 155.8
 1385 158.6
 1386 163.9
 1387 168.9
 1388 177.6
 1389 181.3
 1390 181.7
 1391 180.2
 1392 179.6
 1393 175.0
 1394 177.7
 1395 178.0
 1396 176.8
 1397 172.8
 1398 169.1
 1399 170.2
 1400 171.3
 1401 169.1
 1402 169.6
 1403 171.2
 1404 173.3
 1405 174.9
 1406 171.7
 1407 172.7
 1408 174.5
 1409 176.5
 1410 175.2
 1411 177.8
 1412 181.2
 1413 183.5
 1414 184.6
 1415 184.6
 1416 184.6
 1417 184.9
 1418 183.9
 1419 180.4
 1420 183.7
 1421 181.7
 1422 178.3
 1423 182.5
 1424 182.6
 1425 181.0
 1426 174.5
 1427 175.1
 1428 176.1
 1429 177.8
 1430 179.2
 1431 177.7
 1432 176.7
 1433 177.5
 1434 182.5
 1435 180.1
 1436 182.6
 1437 179.3
 1438 171.2
 1439 168.8
 1440 172.2
 1441 177.0
 1442 174.8
 1443 173.1
 1444 168.3
 1445 167.2
 1446 165.7
 1447 168.9
 1448 166.2
 1449 167.2
 1450 168.7
 1451 162.9
 1452 165.3
 1453 169.0
 1454 172.1
 1455 165.3
 1456 167.8
 1457 168.7
 1458 164.8
 1459 165.9
 1460 164.6
 1461 164.3
 1462 166.0
 1463 165.2
 1464 165.8
 1465 167.6
 1466 164.0
 1467 166.7
 1468 170.9
 1469 167.8
 1470 165.1
 1471 162.0
 1472 164.2
 1473 157.2
 1474 157.2
 1475 155.7
 1476 150.7
 1477 146.1
 1478 143.4
 1479 143.0
 1480 150.9
 1481 157.4
 1482 154.2
 1483 152.2
 1484 145.3
 1485 147.4
 1486 145.0
 1487 149.7
 1488 153.4
 1489 148.2
 1490 149.5
 1491 150.2
 1492 148.1
 1493 149.6
 1494 147.5
 1495 143.9
 1496 143.4
 1497 141.1
 1498 143.4
 1499 139.3
 1500 143.4
 1501 142.0
 1502 136.5
 1503 138.9
 1504 141.5
 1505 147.3
 1506 155.4
 1507 150.5
 1508 149.4
 1509 147.6
 1510 151.1
 1511 151.5
 1512 149.2
 1513 151.0
 1514 153.5
 1515 148.6
 1516 149.2
 1517 147.3
 1518 150.0
 1519 148.8
 1520 147.8
 1521 155.1
 1522 160.1
 1523 158.3
 1524 162.1
 1525 159.4
 1526 161.7
 1527 162.2
 1528 164.0
 1529 166.9
 1530 165.2
 1531 170.1
 1532 169.0
 1533 167.2
 1534 167.3
 1535 163.9
 1536 166.1
 1537 165.9
 1538 165.1
 1539 174.7
 1540 177.0
 1541 171.2
 1542 170.0
 1543 171.3
 1544 172.2
 1545 171.8
 1546 173.0
 1547 171.4
 1548 167.6
 1549 171.2
 1550 167.1
 1551 167.8
 1552 170.7
 1553 172.8
 1554 173.0
 1555 171.9
 1556 176.4
 1557 176.1
 1558 176.5
 1559 176.1
 1560 174.3
 1561 174.1
 1562 176.8
 1563 175.2
 1564 172.1
 1565 171.3
 1566 173.1
 1567 171.7
 1568 169.6
 1569 165.6
 1570 165.6
 1571 162.2
 1572 161.1
 1573 162.5
 1574 157.9
 1575 156.4
 1576 160.3
 1577 157.9
 1578 156.7
 1579 158.8
 1580 156.1
 1581 157.3
 1582 160.1
 1583 157.8
 1584 152.8
 1585 152.7
 1586 151.3
 1587 155.2
 1588 155.8
 1589 154.4
 1590 149.9
 1591 151.5
 1592 157.9
 1593 161.5
 1594 159.1
 1595 160.3
 1596 165.4
 1597 159.3
 1598 159.1
 1599 165.0
 1600 164.4
 1601 158.5
 1602 155.9
 1603 156.1
 1604 154.8
 1605 160.0
 1606 161.7
 1607 165.3
 1608 167.6
 1609 170.6
 1610 170.7
 1611 166.9
 1612 161.9
 1613 162.2
 1614 162.1
 1615 161.8
 1616 161.4
 1617 161.4
 1618 161.4
 1619 164.5
 1620 165.7
 1621 164.9
 1622 165.3
 1623 168.8
 1624 167.4
 1625 162.9
 1626 164.9
 1627 157.8
 1628 160.6
 1629 160.9
 1630 162.9
 1631 164.9
 1632 166.7
 1633 167.0
 1634 167.7
 1635 160.2
 1636 159.8
 1637 159.7
 1638 160.5
 1639 161.0
 1640 158.8
 1641 155.1
 1642 158.4
 1643 157.4
 1644 162.2
 1645 161.5
 1646 158.5
 1647 153.4
 1648 151.4
 1649 155.5
 1650 160.4
 1651 162.0
 1652 159.2
 1653 160.8
 1654 159.5
 1655 156.0
 1656 149.8
 1657 149.0
 1658 149.6
 1659 152.7
 1660 153.7
 1661 148.4
 1662 152.7
 1663 145.2
 1664 144.9
 1665 143.6
 1666 141.8
 1667 144.5
 1668 148.9
 1669 151.9
 1670 145.5
 1671 143.1
 1672 146.1
 1673 145.1
 1674 144.8
 1675 148.7
 1676 144.8
 1677 141.3
 1678 143.4
 1679 143.6
 1680 141.9
 1681 143.5
 1682 140.1
 1683 136.2
 1684 137.9
 1685 136.9
 1686 137.4
 1687 137.8
 1688 133.0
 1689 133.7
 1690 135.4
 1691 134.6
 1692 131.1
 1693 132.6
 1694 133.5
 1695 137.7
 1696 139.6
 1697 143.1
 1698 141.9
 1699 140.6
 1700 143.1
 1701 144.4
 1702 147.3
 1703 149.9
 1704 149.4
 1705 149.7
 1706 151.8
 1707 143.6
 1708 144.3
 1709 148.4
 1710 146.6
 1711 149.2
 1712 149.9
 1713 145.5
 1714 145.0
 1715 152.8
 1716 147.0
 1717 150.2
 1718 149.9
 1719 152.9
 1720 158.7
 1721 160.8
 1722 154.9
 1723 158.1
 1724 156.7
 1725 156.6
 1726 160.2
 1727 158.0
 1728 160.4
 1729 159.2
 1730 153.5
 1731 155.0
 1732 160.9
 1733 155.9
 1734 158.1
 1735 164.0
 1736 159.0
 1737 159.3
 1738 164.9
 1739 162.1
 1740 162.3
 1741 166.9
 1742 163.1
 1743 168.7
 1744 170.2
 1745 168.7
 1746 172.9
 1747 172.2
 1748 170.3
 1749 169.5
 1750 173.4
 1751 175.5
 1752 175.0
 1753 172.9
 1754 174.8
 1755 174.8
 1756 172.2
 1757 170.6
 1758 175.3
 1759 169.8
 1760 178.3
 1761 175.7
 1762 174.9
 1763 176.4
 1764 172.3
 1765 177.4
 1766 175.2
 1767 166.4
 1768 172.0
 1769 173.4
 1770 169.3
 1771 169.2
 1772 169.5
 1773 172.9
 1774 172.0
 1775 172.5
 1776 177.7
 1777 176.1
 1778 175.6
 1779 178.3
 1780 179.2
 1781 177.8
 1782 182.3
 1783 178.4
 1784 175.6
 1785 174.1
 1786 178.1
 1787 177.1
 1788 180.0
 1789 173.9
 1790 176.9
 1791 167.6
 1792 167.4
 1793 169.6
 1794 170.5
 1795 171.7
 1796 167.7
 1797 163.7
 1798 165.9
 1799 163.4
 1800 163.2
 1801 165.0
 1802 168.4
 1803 173.4
 1804 171.3
 1805 163.2
 1806 161.0
 1807 156.0
 1808 158.4
 1809 157.9
 1810 158.3
 1811 162.2
 1812 159.9
 1813 158.2
 1814 164.8
 1815 163.4
 1816 167.2
 1817 163.5
 1818 166.1
 1819 166.1
 1820 166.2
 1821 169.8
 1822 169.9
 1823 169.4
 1824 161.8
 1825 166.1
 1826 167.2
 1827 167.0
 1828 167.9
 1829 163.2
 1830 164.4
 1831 161.7
 1832 161.2
 1833 160.6
 1834 161.5
 1835 162.9
 1836 159.6
 1837 160.3
 1838 168.7
 1839 171.0
 1840 177.2
 1841 176.3
 1842 172.6
 1843 173.4
 1844 173.4
 1845 172.4
 1846 170.1
 1847 168.2
 1848 171.2
 1849 167.9
 1850 168.4
 1851 166.7
 1852 169.7
 1853 168.4
 1854 168.8
 1855 167.7
 1856 160.4
 1857 163.5
 1858 158.3
 1859 157.5
 1860 157.8
 1861 158.3
 1862 155.1
 1863 159.8
 1864 157.4
 1865 156.8
 1866 156.9
 1867 156.1
 1868 154.8
 1869 157.5
 1870 160.7
 1871 158.7
 1872 158.1
 1873 157.4
 1874 157.1
 1875 162.0
 1876 160.9
 1877 162.4
 1878 163.8
 1879 163.6
 1880 161.5
 1881 164.6
 1882 165.2
 1883 163.8
 1884 162.6
 1885 156.1
 1886 156.0
 1887 151.1
 1888 156.4
 1889 156.8
 1890 152.6
 1891 153.0
 1892 155.8
 1893 154.8
 1894 153.6
 1895 150.8
 1896 148.8
 1897 149.9
 1898 145.8
 1899 150.3
 1900 149.4
 1901 153.8
 1902 152.6
 1903 155.5
 1904 155.7
 1905 151.0
 1906 160.2
 1907 152.7
 1908 153.4
 1909 155.7
 1910 148.1
 1911 152.0
 1912 146.9
 1913 145.2
 1914 148.8
 1915 154.3
 1916 155.1
 1917 156.9
 1918 157.7
 1919 161.3
 1920 160.9
 1921 163.2
 1922 163.5
 1923 162.1
 1924 161.6
 1925 161.9
 1926 161.1
 1927 165.9
 1928 161.4
 1929 163.2
 1930 166.6
 1931 163.6
 1932 167.4
 1933 161.2
 1934 160.8
 1935 156.4
 1936 154.6
 1937 148.1
 1938 145.3
 1939 143.1
 1940 144.2
 1941 149.2
 1942 150.7
 1943 152.7
 1944 149.2
 1945 151.8
 1946 156.9
 1947 152.6
 1948 155.3
 1949 155.4
 1950 155.1
 1951 154.4
 1952 154.1
 1953 154.6
 1954 152.0
 1955 148.1
 1956 150.6
 1957 144.9
 1958 148.4
 1959 147.8
 1960 139.2
 1961 138.1
 1962 139.6
 1963 141.8
 1964 149.4
 1965 142.6
 1966 142.7
 1967 143.7
 1968 147.7
 1969 148.1
 1970 142.6
 1971 144.7
 1972 142.6
 1973 143.3
 1974 143.2
 1975 148.2
 1976 147.8
 1977 140.9
 1978 146.5
 1979 149.5
 1980 147.0
 1981 147.3
 1982 147.5
 1983 154.4
 1984 153.2
 1985 156.0
 1986 154.8
 1987 147.0
 1988 145.3
 1989 143.8
 1990 145.4
 1991 142.4
 1992 140.5
 1993 149.1
 1994 143.5
 1995 145.2
 1996 142.6
 1997 142.2
 1998 142.5
 1999 151.1
 2000 149.3
 2001 155.6
 2002 156.4
 2003 154.8
 2004 150.0
 2005 150.7
 2006 148.9
 2007 150.4
 2008 149.3
 2009 148.6
 2010 148.0
 2011 151.9
 2012 157.5
 2013 151.5
 2014 146.7
 2015 146.7
 2016 149.0
 2017 148.1
 2018 147.2
 2019 143.2
 2020 143.2
 2021 143.2
 2022 143.3
 2023 142.0
 2024 142.0
 2025 140.8
 2026 144.2
 2027 150.2
 2028 151.3
 2029 151.1
 2030 148.1
 2031 149.3
 2032 144.7
 2033 146.9
 2034 147.5
 2035 146.4
 2036 143.0
 2037 148.7
 2038 148.8
 2039 146.1
 2040 145.8
 2041 150.9
 2042 152.8
 2043 153.4
 2044 153.1
 2045 155.1
 2046 155.3
 2047 152.7
 2048 153.2
 2049 147.6
 2050 152.2
 2051 150.9
 2052 149.9
 2053 148.0
 2054 146.1
 2055 154.6
 2056 153.8
 2057 152.6
 2058 156.3
 2059 151.2
 2060 149.4
 2061 149.4
 2062 152.7
 2063 147.5
 2064 144.4
 2065 144.5
 2066 141.7
 2067 149.6
 2068 148.5
 2069 143.0
 2070 150.9
 2071 144.2
 2072 137.4
 2073 141.0
 2074 142.7
 2075 143.4
 2076 146.3
 2077 146.2
 2078 148.4
 2079 151.1
 2080 148.2
 2081 147.3
 2082 151.2
 2083 152.9
 2084 152.7
 2085 159.0
 2086 153.5
 2087 158.5
 2088 154.3
 2089 145.5
 2090 143.7
 2091 148.4
 2092 148.4
 2093 147.7
 2094 149.0
 2095 146.8
 2096 147.0
 2097 143.5
 2098 146.3
 2099 145.2
 2100 145.1
 2101 145.1
 2102 147.3
 2103 148.2
 2104 145.8
 2105 142.2
 2106 143.2
 2107 147.0
 2108 148.5
 2109 142.9
 2110 139.4
 2111 142.9
 2112 137.1
 2113 137.5
 2114 133.3
 2115 133.9
 2116 135.5
 2117 132.9
 2118 135.8
 2119 137.2
 2120 134.6
 2121 134.7
 2122 138.7
 2123 139.3
 2124 137.0
 2125 135.4
 2126 138.8
 2127 139.2
 2128 139.4
 2129 138.9
 2130 137.8
 2131 141.5
 2132 136.4
 2133 131.0
 2134 131.2
 2135 132.8
 2136 132.4
 2137 135.0
 2138 135.1
 2139 131.0
 2140 129.2
 2141 128.7
 2142 128.3
 2143 127.8
 2144 124.9
 2145 126.6
 2146 126.1
 2147 130.3
 2148 131.9
 2149 138.0
 2150 133.8
 2151 140.0
 2152 138.0
 2153 139.9
 2154 133.4
 2155 134.0
 2156 139.1
 2157 141.5
 2158 140.1
 2159 135.9
 2160 137.2
 2161 136.5
 2162 134.0
 2163 132.4
 2164 133.3
 2165 130.8
 2166 130.8
 2167 132.1
 2168 137.3
 2169 141.5
 2170 141.6
 2171 136.9
 2172 137.4
 2173 138.3
 2174 137.9
 2175 144.1
 2176 147.2
 2177 145.3
 2178 143.7
 2179 142.0
 2180 139.2
 2181 139.6
 2182 136.4
 2183 134.8
 2184 133.0
 2185 133.0
 2186 130.0
 2187 130.8
 2188 130.2
 2189 128.6
 2190 130.1
 2191 134.5
 2192 132.6
 2193 137.6
 2194 143.9
 2195 140.5
 2196 147.0
 2197 151.4
 2198 145.7
 2199 148.1
 2200 149.3
 2201 154.1
 2202 145.1
 2203 145.7
 2204 146.0
 2205 139.5
 2206 136.4
 2207 134.5
 2208 134.4
 2209 129.5
 2210 131.0
 2211 132.1
 2212 129.0
 2213 124.5
 2214 127.8
 2215 130.7
 2216 131.5
 2217 137.3
 2218 137.3
 2219 139.5
 2220 138.2
 2221 137.5
 2222 137.9
 2223 137.9
 2224 137.9
 2225 138.0
 2226 133.8
 2227 131.3
 2228 133.1
 2229 130.1
 2230 127.5
 2231 127.1
 2232 131.3
 2233 130.4
 2234 128.2
 2235 127.3
 2236 126.1
 2237 125.5
 2238 130.4
 2239 137.5
 2240 143.6
 2241 140.2
 2242 141.8
 2243 138.0
 2244 144.9
 2245 145.5
 2246 147.4
 2247 141.9
 2248 140.4
 2249 141.7
 2250 147.3
 2251 141.1
 2252 137.7
 2253 139.7
 2254 139.9
 2255 137.2
 2256 142.0
 2257 142.8
 2258 140.1
 2259 136.6
 2260 140.0
 2261 144.9
 2262 145.9
 2263 143.0
 2264 143.0
 2265 139.8
 2266 140.9
 2267 143.2
 2268 138.4
 2269 144.4
 2270 143.5
 2271 143.7
 2272 144.6
 2273 140.6
 2274 138.4
 2275 141.9
 2276 142.3
 2277 137.6
 2278 138.1
 2279 135.4
 2280 133.4
 2281 135.5
 2282 133.5
 2283 138.0
 2284 134.0
 2285 139.6
 2286 139.9
 2287 135.1
 2288 135.7
 2289 133.9
 2290 136.9
 2291 132.4
 2292 138.3
 2293 136.6
 2294 137.3
 2295 136.6
 2296 136.3
 2297 131.7
 2298 134.2
 2299 134.4
 2300 133.0
 2301 132.4
 2302 136.8
 2303 134.5
 2304 135.3
 2305 135.3
 2306 136.2
 2307 136.0
 2308 136.9
 2309 137.0
 2310 138.0
 2311 139.0
 2312 135.8
 2313 140.5
 2314 138.2
 2315 138.3
 2316 136.8
 2317 131.1
 2318 131.7
 2319 132.5
 2320 132.7
 2321 136.4
 2322 137.4
 2323 138.1
 2324 130.3
 2325 133.4
 2326 128.9
 2327 132.4
 2328 134.8
 2329 130.5
 2330 132.7
 2331 133.4
 2332 133.8
 2333 131.9
 2334 127.6
 2335 128.8
 2336 130.6
 2337 134.8
 2338 133.8
 2339 133.0
 2340 132.2
 2341 128.6
 2342 129.8
 2343 125.0
 2344 128.1
 2345 132.2
 2346 135.2
 2347 138.2
 2348 137.4
 2349 136.8
 2350 138.7
 2351 136.4
 2352 137.3
 2353 134.3
 2354 137.9
 2355 132.7
 2356 138.1
 2357 133.8
 2358 136.6
 2359 135.3
 2360 141.0
 2361 139.5
 2362 141.2
 2363 146.1
 2364 148.2
 2365 147.9
 2366 142.5
 2367 147.2
 2368 146.0
 2369 149.3
 2370 149.2
 2371 144.4
 2372 147.0
 2373 150.7
 2374 149.9
 2375 145.8
 2376 143.2
 2377 139.0
 2378 133.8
 2379 134.8
 2380 138.1
 2381 132.5
 2382 135.6
 2383 138.1
 2384 137.2
 2385 136.8
 2386 141.8
 2387 143.8
 2388 145.0
 2389 138.1
 2390 134.8
 2391 133.6
 2392 134.4
 2393 134.7
 2394 136.0
 2395 138.5
 2396 142.9
 2397 143.0
 2398 140.5
 2399 137.3
 2400 136.2
 2401 139.6
 2402 135.8
 2403 140.0
 2404 137.8
 2405 136.2
 2406 137.1
 2407 137.0
 2408 135.2
 2409 135.1
 2410 137.9
 2411 136.4
 2412 137.0
 2413 133.5
 2414 130.4
 2415 132.8
 2416 130.3
 2417 126.3
 2418 120.9
 2419 125.8
 2420 132.8
 2421 130.6
 2422 126.5
 2423 129.7
 2424 123.1
 2425 123.1
 2426 123.0
 2427 123.9
 2428 119.9
 2429 119.2
 2430 120.8
 2431 117.2
 2432 118.4
 2433 117.4
 2434 118.7
 2435 119.1
 2436 118.0
 2437 114.5
 2438 114.5
 2439 114.5
 2440 119.6
 2441 110.0
 2442 112.6
 2443 114.5
 2444 115.2
 2445 119.2
 2446 121.0
 2447 120.7
 2448 116.5
 2449 117.7
 2450 113.8
 2451 117.3
 2452 114.5
 2453 117.5
 2454 118.9
 2455 117.3
 2456 116.4
 2457 119.6
 2458 120.0
 2459 121.7
 2460 116.6
 2461 107.9
 2462 111.2
 2463 112.0
 2464 113.7
 2465 115.8
 2466 112.3
 2467 113.2
 2468 110.9
 2469 111.9
 2470 114.7
 2471 121.1
 2472 120.8
 2473 117.3
 2474 117.1
 2475 121.4
 2476 123.5
 2477 119.2
 2478 120.5
 2479 130.6
 2480 131.7
 2481 138.2
 2482 144.1
 2483 145.1
 2484 148.5
 2485 150.0
 2486 153.9
 2487 150.6
 2488 147.5
 2489 145.5
 2490 144.0
 2491 148.0
 2492 144.5
 2493 145.8
 2494 140.3
 2495 133.2
 2496 132.3
 2497 134.4
 2498 132.7
 2499 134.8
 2500 132.1
 2501 129.3
 2502 129.4
 2503 130.5
 2504 127.8
 2505 125.4
 2506 124.7
 2507 127.4
 2508 127.7
 2509 131.8
 2510 135.7
 2511 137.6
 2512 140.6
 2513 146.2
 2514 145.4
 2515 148.2
 2516 150.6
 2517 151.6
 2518 152.3
 2519 157.7
 2520 157.0
 2521 160.9
 2522 157.6
 2523 161.7
 2524 159.5
 2525 162.1
 2526 156.5
 2527 161.7
 2528 153.7
 2529 150.5
 2530 144.3
 2531 146.4
 2532 152.1
 2533 150.3
 2534 148.3
 2535 142.4
 2536 147.7
 2537 151.3
 2538 149.0
 2539 150.3
 2540 146.0
 2541 147.6
 2542 147.6
 2543 142.3
 2544 142.4
 2545 144.2
 2546 148.9
 2547 155.9
 2548 153.2
 2549 152.6
 2550 150.7
 2551 153.7
 2552 149.9
 2553 149.1
 2554 153.9
 2555 156.8
 2556 154.0
 2557 152.1
 2558 153.4
 2559 152.4
 2560 151.1
 2561 153.6
 2562 149.7
 2563 149.4
 2564 155.9
 2565 160.2
 2566 159.3
 2567 149.5
 2568 154.2
 2569 148.9
 2570 144.6
 2571 137.8
 2572 137.7
 2573 138.6
 2574 138.6
 2575 138.4
 2576 136.2
 2577 136.6
 2578 137.4
 2579 138.0
 2580 141.1
 2581 138.2
 2582 138.9
 2583 141.5
 2584 138.9
 2585 137.5
 2586 136.9
 2587 138.5
 2588 140.9
 2589 139.5
 2590 136.4
 2591 140.3
 2592 138.7
 2593 143.1
 2594 144.5
 2595 143.6
 2596 144.5
 2597 143.7
 2598 144.2
 2599 141.2
 2600 139.0
 2601 134.6
 2602 136.7
 2603 136.3
 2604 133.5
 2605 133.4
 2606 132.6
 2607 132.8
 2608 134.9
 2609 134.9
 2610 138.2
 2611 136.5
 2612 137.1
 2613 141.4
 2614 141.8
 2615 134.3
 2616 137.9
 2617 133.5
 2618 133.3
 2619 134.6
 2620 133.3
 2621 133.5
 2622 130.6
 2623 131.2
 2624 127.6
 2625 125.6
 2626 126.1
 2627 126.1
 2628 126.2
 2629 125.5
 2630 127.6
 2631 121.6
 2632 120.7
 2633 120.3
 2634 121.7
 2635 121.7
 2636 124.2
 2637 127.0
 2638 122.9
 2639 121.8
 2640 123.9
 2641 119.9
 2642 118.5
 2643 120.7
 2644 123.7
 2645 128.2
 2646 127.7
 2647 125.2
 2648 123.6
 2649 119.7
 2650 122.9
 2651 124.2
 2652 122.7
 2653 126.1
 2654 125.0
 2655 127.6
 2656 127.5
 2657 124.2
 2658 120.1
 2659 122.8
 2660 126.1
 2661 128.0
 2662 128.4
 2663 126.5
 2664 128.7
 2665 125.4
 2666 128.4
 2667 132.0
 2668 130.6
 2669 129.4
 2670 129.8
 2671 125.7
 2672 126.0
 2673 130.1
 2674 130.9
 2675 138.4
 2676 140.9
 2677 128.7
 2678 123.2
 2679 116.8
 2680 121.1
 2681 121.5
 2682 125.2
 2683 127.8
 2684 123.3
 2685 125.8
 2686 129.9
 2687 132.7
 2688 130.9
 2689 134.5
 2690 129.8
 2691 125.3
 2692 126.7
 2693 126.5
 2694 123.5
 2695 123.0
 2696 118.4
 2697 119.0
 2698 118.5
 2699 116.6
 2700 117.1
 2701 119.9
 2702 120.7
 2703 115.4
 2704 119.5
 2705 121.1
 2706 122.5
 2707 127.9
 2708 128.8
 2709 130.9
 2710 131.3
 2711 128.1
 2712 127.0
 2713 133.0
 2714 133.1
 2715 125.1
 2716 127.5
 2717 127.9
 2718 129.0
 2719 126.2
 2720 124.7
 2721 120.7
 2722 124.5
 2723 124.8
 2724 123.1
 2725 126.7
 2726 130.4
 2727 129.4
 2728 128.2
 2729 126.5
 2730 128.2
 2731 128.7
 2732 134.6
 2733 130.6
 2734 133.9
 2735 137.8
 2736 136.1
 2737 135.7
 2738 140.4
 2739 141.5
 2740 138.9
 2741 135.1
 2742 138.3
 2743 140.0
 2744 136.9
 2745 136.9
 2746 138.9
 2747 136.9
 2748 139.2
 2749 138.7
 2750 143.5
 2751 145.7
 2752 139.8
 2753 136.2
 2754 140.3
 2755 142.4
 2756 140.5
 2757 139.6
 2758 142.1
 2759 144.4
 2760 141.9
 2761 145.2
 2762 141.4
 2763 145.5
 2764 143.8
 2765 145.6
 2766 149.4
 2767 141.8
 2768 150.3
 2769 153.3
 2770 151.1
 2771 141.4
 2772 144.4
 2773 147.0
 2774 146.0
 2775 143.5
 2776 147.1
 2777 150.0
 2778 152.2
 2779 146.8
 2780 146.3
 2781 147.4
 2782 146.6
 2783 147.5
 2784 145.9
 2785 140.6
 2786 144.0
 2787 149.2
 2788 142.0
 2789 148.9
 2790 148.9
 2791 150.1
 2792 146.0
 2793 144.8
 2794 144.8
 2795 140.5
 2796 135.6
 2797 138.2
 2798 135.9
 2799 132.7
 2800 137.0
 2801 137.0
 2802 139.8
 2803 143.2
 2804 142.6
 2805 138.9
 2806 141.5
 2807 143.0
 2808 138.8
 2809 132.0
 2810 133.0
 2811 132.9
 2812 133.8
 2813 136.4
 2814 138.2
 2815 136.5
 2816 138.6
 2817 138.2
 2818 140.3
 2819 141.0
 2820 134.9
 2821 137.5
 2822 140.8
 2823 143.6
 2824 142.4
 2825 146.1
 2826 143.7
 2827 143.4
 2828 145.8
 2829 145.8
 2830 145.8
 2831 145.0
 2832 142.6
 2833 145.3
 2834 143.0
 2835 149.0
 2836 155.2
 2837 157.3
 2838 160.9
 2839 157.4
 2840 158.5
 2841 154.9
 2842 154.3
 2843 154.8
 2844 154.3
 2845 148.8
 2846 148.0
 2847 145.9
 2848 147.0
 2849 142.5
 2850 135.8
 2851 139.7
 2852 140.8
 2853 139.0
 2854 146.9
 2855 146.0
 2856 145.3
 2857 150.1
 2858 147.9
 2859 152.0
 2860 154.8
 2861 152.3
 2862 152.7
 2863 157.5
 2864 151.2
 2865 150.2
 2866 149.3
 2867 152.8
 2868 149.8
 2869 148.8
 2870 146.4
 2871 150.2
 2872 152.0
 2873 153.9
 2874 149.4
 2875 154.5
 2876 154.3
 2877 159.1
 2878 154.7
 2879 153.4
 2880 150.0
 2881 155.2
 2882 154.0
 2883 153.7
 2884 157.8
 2885 159.7
 2886 158.9
 2887 166.2
 2888 169.8
 2889 170.2
 2890 169.4
 2891 173.3
 2892 173.3
 2893 176.8
 2894 178.9
 2895 172.6
 2896 169.7
 2897 164.5
 2898 170.4
 2899 174.0
 2900 176.7
 2901 177.9
 2902 173.8
 2903 176.2
 2904 173.2
 2905 176.9
 2906 168.6
 2907 169.4
 2908 165.1
 2909 163.4
 2910 161.9
 2911 162.2
 2912 166.7
 2913 162.8
 2914 165.0
 2915 162.0
 2916 162.6
 2917 168.7
 2918 171.3
 2919 167.3
 2920 160.4
 2921 161.7
 2922 164.6
 2923 162.6
 2924 160.5
 2925 168.4
 2926 164.4
 2927 161.8
 2928 164.5
 2929 165.7
 2930 165.0
 2931 170.2
 2932 166.9
 2933 170.1
 2934 175.6
 2935 174.5
 2936 170.9
 2937 168.9
 2938 169.9
 2939 162.2
 2940 160.8
 2941 161.2
 2942 168.6
 2943 169.2
 2944 168.8
 2945 168.5
 2946 166.0
 2947 170.2
 2948 168.0
 2949 168.9
 2950 166.0
 2951 162.6
 2952 165.1
 2953 163.4
 2954 165.2
 2955 165.5
 2956 164.9
 2957 163.5
 2958 167.5
 2959 168.6
 2960 162.9
 2961 165.8
 2962 165.4
 2963 169.2
 2964 169.7
 2965 170.5
 2966 171.1
 2967 169.7
 2968 169.8
 2969 167.1
 2970 168.5
 2971 172.9
 2972 173.6
 2973 171.6
 2974 167.7
 2975 165.5
 2976 165.4
 2977 164.7
 2978 162.3
 2979 164.1
 2980 168.2
 2981 170.9
 2982 170.1
 2983 170.7
 2984 164.3
 2985 164.3
 2986 165.0
 2987 165.9
 2988 161.0
 2989 160.9
 2990 161.0
 2991 164.5
 2992 157.3
 2993 159.9
 2994 156.1
 2995 159.8
 2996 163.7
 2997 161.3
 2998 167.2
 2999 167.0
 3000 165.4
 3001 167.1
 3002 168.3
 3003 167.7
 3004 165.7
 3005 164.4
 3006 163.9
 3007 168.4
 3008 166.1
 3009 165.5
 3010 167.5
 3011 168.9
 3012 167.6
 3013 163.0
 3014 166.4
 3015 165.2
 3016 161.8
 3017 162.0
 3018 158.8
 3019 155.7
 3020 160.0
 3021 162.4
 3022 161.8
 3023 159.5
 3024 159.5
 3025 164.2
 3026 163.2
 3027 168.1
 3028 171.8
 3029 170.6
 3030 168.9
 3031 168.9
 3032 168.8
 3033 169.6
 3034 174.9
 3035 174.4
 3036 176.4
 3037 174.3
 3038 174.1
 3039 170.5
 3040 171.0
 3041 165.5
 3042 170.6
 3043 175.1
 3044 174.4
 3045 172.8
 3046 176.6
 3047 173.4
 3048 171.9
 3049 178.1
 3050 178.4
 3051 180.6
 3052 183.8
 3053 179.4
 3054 181.6
 3055 181.9
 3056 179.0
 3057 175.2
 3058 184.0
 3059 184.7
 3060 185.7
 3061 181.2
 3062 181.6
 3063 184.5
 3064 182.6
 3065 185.1
 3066 176.5
 3067 180.3
 3068 177.0
 3069 178.0
 3070 178.2
 3071 174.4
 3072 171.9
 3073 171.1
 3074 168.5
 3075 171.1
 3076 172.7
 3077 173.9
 3078 169.7
 3079 175.8
 3080 173.7
 3081 170.2
 3082 174.3
 3083 174.1
 3084 171.4
 3085 165.5
 3086 173.6
 3087 175.3
 3088 176.6
 3089 179.9
 3090 175.1
 3091 170.8
 3092 171.5
 3093 168.6
 3094 167.3
 3095 168.4
 3096 168.8
 3097 169.7
 3098 168.6
 3099 171.0
 3100 171.5
 3101 168.6
 3102 170.9
 3103 171.6
 3104 167.9
 3105 160.3
 3106 163.8
 3107 166.9
 3108 161.8
 3109 164.5
 3110 162.0
 3111 166.1
 3112 170.7
 3113 164.6
 3114 158.8
 3115 160.7
 3116 160.6
 3117 162.5
 3118 165.9
 3119 165.8
 3120 164.7
 3121 170.1
 3122 171.8
 3123 168.0
 3124 163.0
 3125 166.8
 3126 170.3
 3127 173.1
 3128 170.5
 3129 172.0
 3130 177.1
 3131 182.3
 3132 181.2
 3133 182.5
 3134 182.9
 3135 180.3
 3136 179.3
 3137 180.2
 3138 179.6
 3139 176.7
 3140 176.4
 3141 173.6
 3142 178.3
 3143 179.0
 3144 175.3
 3145 175.2
 3146 170.9
 3147 170.8
 3148 173.9
 3149 180.1
 3150 179.9
 3151 178.0
 3152 178.0
 3153 175.7
 3154 170.6
 3155 166.3
 3156 165.4
 3157 161.1
 3158 163.8
 3159 160.4
 3160 164.7
 3161 162.6
 3162 159.8
 3163 161.0
 3164 159.2
 3165 158.8
 3166 160.7
 3167 159.0
 3168 156.2
 3169 160.2
 3170 161.7
 3171 166.4
 3172 168.5
 3173 167.8
 3174 169.4
 3175 173.0
 3176 174.1
 3177 171.3
 3178 170.3
 3179 172.6
 3180 176.6
 3181 183.8
 3182 183.6
 3183 183.0
 3184 184.6
 3185 187.8
 3186 184.7
 3187 187.6
 3188 187.2
 3189 186.9
 3190 186.6
 3191 189.0
 3192 188.5
 3193 191.5
 3194 193.2
 3195 193.0
 3196 191.7
 3197 188.7
 3198 191.7
 3199 190.6
 3200 188.1
 3201 184.9
 3202 183.3
 3203 186.2
 3204 187.5
 3205 183.5
 3206 178.5
 3207 177.7
 3208 175.4
 3209 177.2
 3210 175.1
 3211 176.9
 3212 180.2
 3213 175.6
 3214 173.0
 3215 180.8
 3216 178.2
 3217 180.6
 3218 180.4
 3219 179.7
 3220 179.2
 3221 174.0
 3222 175.4
 3223 173.2
 3224 175.2
 3225 170.0
 3226 171.9
 3227 168.2
 3228 167.4
 3229 171.4
 3230 175.2
 3231 172.5
 3232 169.7
 3233 169.7
 3234 169.8
 3235 174.0
 3236 175.0
 3237 176.1
 3238 175.0
 3239 168.9
 3240 168.1
 3241 170.5
 3242 169.3
 3243 168.4
 3244 172.1
 3245 174.4
 3246 173.3
 3247 176.7
 3248 174.0
 3249 176.2
 3250 172.9
 3251 169.7
 3252 172.7
 3253 170.1
 3254 173.4
 3255 171.3
 3256 166.8
 3257 166.4
 3258 167.9
 3259 162.6
 3260 160.9
 3261 153.0
 3262 156.8
 3263 153.4
 3264 151.1
 3265 157.2
 3266 153.8
 3267 155.4
 3268 160.4
 3269 162.6
 3270 159.6
 3271 162.5
 3272 161.2
 3273 165.2
 3274 163.2
 3275 161.1
 3276 156.2
 3277 156.6
 3278 156.0
 3279 149.7
 3280 154.7
 3281 152.5
 3282 153.9
 3283 153.3
 3284 158.0
 3285 158.3
 3286 153.2
 3287 153.6
 3288 150.1
 3289 154.6
 3290 150.6
 3291 144.6
 3292 145.3
 3293 152.5
 3294 154.2
 3295 147.6
 3296 147.5
 3297 149.6
 3298 147.6
 3299 149.9
 3300 151.1
 3301 149.1
 3302 146.0
 3303 142.2
 3304 145.6
 3305 143.3
 3306 143.0
 3307 140.2
 3308 138.1
 3309 141.7
 3310 138.6
 3311 142.3
 3312 139.9
 3313 140.9
 3314 140.0
 3315 140.5
 3316 141.3
 3317 148.1
 3318 149.0
 3319 158.2
 3320 154.5
 3321 153.2
 3322 153.4
 3323 155.2
 3324 152.6
 3325 149.1
 3326 150.6
 3327 153.4
 3328 153.7
 3329 148.8
 3330 149.1
 3331 144.5
 3332 141.8
 3333 144.1
 3334 142.5
 3335 139.7
 3336 141.7
 3337 141.5
 3338 139.9
 3339 144.5
 3340 147.3
 3341 151.0
 3342 150.1
 3343 147.5
 3344 144.9
 3345 146.1
 3346 144.3
 3347 146.2
 3348 149.5
 3349 152.8
 3350 152.3
 3351 151.8
 3352 149.4
 3353 146.7
 3354 146.7
 3355 150.6
 3356 155.3
 3357 153.4
 3358 153.3
 3359 157.9
 3360 154.8
 3361 158.9
 3362 159.3
 3363 163.4
 3364 160.7
 3365 161.1
 3366 164.6
 3367 165.1
 3368 174.1
 3369 169.5
 3370 165.9
 3371 168.6
 3372 166.7
 3373 164.5
 3374 171.0
 3375 177.4
 3376 180.9
 3377 175.4
 3378 178.8
 3379 181.4
 3380 179.6
 3381 184.4
 3382 185.8
 3383 186.6
 3384 181.1
 3385 177.1
 3386 176.8
 3387 180.2
 3388 180.5
 3389 184.2
 3390 186.0
 3391 187.5
 3392 184.2
 3393 180.1
 3394 179.1
 3395 180.6
 3396 178.2
 3397 177.5
 3398 174.8
 3399 180.4
 3400 182.0
 3401 180.6
 3402 181.9
 3403 185.6
 3404 187.3
 3405 180.6
 3406 184.6
 3407 187.6
 3408 182.7
 3409 183.6
 3410 190.3
 3411 191.4
 3412 188.0
 3413 181.4
 3414 182.2
 3415 176.0
 3416 176.4
 3417 181.9
 3418 173.8
 3419 179.6
 3420 171.5
 3421 169.3
 3422 171.2
 3423 168.0
 3424 167.5
 3425 169.6
 3426 168.1
 3427 168.8
 3428 175.5
 3429 179.5
 3430 176.8
 3431 176.4
 3432 174.7
 3433 170.9
 3434 172.2
 3435 172.2
 3436 172.1
 3437 168.7
 3438 167.4
 3439 169.6
 3440 171.4
 3441 171.8
 3442 167.4
 3443 164.8
 3444 166.7
 3445 166.6
 3446 164.5
 3447 168.6
 3448 169.1
 3449 170.2
 3450 171.7
 3451 170.5
 3452 171.4
 3453 167.9
 3454 167.3
 3455 165.2
 3456 168.6
 3457 165.5
 3458 171.3
 3459 167.8
 3460 165.5
 3461 163.2
 3462 163.6
 3463 164.1
 3464 160.8
 3465 161.5
 3466 164.7
 3467 165.4
 3468 167.5
 3469 167.4
 3470 170.4
 3471 172.8
 3472 167.5
 3473 169.7
 3474 167.7
 3475 166.1
 3476 162.6
 3477 169.4
 3478 165.9
 3479 164.1
 3480 165.7
 3481 164.0
 3482 160.1
 3483 161.6
 3484 162.2
 3485 161.4
 3486 155.6
 3487 157.1
 3488 153.1
 3489 156.6
 3490 158.7
 3491 160.4
 3492 156.4
 3493 156.0
 3494 156.2
 3495 156.9
 3496 156.3
 3497 157.4
 3498 157.9
 3499 155.3
 3500 153.0
 3501 153.4
 3502 147.8
 3503 143.1
 3504 142.9
 3505 141.1
 3506 140.0
 3507 147.2
 3508 149.8
 3509 151.9
 3510 158.0
 3511 158.2
 3512 161.1
 3513 160.5
 3514 163.0
 3515 158.3
 3516 159.6
 3517 157.0
 3518 153.4
 3519 151.1
 3520 157.0
 3521 156.9
 3522 158.8
 3523 157.6
 3524 158.4
 3525 157.8
 3526 158.9
 3527 153.4
 3528 155.7
 3529 155.8
 3530 152.2
 3531 153.2
 3532 152.3
 3533 150.1
 3534 153.8
 3535 155.7
 3536 161.3
 3537 156.9
 3538 155.5
 3539 160.4
 3540 157.7
 3541 154.1
 3542 154.2
 3543 155.6
 3544 153.4
 3545 152.9
 3546 157.1
 3547 150.4
 3548 151.1
 3549 153.2
 3550 157.1
 3551 157.3
 3552 150.1
 3553 154.4
 3554 155.1
 3555 153.1
 3556 161.2
 3557 158.7
 3558 160.9
 3559 160.2
 3560 162.3
 3561 161.1
 3562 166.1
 3563 161.1
 3564 157.5
 3565 151.6
 3566 157.8
 3567 159.9
 3568 160.0
 3569 158.9
 3570 160.9
 3571 160.8
 3572 163.0
 3573 160.8
 3574 159.7
 3575 163.1
 3576 164.9
 3577 161.4
 3578 160.2
 3579 162.9
 3580 168.6
 3581 160.6
 3582 155.6
 3583 154.2
 3584 155.3
 3585 157.3
 3586 156.9
 3587 156.4
 3588 156.8
 3589 157.3
 3590 155.8
 3591 155.6
 3592 152.3
 3593 152.4
 3594 153.4
 3595 156.4
 3596 144.9
 3597 148.6
 3598 150.0
 3599 153.5
 3600 154.8
 3601 153.6
 3602 146.6
 3603 153.8
 3604 158.5
 3605 161.5
 3606 158.8
 3607 159.9
 3608 160.8
 3609 163.7
 3610 164.4
 3611 170.8
 3612 171.5
 3613 170.9
 3614 171.5
 3615 172.4
 3616 165.4
 3617 163.4
 3618 161.6
 3619 170.4
 3620 173.5
 3621 172.1
 3622 173.5
 3623 162.7
 3624 164.7
 3625 166.9
 3626 169.0
 3627 169.1
 3628 177.4
 3629 176.5
 3630 179.4
 3631 179.0
 3632 174.1
 3633 179.6
 3634 184.9
 3635 185.1
 3636 186.7
 3637 186.7
 3638 186.8
 3639 182.4
 3640 174.9
 3641 173.9
 3642 180.0
 3643 173.6
 3644 177.1
 3645 175.5
 3646 181.9
 3647 180.2
 3648 187.6
 3649 181.9
 3650 181.2
 3651 184.0
 3652 184.5
 3653 181.1
 3654 176.8
 3655 167.8
 3656 175.3
 3657 173.8
 3658 174.7
 3659 177.7
 3660 180.2
 3661 178.7
 3662 180.6
 3663 177.8
 3664 179.9
 3665 176.0
 3666 179.6
 3667 177.0
 3668 175.4
 3669 171.9
 3670 172.0
 3671 168.7
 3672 170.8
 3673 174.8
 3674 172.9
 3675 171.5
 3676 171.5
 3677 172.2
 3678 167.7
 3679 165.1
 3680 164.6
 3681 165.2
 3682 163.0
 3683 167.2
 3684 165.9
 3685 161.0
 3686 160.6
 3687 159.2
 3688 160.7
 3689 161.3
 3690 155.0
 3691 163.7
 3692 164.4
 3693 156.0
 3694 154.2
 3695 155.9
 3696 154.4
 3697 153.8
 3698 157.1
 3699 164.3
 3700 159.8
 3701 158.0
 3702 160.7
 3703 162.0
 3704 159.7
 3705 163.3
 3706 168.2
 3707 169.3
 3708 167.3
 3709 169.5
 3710 170.2
 3711 169.5
 3712 166.6
 3713 169.2
 3714 164.0
 3715 157.9
 3716 159.8
 3717 159.3
 3718 163.1
 3719 158.4
 3720 158.3
 3721 157.5
 3722 161.0
 3723 164.1
 3724 166.8
 3725 172.0
 3726 178.3
 3727 173.5
 3728 174.9
 3729 176.0
 3730 176.0
 3731 175.1
 3732 180.2
 3733 178.4
 3734 174.1
 3735 171.5
 3736 169.1
 3737 172.8
 3738 175.5
 3739 177.0
 3740 176.2
 3741 173.6
 3742 173.8
 3743 175.5
 3744 169.5
 3745 170.8
 3746 170.2
 3747 166.1
 3748 166.0
 3749 163.6
 3750 163.9
 3751 167.1
 3752 164.7
 3753 170.4
 3754 168.5
 3755 167.4
 3756 162.4
 3757 161.9
 3758 158.2
 3759 163.0
 3760 168.4
 3761 173.1
 3762 173.1
 3763 176.0
 3764 179.2
 3765 180.2
 3766 180.7
 3767 174.7
 3768 172.7
 3769 172.3
 3770 171.3
 3771 170.1
 3772 170.8
 3773 174.6
 3774 174.9
 3775 180.6
 3776 176.4
 3777 172.8
 3778 171.5
 3779 168.2
 3780 169.5
 3781 163.9
 3782 170.9
 3783 172.2
 3784 172.7
 3785 167.7
 3786 168.6
 3787 170.5
 3788 172.6
 3789 171.6
 3790 172.2
 3791 164.0
 3792 162.0
 3793 167.1
 3794 171.3
 3795 164.5
 3796 165.2
 3797 162.1
 3798 161.4
 3799 159.4
 3800 159.2
 3801 156.8
 3802 155.3
 3803 159.8
 3804 159.6
 3805 158.9
 3806 150.8
 3807 151.8
 3808 154.7
 3809 155.6
 3810 159.3
 3811 160.2
 3812 157.9
 3813 158.3
 3814 156.3
 3815 158.7
 3816 157.9
 3817 156.2
 3818 153.0
 3819 157.2
 3820 157.8
 3821 158.2
 3822 159.9
 3823 162.1
 3824 161.2
 3825 166.0
 3826 166.0
 3827 159.3
 3828 161.3
 3829 159.1
 3830 158.4
 3831 158.2
 3832 158.8
 3833 155.9
 3834 154.6
 3835 152.7
 3836 149.0
 3837 151.7
 3838 154.0
 3839 154.0
 3840 153.9
 3841 154.3
 3842 153.2
 3843 148.1
 3844 148.3
 3845 150.3
 3846 148.2
 3847 146.7
 3848 144.6
 3849 147.2
 3850 147.1
 3851 149.8
 3852 152.6
 3853 152.4
 3854 152.9
 3855 148.9
 3856 148.3
 3857 147.5
 3858 151.5
 3859 153.6
 3860 153.4
 3861 151.7
 3862 152.7
 3863 151.3
 3864 152.7
 3865 151.1
 3866 153.2
 3867 155.7
 3868 155.0
 3869 159.4
 3870 159.7
 3871 165.4
 3872 161.3
 3873 161.8
 3874 159.4
 3875 162.4
 3876 166.8
 3877 165.3
 3878 164.2
 3879 165.0
 3880 168.2
 3881 171.0
 3882 169.0
 3883 162.8
 3884 160.1
 3885 166.3
 3886 167.2
 3887 165.7
 3888 166.1
 3889 167.9
 3890 164.3
 3891 160.5
 3892 152.6
 3893 160.4
 3894 165.0
 3895 162.6
 3896 162.1
 3897 172.4
 3898 161.6
 3899 156.2
 3900 154.0
 3901 161.1
 3902 158.4
 3903 155.3
 3904 158.5
 3905 156.7
 3906 154.6
 3907 150.1
 3908 143.8
 3909 141.9
 3910 144.9
 3911 142.1
 3912 147.5
 3913 150.8
 3914 151.2
 3915 159.7
 3916 163.6
 3917 169.9
 3918 168.2
 3919 168.9
 3920 166.4
 3921 168.8
 3922 162.0
 3923 161.9
 3924 161.9
 3925 162.1
 3926 158.4
 3927 161.1
 3928 157.2
 3929 159.7
 3930 160.5
 3931 159.3
 3932 155.2
 3933 157.1
 3934 151.8
 3935 150.0
 3936 150.5
 3937 149.7
 3938 148.8
 3939 151.3
 3940 152.5
 3941 148.9
 3942 150.1
 3943 150.3
 3944 156.0
 3945 159.1
 3946 160.1
 3947 160.4
 3948 156.9
 3949 155.5
 3950 154.6
 3951 154.7
 3952 153.1
 3953 155.1
 3954 153.8
 3955 154.7
 3956 155.6
 3957 152.9
 3958 156.7
 3959 152.9
 3960 158.9
 3961 154.5
 3962 154.6
 3963 160.8
 3964 155.2
 3965 149.3
 3966 148.7
 3967 145.4
 3968 147.1
 3969 142.6
 3970 142.6
 3971 141.4
 3972 144.3
 3973 146.8
 3974 152.4
 3975 152.6
 3976 148.8
 3977 147.9
 3978 143.6
 3979 144.0
 3980 147.3
 3981 143.7
 3982 144.2
 3983 143.4
 3984 143.9
 3985 144.6
 3986 150.3
 3987 156.1
 3988 158.0
 3989 152.2
 3990 149.9
 3991 151.0
 3992 151.4
 3993 143.1
 3994 141.9
 3995 148.0
 3996 152.1
 3997 149.5
 3998 145.7
 3999 150.6
 4000 156.8
 4001 149.0
 4002 156.1
 4003 155.0
 4004 154.2
 4005 154.0
 4006 154.6
 4007 154.3
 4008 152.0
 4009 156.9
 4010 156.2
 4011 159.0
 4012 159.6
 4013 165.5
 4014 164.4
 4015 164.6
 4016 163.2
 4017 161.8
 4018 159.5
 4019 160.8
 4020 162.3
 4021 165.1
 4022 165.9
 4023 164.3
 4024 165.8
 4025 164.9
 4026 163.0
 4027 162.8
 4028 164.5
 4029 164.8
 4030 159.4
 4031 158.5
 4032 159.1
 4033 160.2
 4034 157.2
 4035 158.6
 4036 162.5
 4037 159.3
 4038 163.6
 4039 161.7
 4040 163.8
