#	SIM_0.2_-3.82		#	SIM_200_-3.82		#	SIM_20_-3.82		#	SIM_2_-3.82	
1	1180967.81937561	1	688817.732792080	1	716550.656297020	1	872585.136037445
500	-415967.301450349	500	-302155.976399406	500	628844.227559120	500	11518.4090066679
1000	1001061.17867160	1000	188067.045799426	1000	-567023.099486611	1000	727292.877976935
1500	7603672.96924712	1500	112372.651030232	1500	-398870.960272154	1500	463624.487388536
2000	3479489.62545649	2000	811680.493979362	2000	558151.637246544	2000	-799785.592173627
2500	2200289.75501625	2500	133760.221101073	2500	-643401.354260568	2500	19345.7765091896
3000	3571516.97806802	3000	1034115.56904757	3000	491856.215666525	3000	427748.373111718
3500	3749725.46611568	3500	1277599.24559314	3500	1081499.43254943	3500	-98647.7319481786
4000	5833239.63819414	4000	-1559141.17187936	4000	-666609.138719613	4000	-459282.564691439
4500	3446832.42203707	4500	-436087.029706136	4500	-610027.802822515	4500	-1115331.68638744
5000	3003393.51773361	5000	330639.824676366	5000	-975203.647321598	5000	845012.944629310
5500	5011939.34022129	5500	325530.660797383	5500	241424.201992803	5500	404680.829493513
6000	363773.034954780	6000	364324.503966433	6000	-704880.480954843	6000	663232.869335391
6500	283340.675882028	6500	-1244701.80910112	6500	652368.648272096	6500	381840.318324736
7000	-488402.016731403	7000	942577.613119473	7000	-337452.903070121	7000	86765.6777578434
7500	1008985.86602008	7500	-527703.955703165	7500	313600.610821526	7500	1107000.04763050
8000	-863813.669184241	8000	-396057.850416919	8000	-648912.377006454	8000	317726.359442740
8500	-3820832.05578025	8500	142783.544762124	8500	698110.943684998	8500	154052.654777885
9000	-3845770.30629670	9000	-384313.326418299	9000	-284347.911241448	9000	-662158.385316839
9500	-5657164.19158343	9500	-844927.463059829	9500	1237509.64971729	9500	354668.868588967
10000	-11276139.9052672	10000	-509804.358005511	10000	-22587.7694665714	10000	1175710.08483491
10500	-2460038.53826103	10500	2020770.11474140	10500	240827.556747006	10500	703093.998074067
11000	-1404381.58118232	11000	1059303.10616593	11000	2013945.03260162	11000	425534.272057657
11500	-2709438.80621594	11500	-794943.654882484	11500	746641.315821863	11500	-156099.711622348
12000	-2263236.56707916	12000	590643.631993473	12000	256850.805692537	12000	-188962.552113334
12500	136266.981844697	12500	218340.848125399	12500	-21830.3901131937	12500	330545.758876060
13000	-54981.5005047588	13000	-398858.251722733	13000	-10735.8105580224	13000	566340.151050291
13500	547071.979460155	13500	443898.609235359	13500	1010670.08494479	13500	511972.224368219
14000	604425.240610941	14000	-521220.760627704	14000	291707.937981119	14000	263987.497241134
14500	-1156121.38346753	14500	-379024.756187178	14500	1832137.95247164	14500	997932.340341007
15000	-1468320.19528835	15000	642938.946334921	15000	-661545.602238957	15000	-1067108.61081816
15500	3909468.54569021	15500	-896847.454737483	15500	13785.8836697053	15500	622841.241389728
16000	489545.314172509	16000	-943641.219003734	16000	-1405819.80806962	16000	-1190949.69413469
16500	-21715.7527961964	16500	572889.280956446	16500	-1932772.58520043	16500	-142641.596989670
17000	2413983.55257093	17000	-1033383.07612181	17000	-623762.926125804	17000	-381480.647756317
17500	1890763.00059698	17500	344631.701322894	17500	-185361.902662865	17500	-457885.368028197
18000	1523578.89133566	18000	539713.934655581	18000	687430.172719208	18000	-838161.330441938
18500	-510213.292552414	18500	-197843.291523935	18500	-252323.822258755	18500	-64634.8330936741
19000	243062.336200319	19000	-437958.584215137	19000	-919399.147425864	19000	920521.906045673
19500	983340.847047578	19500	725439.642718164	19500	99114.0265034741	19500	310001.519196678
20000	-222109.538010223	20000	281722.816284845	20000	83187.2873604020	20000	606288.401489061
20500	231927.501999287	20500	275625.491968179	20500	276012.663767089	20500	1129909.84721116
21000	-2398770.98882880	21000	-993679.270777769	21000	438292.799576250	21000	-226635.833984918
21500	1512336.70589420	21500	462948.609135488	21500	309218.680474005	21500	436933.389401369
22000	-5786543.45074569	22000	251357.236713039	22000	1925617.65187825	22000	-438330.556557030
22500	-6152371.96431151	22500	-1144875.21051731	22500	-945486.680251589	22500	279117.207165848
23000	-3832233.00407415	23000	-1078675.43184996	23000	750196.776811945	23000	-5545.40280701055
23500	-3730642.57903887	23500	1280806.66058332	23500	926648.152226714	23500	982218.861265889
24000	1533359.20904704	24000	1661075.58345175	24000	-404860.435788605	24000	2180007.78908609
24500	2696654.59208475	24500	-556152.221299620	24500	801116.338885943	24500	271044.335530933
25000	712848.370353993	25000	154059.023494977	25000	-652783.900568867	25000	-61498.7909225443
25500	-618178.971286946	25500	10181.0782887244	25500	76193.1572857594	25500	-390023.722062910
26000	2130378.97992091	26000	492055.078271287	26000	-13866.7179941936	26000	633581.194584290
26500	1618295.15269694	26500	270423.202150044	26500	-306014.309493986	26500	985915.673705597
27000	-603672.955942424	27000	-1289102.72761166	27000	936694.086409563	27000	393472.209542033
27500	-1055820.32273625	27500	647219.233042297	27500	-622484.845445591	27500	-153810.597384107
28000	603552.395758799	28000	761516.647808613	28000	426779.812967003	28000	599436.883194325
28500	-229174.116000319	28500	-546035.197917089	28500	842842.911732283	28500	-936600.013622069
29000	-516269.917838800	29000	-510067.671498846	29000	298630.584204781	29000	625555.983779801
29500	-1635296.81792344	29500	530465.347300940	29500	500145.162392274	29500	-574204.178268294
30000	-1931299.21892201	30000	-40844.3684327931	30000	393668.255500894	30000	487491.363034666
30500	-115842.486742324	30500	589280.270462648	30500	-518317.492790414	30500	-292867.050039431
31000	99190.4100080637	31000	114276.177774756	31000	1276284.25308758	31000	373594.966726855
31500	1255260.40237382	31500	1529469.90244814	31500	550108.640599222	31500	1585752.05217998
32000	4152662.62508431	32000	423770.283170823	32000	-439607.566539362	32000	-14834.7232440808
32500	140747.801683372	32500	669780.369110116	32500	238869.329396351	32500	741478.824245104
33000	1189600.84592644	33000	337120.882259977	33000	508873.645574641	33000	1177170.40556440
33500	931248.878546483	33500	539043.141810251	33500	-332175.594525269	33500	-523084.838191861
34000	-1245999.86163065	34000	767866.042440603	34000	190363.483047012	34000	-473860.422497469
34500	310291.845777744	34500	2028409.65872259	34500	-334768.505931763	34500	-1232817.16589978
35000	1268935.27580322	35000	389557.130630168	35000	281749.836608029	35000	826890.179118901
35500	-2087772.61048485	35500	709798.496339882	35500	-272815.761690237	35500	-761561.699361839
36000	-3760943.18272188	36000	-1103052.95622747	36000	775153.981609333	36000	-165031.115667248
36500	-2413102.43532216	36500	-487911.709520805	36500	-712606.248446206	36500	-768254.806315375
37000	1216585.33687517	37000	266571.298531794	37000	-651448.613054320	37000	-83714.7460119535
37500	2565878.20587514	37500	2179232.82776301	37500	440022.142315572	37500	1136711.57369516
38000	4336045.85645376	38000	-941643.671521448	38000	899152.667419370	38000	-251730.023978425
38500	1990680.48621067	38500	-10751.8219134427	38500	-1108887.16496657	38500	-657576.157720936
39000	4196557.22994092	39000	504749.424885647	39000	734661.512271548	39000	976599.875943912
39500	1400978.55752186	39500	565777.065271264	39500	109315.643000675	39500	1021717.26564477
40000	277520.382429466	40000	620365.938969605	40000	340610.045966766	40000	575479.483942143
40500	2280778.12824564	40500	206823.470663804	40500	-1028712.33917712	40500	-1730873.82480848
41000	-1079934.11568973	41000	795491.001769359	41000	1386509.20642421	41000	51570.4511665008
41500	-2776600.66425218	41500	-476007.970985827	41500	453372.139609336	41500	386586.429924922
42000	-131077.556353133	42000	520297.141645945	42000	1676002.71207822	42000	355726.594530276
42500	-1087132.90049735	42500	891519.251000925	42500	-132451.012968277	42500	631260.317491923
43000	678633.122278960	43000	-634551.029536321	43000	603995.660490572	43000	-1033735.39412164
43500	1614444.85599701	43500	474379.350223996	43500	284227.907410977	43500	904735.789928400
44000	1023134.48592716	44000	-242703.966294321	44000	480386.180982063	44000	-793559.350434194
44500	2796420.95446705	44500	-1711198.99469450	44500	-1042171.41160273	44500	343476.667623809
45000	-3220458.07093841	45000	153283.639202722	45000	92715.9511789338	45000	-778758.384361036
45500	-1293143.18919727	45500	-731710.064964700	45500	337056.287824478	45500	-760532.044878650
46000	-2839301.62943372	46000	124209.483046085	46000	615290.074610231	46000	-169924.012104176
46500	-2554272.62275484	46500	789271.157704098	46500	342204.415336110	46500	-464581.319718983
47000	-772838.874171516	47000	527898.077792315	47000	331463.392731514	47000	1319763.50054980
47500	-3648719.36489761	47500	49269.6391218497	47500	-462120.406154032	47500	683914.870940303
48000	-2233736.41181035	48000	714260.446426673	48000	-1299200.84215212	48000	748245.049614117
48500	-2292208.63308948	48500	-535003.134834956	48500	-304118.892726147	48500	423643.241535039
49000	76021.5697805123	49000	517712.139637010	49000	1242207.90415466	49000	-154336.046395682
49500	-1015176.72516254	49500	-535109.860355068	49500	135514.421720848	49500	-253201.025706521
50000	-318668.027371739	50000	522244.589789211	50000	-121723.326212310	50000	227658.544043518
50500	1365495.72346145	50500	-568100.469201321	50500	18118.6247253494	50500	-794988.736617674
51000	266639.824157389	51000	-717761.544532695	51000	-514043.038362585	51000	-1346581.75451054
51500	343145.482085738	51500	297837.053373640	51500	-504158.814890035	51500	33838.8215236418
52000	835837.667002296	52000	-1061635.35139187	52000	-351407.640593703	52000	1182698.55677716
52500	3632128.15420063	52500	-203778.202390519	52500	-482536.935479080	52500	-866152.759080976
53000	1795665.34589732	53000	808587.771112881	53000	899390.759033440	53000	685275.225056364
53500	1959122.78913246	53500	1660311.54359637	53500	-11174.1065993190	53500	-120540.725592559
54000	2657708.44604063	54000	-574340.231687638	54000	-66233.8104077479	54000	374567.266044516
54500	3314077.03140280	54500	374446.897165050	54500	133491.013546573	54500	750776.490894033
55000	2598479.37262198	55000	116525.436084840	55000	432153.996298299	55000	767777.351442432
55500	1174172.52600593	55500	496727.191838554	55500	381381.032111368	55500	443562.679185371
56000	2358650.89889026	56000	334526.261098880	56000	1159776.96226039	56000	96014.4535183258
56500	438909.816514022	56500	136208.788202683	56500	52320.3889050162	56500	130882.185019847
57000	1419947.13643373	57000	840078.423505915	57000	-516809.207998244	57000	1023369.82521959
57500	2916721.51718920	57500	466662.578912657	57500	-519940.186682352	57500	-67012.4537916751
58000	3525503.33872480	58000	478988.603749747	58000	-175183.390030477	58000	525933.492811711
58500	525899.357460800	58500	-731713.152378683	58500	-597563.013538159	58500	-730402.048358588
59000	213883.110097358	59000	1145001.68080043	59000	580778.144547345	59000	-207657.754075811
59500	-3951857.01067171	59500	837449.856219433	59500	423503.609030060	59500	-651668.118247329
60000	-1699070.96128715	60000	973973.314904465	60000	1071554.66818899	60000	-1007287.98917317
60500	-1382404.17676676	60500	-738404.069932632	60500	1496925.11686192	60500	60579.9465238152
61000	934058.663398438	61000	116314.175342990	61000	615282.205010826	61000	-55511.8556147951
61500	258909.251276962	61500	-405931.727128601	61500	-557956.166029791	61500	2081842.60759333
62000	-452478.999317779	62000	-116502.578933464	62000	-224178.717624273	62000	306234.308672030
62500	-2361323.63895808	62500	390740.029022674	62500	36869.3843639221	62500	298128.323791890
63000	-6718981.45050361	63000	571124.325141518	63000	685739.998715140	63000	389445.919825233
63500	-4427008.70532970	63500	282303.042066742	63500	433312.339708171	63500	831119.041825306
64000	-2920553.07909719	64000	478514.275408208	64000	-1130661.44780301	64000	-880564.982037788
64500	645781.859281966	64500	-601248.452314168	64500	251939.567024898	64500	-1057153.34071292
65000	40932.1270776964	65000	-384468.056331963	65000	-727875.917889756	65000	-742119.135208674
65500	1060812.35556340	65500	754555.229542845	65500	97612.9941814267	65500	670995.565035178
66000	1236057.87778816	66000	1449720.16939599	66000	-1430354.44399007	66000	-714065.678647348
66500	417698.571042242	66500	345852.982849299	66500	-293099.148360571	66500	706782.633289038
67000	-584905.723914831	67000	1055868.57012424	67000	1203149.48677998	67000	-926488.489075141
67500	-2486549.71134637	67500	723704.774951875	67500	-211733.146453347	67500	-535257.551077902
68000	-6393145.68564787	68000	-303625.957362569	68000	917350.334853084	68000	295203.570189184
68500	-2241270.27271747	68500	922677.556988468	68500	734351.926087629	68500	79744.0899576729
69000	-2344004.93704734	69000	-1454513.42102882	69000	-231099.520808049	69000	-892162.776402657
69500	-3886579.19684853	69500	1121997.64979816	69500	328530.360595049	69500	-804050.195895437
70000	-1211991.95053218	70000	371873.276517955	70000	495463.343280487	70000	723258.985412800
70500	-363691.863809542	70500	-310215.841172256	70500	-390969.512479770	70500	-307399.242234031
71000	-2037239.32981030	71000	-411894.840457532	71000	748104.089341795	71000	-681430.280116178
71500	-647727.273261421	71500	-653736.797528483	71500	88489.2983006861	71500	182895.495434360
72000	-557978.721900424	72000	-867784.134223269	72000	-941209.876832652	72000	1009491.24501171
72500	-2066954.66960018	72500	49230.2726758880	72500	-1190349.74097625	72500	-63297.3914948028
73000	-1609348.16355074	73000	-1434935.22214391	73000	342760.899883398	73000	-650841.711812339
73500	-2116127.32064463	73500	1380458.26715707	73500	-359452.562537391	73500	-876230.153932212
74000	-732084.494470637	74000	977857.168960963	74000	29386.7455244713	74000	-665954.615317918
74500	-3351225.49056741	74500	-616817.134176347	74500	271943.121578718	74500	415631.485874093
75000	-1245369.50584936	75000	-308835.133723838	75000	-204214.793380440	75000	-327982.624722470
75500	-3106001.90841419	75500	1363701.78514478	75500	1096932.06761728	75500	868065.555336977
76000	-4774714.06545301	76000	-317747.630168964	76000	-231408.082356376	76000	986585.780117070
76500	-4583357.40461261	76500	-693458.568456521	76500	-477904.240317414	76500	-495621.033933332
77000	-1347479.24443404	77000	809282.675621934	77000	845066.820358926	77000	-700692.570113983
77500	-706469.346713540	77500	1033825.19919476	77500	-278460.210970334	77500	356392.317564741
78000	240581.462245250	78000	585247.713801500	78000	-489163.579796479	78000	30090.3084639408
78500	-1792461.30367202	78500	-225619.702049475	78500	1284093.44181998	78500	-619467.000994528
79000	2913972.73341320	79000	-224949.432754614	79000	-165320.575615878	79000	356988.988133494
79500	-3637561.15113506	79500	-838281.392726627	79500	-219825.349314219	79500	-250210.698432975
80000	-5239387.46267897	80000	-168813.415663800	80000	-565608.349023476	80000	-516341.012370676
80500	-3702441.82929434	80500	1101597.54388078	80500	-997677.864374463	80500	-282308.289813896
81000	-3661838.32032544	81000	475158.021078165	81000	-44005.1724713487	81000	248287.187650570
81500	-3023387.97854852	81500	458998.094673576	81500	-417460.999899970	81500	490619.174190827
82000	-2550239.69118618	82000	516085.104143472	82000	-219101.395455218	82000	750946.800964178
82500	-5435681.50557685	82500	499772.828515838	82500	1129986.09354382	82500	895246.008183337
83000	-8207192.15574691	83000	-251769.955332704	83000	-834549.864170889	83000	-299221.483809709
83500	-7361583.16523018	83500	-640929.774426564	83500	316701.391518775	83500	277061.175826866
84000	-5584733.82112509	84000	324676.443040017	84000	1233647.22588707	84000	-243194.144379039
84500	-2757855.93300843	84500	-1409518.29973900	84500	-539980.093752241	84500	489075.202731877
85000	-3024320.33637927	85000	556325.963585279	85000	528407.785925999	85000	-1275227.08268158
85500	-2247743.90270220	85500	211990.909782925	85500	486130.312227746	85500	217166.757227209
86000	1003513.03597400	86000	-263675.288340655	86000	1291644.37177740	86000	638830.561690934
86500	16300.9618545624	86500	-634578.335661091	86500	-350024.087725580	86500	423189.238483542
87000	3152951.69421802	87000	576531.652367721	87000	294374.063056219	87000	-666487.970957612
87500	-2851330.19356325	87500	658349.084704582	87500	341872.192963337	87500	-1049858.95721451
88000	-354278.405377985	88000	7527.53315262959	88000	385363.951396434	88000	67251.9210551700
88500	1205815.70298260	88500	293481.882593014	88500	525022.055072695	88500	676928.184036134
89000	2625419.57469228	89000	-350945.660136971	89000	-323041.059922583	89000	-44846.2320227871
89500	5647253.20324037	89500	904029.741800612	89500	121187.393457724	89500	-1084423.32995414
90000	8378544.72395456	90000	-50444.9318576927	90000	-144923.606642989	90000	1233149.46087664
90500	8130353.04565707	90500	-252898.530313886	90500	-517323.702048374	90500	-2132420.42826264
91000	5790539.07661423	91000	-40332.2137671432	91000	125681.538658094	91000	-311341.885774284
91500	5560596.87863506	91500	69167.8733329833	91500	1757903.03831255	91500	-159135.498945125
92000	2157150.37999639	92000	-253179.800218641	92000	394279.737834713	92000	393499.889087279
92500	3022076.03037568	92500	912002.356199957	92500	-2538.55041742864	92500	-781840.891435539
93000	1286590.21051899	93000	243150.546926091	93000	417988.147719498	93000	-694663.009017927
93500	-743521.679087552	93500	-212618.723920216	93500	-690267.359766012	93500	-101161.468137854
94000	-3026440.69674323	94000	-618356.578198612	94000	-453283.958487959	94000	721797.975495178
94500	-3411705.61489495	94500	657014.132233700	94500	-246318.563743293	94500	605444.755187782
95000	-4717247.01163416	95000	-96728.1154867555	95000	-854886.440696197	95000	701506.127869215
95500	-2043787.90820254	95500	-638965.228918251	95500	301201.608467922	95500	-880452.180431890
96000	-3621161.98773176	96000	-623447.238856227	96000	-6292.15217211609	96000	-691565.962567014
96500	-4373541.17331622	96500	79116.5727393865	96500	-423329.543784992	96500	-98920.2046076962
97000	-3980760.25106904	97000	-438511.552655686	97000	81203.9214468518	97000	-680422.456375967
97500	-4309311.22128835	97500	533684.170008869	97500	-932330.361598447	97500	-439194.912277665
98000	-4059004.01136996	98000	11119.0789266993	98000	383489.473932887	98000	752475.961273681
98500	-905596.517969265	98500	543337.633320281	98500	-62282.6758786223	98500	-249499.563746390
99000	-119271.687713690	99000	-610509.949729588	99000	-825418.590525561	99000	-374329.101346302
99500	4021979.26475381	99500	30756.1453876451	99500	-439272.548258772	99500	35036.5557674955
100000	4069629.93421198	100000	823696.104975790	100000	-268836.579306522	100000	-1574762.96947762
100500	3629736.76559673	100500	-60475.2476885499	100500	400842.869079989	100500	-184747.876294996
101000	1588352.41517274	101000	116931.433332825	101000	-1046780.49416566	101000	-913080.143237505
101500	50655.0175919771	101500	1118659.71450689	101500	692316.147329806	101500	55070.3402722543
102000	1085151.12423044	102000	-573890.419113059	102000	207080.883130867	102000	-53685.8567255991
102500	-203150.253706826	102500	-138931.942301666	102500	202212.194771431	102500	170278.933696716
103000	1741154.17435203	103000	-245420.702476926	103000	215358.211612473	103000	-107167.083888513
103500	2618948.11742177	103500	293056.449807078	103500	365140.613907776	103500	372522.887974596
104000	2109952.93019286	104000	-169351.475811108	104000	-447272.490106798	104000	-785979.958039772
104500	3254299.86760536	104500	685863.275176308	104500	642999.379928275	104500	260853.283398959
105000	1430452.58255156	105000	947817.383884473	105000	452998.148844436	105000	794754.761730190
105500	3371546.81035592	105500	-522566.577627429	105500	-381038.123267015	105500	290978.189525783
106000	3256744.82700691	106000	-620105.112769243	106000	-1102256.19444492	106000	-584959.784091890
106500	4453291.97105863	106500	-801075.503774319	106500	-546797.968793464	106500	-132712.422564232
107000	7166865.75599260	107000	625243.134383050	107000	102478.301098411	107000	186169.741338273
107500	5725022.25355459	107500	122269.700762715	107500	-855071.753241257	107500	390854.108308471
108000	5826598.17586455	108000	48773.2985609032	108000	-19768.3718263259	108000	-18592.1153992201
108500	5475886.03724550	108500	688621.407009132	108500	737712.100334630	108500	-654450.783861298
109000	4127840.43979900	109000	1192112.64601145	109000	959791.255752029	109000	482839.043237485
109500	3953490.31527124	109500	-319492.478843249	109500	-26723.8784535469	109500	268511.804987846
110000	4109191.81471200	110000	697826.510472584	110000	1268225.48409440	110000	615232.333703034
110500	882438.952947136	110500	-648046.886452342	110500	-144476.527285469	110500	185239.519292321
111000	-1664141.26001301	111000	-774917.050444736	111000	457175.781987120	111000	141988.570239792
111500	-4961465.13200602	111500	230139.379303694	111500	-7105.63343381146	111500	269966.765404081
112000	-1021554.48261156	112000	82291.0470461101	112000	-1056750.36780546	112000	33796.7783577949
112500	-341503.288684195	112500	1613161.59427598	112500	-254922.609489870	112500	-444039.152570225
113000	-449563.572418821	113000	173084.937492774	113000	-316875.379726705	113000	-22247.9349711927
113500	541226.379892002	113500	1262059.85073999	113500	-608292.140855113	113500	687146.947724954
114000	-1665765.84510078	114000	767289.512909378	114000	-99121.3585575370	114000	-1066996.35897000
114500	-3028546.54836030	114500	845269.097669477	114500	-464886.089163505	114500	1155022.56914970
115000	2065050.82274990	115000	-652600.040126132	115000	-290389.873887631	115000	-1035930.11065625
115500	271944.980028046	115500	-263055.305124159	115500	921984.841898632	115500	-1068587.89158294
116000	981555.326468305	116000	685505.323867614	116000	-329575.111100840	116000	76721.1715878044
116500	2133741.16753009	116500	551924.713442878	116500	1079707.32035084	116500	-835567.561184646
117000	1580375.97439877	117000	-3416.22218829109	117000	1107245.45484348	117000	145572.936615381
117500	606053.673412509	117500	-11075.9531432929	117500	-1409613.34120040	117500	-20461.0139201565
118000	-230790.298190194	118000	-748825.806124619	118000	-610838.016563161	118000	-1771853.79146437
118500	831818.552980221	118500	429592.704190132	118500	451305.907740220	118500	-1336320.16312929
119000	1685590.86162661	119000	957667.357205684	119000	-42559.4001796767	119000	-924199.065786668
119500	3133085.35256987	119500	279146.405115857	119500	-185061.760246727	119500	-861632.138155373
120000	2630424.85185604	120000	661132.078266586	120000	-206102.276238828	120000	-865895.348421808
120500	91771.7631402170	120500	1027888.10554552	120500	1790686.42708550	120500	392431.102172243
121000	-3187121.18204919	121000	-702215.076725584	121000	228296.911402778	121000	870315.952199673
121500	-1044512.02114056	121500	1189516.19192295	121500	395180.622088528	121500	1256565.42952712
122000	-2510282.45413239	122000	-474301.001353206	122000	-327554.378858640	122000	-1207847.32007523
122500	-3115885.56881049	122500	-688459.761724011	122500	1104980.31433723	122500	-854031.304738553
123000	-1052271.34504976	123000	-627923.147165645	123000	461881.939845566	123000	-942349.573458563
123500	-3250039.56874443	123500	-178349.814064599	123500	-502946.217652614	123500	1289434.62006577
124000	-1344135.58798258	124000	-1302544.31712874	124000	-934310.304834687	124000	-567204.468229421
124500	-1493696.71112700	124500	158117.319210409	124500	257230.641425198	124500	46386.6415207200
125000	-3455604.21004068	125000	-1095975.29917410	125000	-699644.144987565	125000	1514228.55457754
125500	-358264.778685990	125500	169863.080545264	125500	419489.514540286	125500	318906.213745875
126000	-1508829.85825799	126000	284278.972686056	126000	-298119.026491175	126000	2294604.73345342
126500	-1685256.74563442	126500	948944.462848030	126500	700022.703267714	126500	-67163.9125116654
127000	-2567296.09264411	127000	-368242.556823903	127000	-318378.629977688	127000	598524.756863044
127500	-414918.681149548	127500	908327.793276218	127500	-1091283.77956105	127500	679035.918830872
128000	1678565.57823036	128000	589714.507145598	128000	-65808.1985624009	128000	300023.970102055
128500	1234962.59042613	128500	164019.512352694	128500	119939.259464239	128500	-1135947.20474571
129000	2000094.46099617	129000	142836.599726807	129000	585780.226558065	129000	-303301.248057393
129500	3807181.67848056	129500	-39062.4794894431	129500	-768314.644703693	129500	-942657.778488705
130000	4890403.69747503	130000	-467667.649029640	130000	154381.428755833	130000	679019.214001248
130500	3417741.32425747	130500	-449525.709265779	130500	-192224.853820369	130500	-440411.621196742
131000	4577016.11153413	131000	-68862.0005201285	131000	-109316.581451027	131000	670043.240235441
131500	1583254.97090770	131500	-277898.010763148	131500	-914590.689301370	131500	-1043537.13807410
132000	-1140800.83790004	132000	405153.830942004	132000	-962682.261930993	132000	29349.6164552621
132500	2146511.05847975	132500	-166128.611485011	132500	348716.345852984	132500	-71188.3848655053
133000	2022659.83893972	133000	138129.862446543	133000	-643751.591218457	133000	-16670.3638270820
133500	5041533.00003000	133500	892028.286989319	133500	-131474.652677022	133500	200694.471177492
134000	4852536.81068768	134000	565147.232590932	134000	270657.535548297	134000	649378.692525884
134500	5826352.22129093	134500	441854.642654955	134500	-428529.678536318	134500	394635.626807437
135000	4820910.73195946	135000	794787.345009388	135000	55081.7991288533	135000	-271355.548218275
135500	1229524.27200759	135500	-432504.060194916	135500	92586.3967263100	135500	17469.6023261377
136000	3923857.26849827	136000	1439394.12401161	136000	999945.642242833	136000	86261.7155213262
136500	6219635.59352790	136500	-303226.735699566	136500	504354.356531845	136500	51884.2774194204
137000	5406019.51008494	137000	684456.422936794	137000	53793.1843744903	137000	1501399.01698740
137500	5023781.79182565	137500	-139950.006796205	137500	314531.485026173	137500	-262561.959813993
138000	6823633.83249251	138000	-1165751.72361583	138000	-380814.362740204	138000	-471346.331499549
138500	5276650.26294745	138500	424380.459321425	138500	-20331.3755163518	138500	1720223.69982262
139000	5522246.87685930	139000	1570423.06179819	139000	673805.980983916	139000	-1442116.44476598
139500	2214983.50069809	139500	-1048301.21104535	139500	666860.654872335	139500	551284.289474344
140000	511009.197463312	140000	34190.8130958884	140000	351779.340368577	140000	522550.002399486
140500	2970310.49129990	140500	715383.565261375	140500	226913.238803406	140500	-178655.693613111
141000	843565.572353895	141000	-71924.5164080781	141000	-1110906.76435954	141000	48939.5804993613
141500	499858.548139045	141500	358110.875937491	141500	-4380.93277850736	141500	-313590.639364373
142000	2054464.62878276	142000	379023.638774962	142000	467155.077715186	142000	492672.774032891
142500	1282424.31633123	142500	-110376.244731736	142500	546275.552868459	142500	130214.676493908
143000	-53071.5652446409	143000	-897895.608023987	143000	-909127.213990870	143000	420809.162641936
143500	1696032.71443794	143500	-1052510.36969898	143500	-225377.155031256	143500	225376.181908223
144000	3412267.44741537	144000	-689665.564200254	144000	-10749.9485261083	144000	-65123.7653269045
144500	3641564.19961913	144500	-304240.192582281	144500	-573475.525245565	144500	-348759.909302380
145000	2911247.41820537	145000	-409040.253632485	145000	-785663.250518186	145000	-547684.102561043
145500	5302010.03436677	145500	358297.046092856	145500	-399959.092003896	145500	-188381.181789846
146000	5403933.39407585	146000	-741085.048405251	146000	892153.685347773	146000	-672052.913179709
146500	2807352.62389558	146500	-585262.003551545	146500	309807.057138962	146500	865854.155581601
147000	2866518.49717066	147000	-439954.778317776	147000	717058.488254793	147000	1125281.00098129
147500	4478360.51466400	147500	1277595.09356820	147500	-314375.217280060	147500	306983.551121155
148000	3704803.91773422	148000	-205883.701696790	148000	-467516.255681080	148000	134526.900086329
148500	3730417.62659714	148500	565150.746534159	148500	-690979.505093917	148500	-718599.945259061
149000	-188917.240557571	149000	297516.712288645	149000	-431223.276944823	149000	48888.9401660643
149500	-223954.477423816	149500	384109.559227701	149500	-968188.283280444	149500	-981457.528991601
150000	-595971.568207993	150000	-739857.171127192	150000	-753961.059265275	150000	503052.594631054
150500	-686519.215261888	150500	212734.295540641	150500	425125.576747161	150500	529961.025966625
151000	-2259151.15780479	151000	-613455.242666862	151000	206107.524093800	151000	53115.3001353400
151500	-2784745.00482310	151500	-251783.856103301	151500	21094.6850279688	151500	-170942.922424896
152000	2148033.94672382	152000	796964.706103286	152000	531055.561155773	152000	748643.711839672
152500	1865402.52511710	152500	585559.205013930	152500	-46401.5073324452	152500	-235608.658998116
153000	-976461.808868664	153000	173673.685485362	153000	-586616.768738520	153000	1534836.90324403
153500	641679.035949645	153500	-320905.719587015	153500	-61085.8544088942	153500	466344.231391517
154000	-3627762.29054607	154000	326498.111289986	154000	-793508.902022615	154000	249053.552753720
154500	-2373317.15600984	154500	-687058.361787611	154500	-901386.509004749	154500	-423549.898617575
155000	-1670454.64706732	155000	-180847.958202197	155000	-558276.861063359	155000	365971.628603181
155500	782237.665244185	155500	-222447.544319602	155500	494836.907178684	155500	-330950.592679701
156000	248190.677831835	156000	-702928.043516903	156000	1222269.25751448	156000	-487970.451947938
156500	-346908.517141257	156500	-467969.369817134	156500	-23254.4157949268	156500	248170.423303231
157000	-777572.107398972	157000	-580264.956161427	157000	438924.859230412	157000	1908729.89043432
157500	366204.654605663	157500	379929.097710922	157500	-96116.8401122339	157500	53103.1138919651
158000	-1207366.16386177	158000	457646.084077832	158000	-1075166.87170613	158000	1819699.44174756
158500	-2788943.31316448	158500	-802162.973370814	158500	-612500.500182655	158500	63900.2535583742
159000	116976.298389234	159000	-1016567.76235806	159000	593595.706353971	159000	1041021.35546767
159500	-526196.200224177	159500	-448774.641046983	159500	744765.624192498	159500	-1577875.50879859
160000	-1462613.57867913	160000	530150.959262038	160000	-1000903.64585220	160000	-463618.045088151
160500	3254419.70021262	160500	131559.260136818	160500	-1420575.92342753	160500	-6204.25546739296
161000	926354.861656765	161000	1009360.36406273	161000	562940.505338795	161000	-173500.725540093
161500	2706978.16885286	161500	-22842.4998881708	161500	208290.770183142	161500	-214811.526479948
162000	1309182.41255357	162000	-1426679.39935897	162000	535774.843204916	162000	891218.441295329
162500	-3117280.91458163	162500	1406044.53453270	162500	-581506.940642120	162500	649660.595069405
163000	-2721806.47677465	163000	165348.117368450	163000	1534402.72523041	163000	894752.150379808
163500	-3663197.89534181	163500	22563.2209986674	163500	863922.770513958	163500	-1015880.03002120
164000	-3007109.04122510	164000	2227424.44260467	164000	-103395.094874222	164000	308752.385600487
164500	-3952258.48739994	164500	454560.149581963	164500	-62731.2604778016	164500	-110132.342765254
165000	-6701715.19837782	165000	-1047815.69711063	165000	891428.155647579	165000	-661486.339312420
165500	-4903958.13403465	165500	-530189.098295150	165500	22300.9577743668	165500	-512626.432755549
166000	-2955202.33547575	166000	-1191692.43058176	166000	-1609133.76665188	166000	-467228.846733412
166500	-1418855.35827003	166500	-121554.882207541	166500	-1123853.40494917	166500	-416247.212572779
167000	-3199156.67908411	167000	914414.078345123	167000	699690.284583712	167000	1363689.94627686
167500	99694.3331159654	167500	1801544.58301179	167500	-622540.300380529	167500	699767.963563643
168000	-1487668.44621060	168000	313236.906806462	168000	694999.826705338	168000	833142.467900218
168500	-2810323.44868129	168500	-604344.969176938	168500	-258406.299736120	168500	-521947.220504751
169000	-1590762.21895511	169000	78592.4394928752	169000	35971.8142297889	169000	-527777.344202289
169500	657592.756253297	169500	267824.241311207	169500	450699.946356889	169500	1483621.98084302
170000	-966742.150605826	170000	-66366.1143704576	170000	79062.5478635976	170000	570098.903486738
170500	-1548296.25912808	170500	251327.658529263	170500	-821665.732493947	170500	852719.190831740
171000	102441.254782491	171000	-344048.694273619	171000	743199.598225962	171000	647626.812677746
171500	1208128.32964899	171500	-601532.281386741	171500	-365939.252252781	171500	1024951.34577172
172000	1556465.09601199	172000	-619829.934488769	172000	-537643.278670663	172000	368623.764454037
172500	2576176.09067699	172500	-1070707.13165108	172500	700905.348676628	172500	1152056.11430700
173000	-109562.115362661	173000	182591.460178202	173000	-106676.382564190	173000	1180683.43009452
173500	1516108.34786307	173500	406050.711619237	173500	-376491.225768866	173500	-594007.710474023
174000	-5324776.26604003	174000	1013681.65360720	174000	169721.952021862	174000	-376910.702212427
174500	-2515693.46367538	174500	-197876.505434673	174500	-495297.561861833	174500	-581546.616763551
175000	-4131370.71759955	175000	-252495.632030968	175000	-1478705.80432694	175000	-751547.372423934
175500	-3468418.96549071	175500	461272.798357694	175500	761344.960650587	175500	819529.180017782
176000	-5585625.43751927	176000	-764710.184734050	176000	-436682.440568163	176000	88776.3850696596
176500	-1874108.19305044	176500	-1110111.10067337	176500	1019217.60723893	176500	-116589.423509977
177000	-2011957.08388918	177000	-104198.951506741	177000	-834311.177405122	177000	-255370.373221211
177500	-249928.385089076	177500	930458.953909737	177500	-34150.5900571884	177500	-1434910.58539725
178000	-1369667.15159613	178000	-429713.633581946	178000	-656171.534709471	178000	-1472978.25985940
178500	-1268635.72003118	178500	335955.963548864	178500	-515914.391471649	178500	251888.828877190
179000	-560302.494387061	179000	-158558.169556160	179000	860956.163409208	179000	-845957.705625241
179500	-571895.713385845	179500	232355.300712470	179500	-12097.3044669712	179500	-257652.743120696
180000	2695228.66745954	180000	-499804.059348223	180000	566390.295115147	180000	-1461370.94488302
180500	176263.420382557	180500	472448.377688230	180500	-923136.569138417	180500	-34476.8465532774
181000	-4885400.87564575	181000	514349.868879094	181000	-757371.581652873	181000	485433.672374138
181500	-2548870.76774846	181500	-265241.996829416	181500	77534.4217740466	181500	747556.680367143
182000	-4441836.08336375	182000	953300.951775309	182000	-74107.4107742484	182000	-1089929.05170895
182500	-1234353.21216905	182500	-922248.743959783	182500	-1499189.70605665	182500	225775.488465127
183000	177161.125910549	183000	322745.059393586	183000	-844333.349060304	183000	401322.765305454
183500	893788.943956071	183500	75996.1019709296	183500	-90512.4163630225	183500	806253.772210432
184000	1197524.67112382	184000	-116674.495477119	184000	-1077754.23757379	184000	769816.121122843
184500	1573879.45881341	184500	-604394.947248722	184500	-586190.113770783	184500	-531482.649706208
185000	4622035.46418574	185000	8070.33796517969	185000	167397.319953850	185000	500598.946802505
185500	255825.477771770	185500	-18272.8158399183	185500	-1382120.19138348	185500	1503511.55005502
186000	160171.540657765	186000	-286956.581915773	186000	906234.230191278	186000	884744.268501802
186500	895385.630113104	186500	-627582.348228573	186500	-1237100.86997100	186500	-690449.267582285
187000	2153656.40285616	187000	-452034.113307203	187000	1986140.79728193	187000	-598712.604712299
187500	2136549.33562457	187500	301556.892107103	187500	-200292.476991420	187500	-183876.346604052
188000	1137788.82705958	188000	-236650.530594274	188000	-1000955.44969863	188000	-931646.667706092
188500	2772504.87010267	188500	841461.511437829	188500	933417.136819461	188500	627057.575452399
189000	3899623.56145489	189000	544684.970427634	189000	343995.070554113	189000	-730606.546391290
189500	1406177.11124581	189500	-160673.652605559	189500	570823.187302042	189500	-1290688.50728737
190000	-1154464.54747144	190000	1045197.04924960	190000	-415366.926057792	190000	-872059.891209399
190500	125195.919366312	190500	802452.301755451	190500	-72217.5391265801	190500	585300.720896190
191000	-59024.3410444884	191000	806140.856919830	191000	-325094.802349291	191000	-146832.717001420
191500	-3143624.45576215	191500	1118400.73825124	191500	-900472.830176184	191500	-332786.660167153
192000	-4485909.91697893	192000	-1037835.06759109	192000	226004.202152670	192000	682449.003769766
192500	-4970561.18637043	192500	76508.0860808991	192500	132797.596221101	192500	262181.898123669
193000	-4404829.28151366	193000	1696601.81431194	193000	-569832.780958637	193000	1113886.73572164
193500	-5586149.32808459	193500	596843.492459458	193500	561944.433955238	193500	1450543.61767396
194000	-1092783.82245264	194000	115583.938879077	194000	795721.138970898	194000	-93390.6008987928
194500	-3558357.38633424	194500	-824387.684706452	194500	112205.826538360	194500	-268567.401191277
195000	-2698652.62428573	195000	367917.719004919	195000	-577280.764685952	195000	455645.885616926
195500	3280687.97470311	195500	-123781.154440780	195500	-593388.576115907	195500	231555.186314740
196000	-113985.753153463	196000	-422109.718008422	196000	1610471.04370486	196000	196077.758017642
196500	1694479.02601571	196500	-465714.397358875	196500	-381636.656127216	196500	768873.964467443
197000	3309052.02931877	197000	1162908.53148918	197000	125704.869274560	197000	341523.309959058
197500	4823026.24182906	197500	-645181.895591601	197500	-882933.103585582	197500	-309237.272427584
198000	3920954.59358650	198000	372963.342112083	198000	-480826.762153726	198000	573211.947852263
198500	505882.900744748	198500	44711.8034419180	198500	969533.620036760	198500	-576224.638679944
199000	149234.623381744	199000	427824.295282906	199000	-1979228.88985500	199000	1625176.57600372
199500	1520918.45828532	199500	88062.0683099984	199500	838101.545953835	199500	598947.732924161
200000	-3236391.61524097	200000	161075.424271289	200000	1872.89252381384	200000	36899.9736304644
