#	SIM_20_0.05_-0		#	SIM_20_0.05_-10		#	SIM_20_0.05_-15		#	SIM_20_0.05_-2		#	SIM_20_0.05_-4		#	SIM_20_0.05_-5		#	SIM_20_0.05_-6		#	SIM_20_0.05_-7		#	SIM_20_0.05_-8		#	SIM_20_0.05_-9	
1	1038.55107152663	1	1038.55107152663	1	1038.55107152663	1	1038.55107152663	1	1038.55107152663	1	1038.55107152663	1	1038.55107152663	1	1038.55107152663	1	1038.55107152663	1	1038.55107152663
2500	1038.55107152663	2500	1038.55107152663	2500	1038.55107152663	2500	1038.55107152663	2500	1038.55107152663	2500	1038.55107152663	2500	1038.55107152663	2500	1038.55107152663	2500	1038.55107152663	2500	1038.55107152663
5000	1038.55107152663	5000	1038.55107152663	5000	1038.55107152663	5000	1038.55107152663	5000	1038.55107152663	5000	1038.55107152663	5000	1038.55107152663	5000	1038.55107152663	5000	1038.55107152663	5000	1038.55107152663
7500	1038.55107152663	7500	1038.55107152663	7500	1038.55107152663	7500	1038.55107152663	7500	1038.55107152663	7500	1038.55107152663	7500	1038.55107152663	7500	1038.55107152663	7500	1038.55107152663	7500	1038.55107152663
10000	1038.55107152663	10000	1038.55107152663	10000	1038.55107152663	10000	1038.55107152663	10000	1038.55107152663	10000	1038.55107152663	10000	1038.55107152663	10000	1038.55107152663	10000	1038.55107152663	10000	1038.55107152663
12500	1038.55107152663	12500	1038.55107152663	12500	1038.55107152663	12500	1038.55107152663	12500	1038.55107152663	12500	1038.55107152663	12500	1038.55107152663	12500	1038.55107152663	12500	1038.55107152663	12500	1038.55107152663
15000	1038.55107152663	15000	1038.55107152663	15000	1038.55107152663	15000	1038.55107152663	15000	1038.55107152663	15000	1038.55107152663	15000	1038.55107152663	15000	1038.55107152663	15000	1038.55107152663	15000	1038.55107152663
17500	1038.55107152663	17500	1038.55107152663	17500	1038.55107152663	17500	1038.55107152663	17500	1038.55107152663	17500	1038.55107152663	17500	1038.55107152663	17500	1038.55107152663	17500	1038.55107152663	17500	1038.55107152663
20000	1038.55107152663	20000	1038.55107152663	20000	1038.55107152663	20000	1038.55107152663	20000	1038.55107152663	20000	1038.55107152663	20000	1038.55107152663	20000	1038.55107152663	20000	1038.55107152663	20000	1038.55107152663
22500	1038.55107152663	22500	1038.55107152663	22500	1038.55107152663	22500	1038.55107152663	22500	1038.55107152663	22500	1038.55107152663	22500	1038.55107152663	22500	1038.55107152663	22500	1038.55107152663	22500	1038.55107152663
25000	1038.55107152663	25000	1038.55107152663	25000	1038.55107152663	25000	1038.55107152663	25000	1038.55107152663	25000	1038.55107152663	25000	1038.55107152663	25000	1038.55107152663	25000	1038.55107152663	25000	1038.55107152663
27500	1038.55107152663	27500	1038.55107152663	27500	1038.55107152663	27500	1038.55107152663	27500	1038.55107152663	27500	1038.55107152663	27500	1038.55107152663	27500	1038.55107152663	27500	1038.55107152663	27500	1038.55107152663
30000	1038.55107152663	30000	1038.55107152663	30000	1038.55107152663	30000	1038.55107152663	30000	1038.55107152663	30000	1038.55107152663	30000	1038.55107152663	30000	1038.55107152663	30000	1038.55107152663	30000	1038.55107152663
32500	1038.55107152663	32500	1038.55107152663	32500	1038.55107152663	32500	1038.55107152663	32500	1038.55107152663	32500	1038.55107152663	32500	1038.55107152663	32500	1038.55107152663	32500	1038.55107152663	32500	1038.55107152663
35000	1038.55107152663	35000	1038.55107152663	35000	1038.55107152663	35000	1038.55107152663	35000	1038.55107152663	35000	1038.55107152663	35000	1038.55107152663	35000	1038.55107152663	35000	1038.55107152663	35000	1038.55107152663
37500	1038.55107152663	37500	1038.55107152663	37500	1038.55107152663	37500	1038.55107152663	37500	1038.55107152663	37500	1038.55107152663	37500	1038.55107152663	37500	1038.55107152663	37500	1038.55107152663	37500	1038.55107152663
40000	1038.55107152663	40000	1038.55107152663	40000	1038.55107152663	40000	1038.55107152663	40000	1038.55107152663	40000	1038.55107152663	40000	1038.55107152663	40000	1038.55107152663	40000	1038.55107152663	40000	1038.55107152663
42500	1038.55107152663	42500	1038.55107152663	42500	1038.55107152663	42500	1038.55107152663	42500	1038.55107152663	42500	1038.55107152663	42500	1038.55107152663	42500	1038.55107152663	42500	1038.55107152663	42500	1038.55107152663
45000	1038.55107152663	45000	1038.55107152663	45000	1038.55107152663	45000	1038.55107152663	45000	1038.55107152663	45000	1038.55107152663	45000	1038.55107152663	45000	1038.55107152663	45000	1038.55107152663	45000	1038.55107152663
47500	1038.55107152663	47500	1038.55107152663	47500	1038.55107152663	47500	1038.55107152663	47500	1038.55107152663	47500	1038.55107152663	47500	1038.55107152663	47500	1038.55107152663	47500	1038.55107152663	47500	1038.55107152663
50000	1038.55107152663	50000	1038.55107152663	50000	1038.55107152663	50000	1038.55107152663	50000	1038.55107152663	50000	1038.55107152663	50000	1038.55107152663	50000	1038.55107152663	50000	1038.55107152663	50000	1038.55107152663
52500	1038.55107152663	52500	1038.55107152663	52500	1038.55107152663	52500	1038.55107152663	52500	1038.55107152663	52500	1038.55107152663	52500	1038.55107152663	52500	1038.55107152663	52500	1038.55107152663	52500	1038.55107152663
55000	1038.55107152663	55000	1038.55107152663	55000	1038.55107152663	55000	1038.55107152663	55000	1038.55107152663	55000	1038.55107152663	55000	1038.55107152663	55000	1038.55107152663	55000	1038.55107152663	55000	1038.55107152663
57500	1038.55107152663	57500	1038.55107152663	57500	1038.55107152663	57500	1038.55107152663	57500	1038.55107152663	57500	1038.55107152663	57500	1038.55107152663	57500	1038.55107152663	57500	1038.55107152663	57500	1038.55107152663
60000	1038.55107152663	60000	1038.55107152663	60000	1038.55107152663	60000	1038.55107152663	60000	1038.55107152663	60000	1038.55107152663	60000	1038.55107152663	60000	1038.55107152663	60000	1038.55107152663	60000	1038.55107152663
62500	1038.55107152663	62500	1038.55107152663	62500	1038.55107152663	62500	1038.55107152663	62500	1038.55107152663	62500	1038.55107152663	62500	1038.55107152663	62500	1038.55107152663	62500	1038.55107152663	62500	1038.55107152663
65000	1038.55107152663	65000	1038.55107152663	65000	1038.55107152663	65000	1038.55107152663	65000	1038.55107152663	65000	1038.55107152663	65000	1038.55107152663	65000	1038.55107152663	65000	1038.55107152663	65000	1038.55107152663
67500	1038.55107152663	67500	1038.55107152663	67500	1038.55107152663	67500	1038.55107152663	67500	1038.55107152663	67500	1038.55107152663	67500	1038.55107152663	67500	1038.55107152663	67500	1038.55107152663	67500	1038.55107152663
70000	1038.55107152663	70000	1038.55107152663	70000	1038.55107152663	70000	1038.55107152663	70000	1038.55107152663	70000	1038.55107152663	70000	1038.55107152663	70000	1038.55107152663	70000	1038.55107152663	70000	1038.55107152663
72500	1038.55107152663	72500	1038.55107152663	72500	1038.55107152663	72500	1038.55107152663	72500	1038.55107152663	72500	1038.55107152663	72500	1038.55107152663	72500	1038.55107152663	72500	1038.55107152663	72500	1038.55107152663
75000	1038.55107152663	75000	1038.55107152663	75000	1038.55107152663	75000	1038.55107152663	75000	1038.55107152663	75000	1038.55107152663	75000	1038.55107152663	75000	1038.55107152663	75000	1038.55107152663	75000	1038.55107152663
77500	1038.55107152663	77500	1038.55107152663	77500	1038.55107152663	77500	1038.55107152663	77500	1038.55107152663	77500	1038.55107152663	77500	1038.55107152663	77500	1038.55107152663	77500	1038.55107152663	77500	1038.55107152663
80000	1038.55107152663	80000	1038.55107152663	80000	1038.55107152663	80000	1038.55107152663	80000	1038.55107152663	80000	1038.55107152663	80000	1038.55107152663	80000	1038.55107152663	80000	1038.55107152663	80000	1038.55107152663
82500	1038.55107152663	82500	1038.55107152663	82500	1038.55107152663	82500	1038.55107152663	82500	1038.55107152663	82500	1038.55107152663	82500	1038.55107152663	82500	1038.55107152663	82500	1038.55107152663	82500	1038.55107152663
85000	1038.55107152663	85000	1038.55107152663	85000	1038.55107152663	85000	1038.55107152663	85000	1038.55107152663	85000	1038.55107152663	85000	1038.55107152663	85000	1038.55107152663	85000	1038.55107152663	85000	1038.55107152663
87500	1038.55107152663	87500	1038.55107152663	87500	1038.55107152663	87500	1038.55107152663	87500	1038.55107152663	87500	1038.55107152663	87500	1038.55107152663	87500	1038.55107152663	87500	1038.55107152663	87500	1038.55107152663
90000	1038.55107152663	90000	1038.55107152663	90000	1038.55107152663	90000	1038.55107152663	90000	1038.55107152663	90000	1038.55107152663	90000	1038.55107152663	90000	1038.55107152663	90000	1038.55107152663	90000	1038.55107152663
92500	1038.55107152663	92500	1038.55107152663	92500	1038.55107152663	92500	1038.55107152663	92500	1038.55107152663	92500	1038.55107152663	92500	1038.55107152663	92500	1038.55107152663	92500	1038.55107152663	92500	1038.55107152663
95000	1038.55107152663	95000	1038.55107152663	95000	1038.55107152663	95000	1038.55107152663	95000	1038.55107152663	95000	1038.55107152663	95000	1038.55107152663	95000	1038.55107152663	95000	1038.55107152663	95000	1038.55107152663
97500	1038.55107152663	97500	1038.55107152663	97500	1038.55107152663	97500	1038.55107152663	97500	1038.55107152663	97500	1038.55107152663	97500	1038.55107152663	97500	1038.55107152663	97500	1038.55107152663	97500	1038.55107152663
100000	1038.55107152663	100000	1038.55107152663	100000	1038.55107152663	100000	1038.55107152663	100000	1038.55107152663	100000	1038.55107152663	100000	1038.55107152663	100000	1038.55107152663	100000	1038.55107152663	100000	1038.55107152663
102500	1038.55107152663	102500	1038.55107152663	102500	1038.55107152663	102500	1038.55107152663	102500	1038.55107152663	102500	1038.55107152663	102500	1038.55107152663	102500	1038.55107152663	102500	1038.55107152663	102500	1038.55107152663
105000	1038.55107152663	105000	1038.55107152663	105000	1038.55107152663	105000	1038.55107152663	105000	1038.55107152663	105000	1038.55107152663	105000	1038.55107152663	105000	1038.55107152663	105000	1038.55107152663	105000	1038.55107152663
107500	1038.55107152663	107500	1038.55107152663	107500	1038.55107152663	107500	1038.55107152663	107500	1038.55107152663	107500	1038.55107152663	107500	1038.55107152663	107500	1038.55107152663	107500	1038.55107152663	107500	1038.55107152663
110000	1038.55107152663	110000	1038.55107152663	110000	1038.55107152663	110000	1038.55107152663	110000	1038.55107152663	110000	1038.55107152663	110000	1038.55107152663	110000	1038.55107152663	110000	1038.55107152663	110000	1038.55107152663
112500	1038.55107152663	112500	1038.55107152663	112500	1038.55107152663	112500	1038.55107152663	112500	1038.55107152663	112500	1038.55107152663	112500	1038.55107152663	112500	1038.55107152663	112500	1038.55107152663	112500	1038.55107152663
115000	1038.55107152663	115000	1038.55107152663	115000	1038.55107152663	115000	1038.55107152663	115000	1038.55107152663	115000	1038.55107152663	115000	1038.55107152663	115000	1038.55107152663	115000	1038.55107152663	115000	1038.55107152663
117500	1038.55107152663	117500	1038.55107152663	117500	1038.55107152663	117500	1038.55107152663	117500	1038.55107152663	117500	1038.55107152663	117500	1038.55107152663	117500	1038.55107152663	117500	1038.55107152663	117500	1038.55107152663
120000	1038.55107152663	120000	1038.55107152663	120000	1038.55107152663	120000	1038.55107152663	120000	1038.55107152663	120000	1038.55107152663	120000	1038.55107152663	120000	1038.55107152663	120000	1038.55107152663	120000	1038.55107152663
122500	1038.55107152663	122500	1038.55107152663	122500	1038.55107152663	122500	1038.55107152663	122500	1038.55107152663	122500	1038.55107152663	122500	1038.55107152663	122500	1038.55107152663	122500	1038.55107152663	122500	1038.55107152663
125000	1038.55107152663	125000	1038.55107152663	125000	1038.55107152663	125000	1038.55107152663	125000	1038.55107152663	125000	1038.55107152663	125000	1038.55107152663	125000	1038.55107152663	125000	1038.55107152663	125000	1038.55107152663
127500	1038.55107152663	127500	1038.55107152663	127500	1038.55107152663	127500	1038.55107152663	127500	1038.55107152663	127500	1038.55107152663	127500	1038.55107152663	127500	1038.55107152663	127500	1038.55107152663	127500	1038.55107152663
130000	1038.55107152663	130000	1038.55107152663	130000	1038.55107152663	130000	1038.55107152663	130000	1038.55107152663	130000	1038.55107152663	130000	1038.55107152663	130000	1038.55107152663	130000	1038.55107152663	130000	1038.55107152663
132500	1038.55107152663	132500	1038.55107152663	132500	1038.55107152663	132500	1038.55107152663	132500	1038.55107152663	132500	1038.55107152663	132500	1038.55107152663	132500	1038.55107152663	132500	1038.55107152663	132500	1038.55107152663
135000	1038.55107152663	135000	1038.55107152663	135000	1038.55107152663	135000	1038.55107152663	135000	1038.55107152663	135000	1038.55107152663	135000	1038.55107152663	135000	1038.55107152663	135000	1038.55107152663	135000	1038.55107152663
137500	1038.55107152663	137500	1038.55107152663	137500	1038.55107152663	137500	1038.55107152663	137500	1038.55107152663	137500	1038.55107152663	137500	1038.55107152663	137500	1038.55107152663	137500	1038.55107152663	137500	1038.55107152663
140000	1038.55107152663	140000	1038.55107152663	140000	1038.55107152663	140000	1038.55107152663	140000	1038.55107152663	140000	1038.55107152663	140000	1038.55107152663	140000	1038.55107152663	140000	1038.55107152663	140000	1038.55107152663
142500	1038.55107152663	142500	1038.55107152663	142500	1038.55107152663	142500	1038.55107152663	142500	1038.55107152663	142500	1038.55107152663	142500	1038.55107152663	142500	1038.55107152663	142500	1038.55107152663	142500	1038.55107152663
145000	1038.55107152663	145000	1038.55107152663	145000	1038.55107152663	145000	1038.55107152663	145000	1038.55107152663	145000	1038.55107152663	145000	1038.55107152663	145000	1038.55107152663	145000	1038.55107152663	145000	1038.55107152663
147500	1038.55107152663	147500	1038.55107152663	147500	1038.55107152663	147500	1038.55107152663	147500	1038.55107152663	147500	1038.55107152663	147500	1038.55107152663	147500	1038.55107152663	147500	1038.55107152663	147500	1038.55107152663
150000	1038.55107152663	150000	1038.55107152663	150000	1038.55107152663	150000	1038.55107152663	150000	1038.55107152663	150000	1038.55107152663	150000	1038.55107152663	150000	1038.55107152663	150000	1038.55107152663	150000	1038.55107152663
152500	1038.55107152663	152500	1038.55107152663	152500	1038.55107152663	152500	1038.55107152663	152500	1038.55107152663	152500	1038.55107152663	152500	1038.55107152663	152500	1038.55107152663	152500	1038.55107152663	152500	1038.55107152663
155000	1038.55107152663	155000	1038.55107152663	155000	1038.55107152663	155000	1038.55107152663	155000	1038.55107152663	155000	1038.55107152663	155000	1038.55107152663	155000	1038.55107152663	155000	1038.55107152663	155000	1038.55107152663
157500	1038.55107152663	157500	1038.55107152663	157500	1038.55107152663	157500	1038.55107152663	157500	1038.55107152663	157500	1038.55107152663	157500	1038.55107152663	157500	1038.55107152663	157500	1038.55107152663	157500	1038.55107152663
160000	1038.55107152663	160000	1038.55107152663	160000	1038.55107152663	160000	1038.55107152663	160000	1038.55107152663	160000	1038.55107152663	160000	1038.55107152663	160000	1038.55107152663	160000	1038.55107152663	160000	1038.55107152663
162500	1038.55107152663	162500	1038.55107152663	162500	1038.55107152663	162500	1038.55107152663	162500	1038.55107152663	162500	1038.55107152663	162500	1038.55107152663	162500	1038.55107152663	162500	1038.55107152663	162500	1038.55107152663
165000	1038.55107152663	165000	1038.55107152663	165000	1038.55107152663	165000	1038.55107152663	165000	1038.55107152663	165000	1038.55107152663	165000	1038.55107152663	165000	1038.55107152663	165000	1038.55107152663	165000	1038.55107152663
167500	1038.55107152663	167500	1038.55107152663	167500	1038.55107152663	167500	1038.55107152663	167500	1038.55107152663	167500	1038.55107152663	167500	1038.55107152663	167500	1038.55107152663	167500	1038.55107152663	167500	1038.55107152663
170000	1038.55107152663	170000	1038.55107152663	170000	1038.55107152663	170000	1038.55107152663	170000	1038.55107152663	170000	1038.55107152663	170000	1038.55107152663	170000	1038.55107152663	170000	1038.55107152663	170000	1038.55107152663
172500	1038.55107152663	172500	1038.55107152663	172500	1038.55107152663	172500	1038.55107152663	172500	1038.55107152663	172500	1038.55107152663	172500	1038.55107152663	172500	1038.55107152663	172500	1038.55107152663	172500	1038.55107152663
175000	1038.55107152663	175000	1038.55107152663	175000	1038.55107152663	175000	1038.55107152663	175000	1038.55107152663	175000	1038.55107152663	175000	1038.55107152663	175000	1038.55107152663	175000	1038.55107152663	175000	1038.55107152663
177500	1038.55107152663	177500	1038.55107152663	177500	1038.55107152663	177500	1038.55107152663	177500	1038.55107152663	177500	1038.55107152663	177500	1038.55107152663	177500	1038.55107152663	177500	1038.55107152663	177500	1038.55107152663
180000	1038.55107152663	180000	1038.55107152663	180000	1038.55107152663	180000	1038.55107152663	180000	1038.55107152663	180000	1038.55107152663	180000	1038.55107152663	180000	1038.55107152663	180000	1038.55107152663	180000	1038.55107152663
182500	1038.55107152663	182500	1038.55107152663	182500	1038.55107152663	182500	1038.55107152663	182500	1038.55107152663	182500	1038.55107152663	182500	1038.55107152663	182500	1038.55107152663	182500	1038.55107152663	182500	1038.55107152663
185000	1038.55107152663	185000	1038.55107152663	185000	1038.55107152663	185000	1038.55107152663	185000	1038.55107152663	185000	1038.55107152663	185000	1038.55107152663	185000	1038.55107152663	185000	1038.55107152663	185000	1038.55107152663
187500	1038.55107152663	187500	1038.55107152663	187500	1038.55107152663	187500	1038.55107152663	187500	1038.55107152663	187500	1038.55107152663	187500	1038.55107152663	187500	1038.55107152663	187500	1038.55107152663	187500	1038.55107152663
190000	1038.55107152663	190000	1038.55107152663	190000	1038.55107152663	190000	1038.55107152663	190000	1038.55107152663	190000	1038.55107152663	190000	1038.55107152663	190000	1038.55107152663	190000	1038.55107152663	190000	1038.55107152663
192500	1038.55107152663	192500	1038.55107152663	192500	1038.55107152663	192500	1038.55107152663	192500	1038.55107152663	192500	1038.55107152663	192500	1038.55107152663	192500	1038.55107152663	192500	1038.55107152663	192500	1038.55107152663
195000	1038.55107152663	195000	1038.55107152663	195000	1038.55107152663	195000	1038.55107152663	195000	1038.55107152663	195000	1038.55107152663	195000	1038.55107152663	195000	1038.55107152663	195000	1038.55107152663	195000	1038.55107152663
197500	1038.55107152663	197500	1038.55107152663	197500	1038.55107152663	197500	1038.55107152663	197500	1038.55107152663	197500	1038.55107152663	197500	1038.55107152663	197500	1038.55107152663	197500	1038.55107152663	197500	1038.55107152663
200000	1038.55107152663	200000	1038.55107152663	200000	1038.55107152663	200000	1038.55107152663	200000	1038.55107152663	200000	1038.55107152663	200000	1038.55107152663	200000	1038.55107152663	200000	1038.55107152663	200000	1038.55107152663
202500	1038.55107152663	202500	1038.55107152663	202500	1038.55107152663	202500	1038.55107152663	202500	1038.55107152663	202500	1038.55107152663	202500	1038.55107152663	202500	1038.55107152663	202500	1038.55107152663	202500	1038.55107152663
205000	1038.55107152663	205000	1038.55107152663	205000	1038.55107152663	205000	1038.55107152663	205000	1038.55107152663	205000	1038.55107152663	205000	1038.55107152663	205000	1038.55107152663	205000	1038.55107152663	205000	1038.55107152663
207500	1038.55107152663	207500	1038.55107152663	207500	1038.55107152663	207500	1038.55107152663	207500	1038.55107152663	207500	1038.55107152663	207500	1038.55107152663	207500	1038.55107152663	207500	1038.55107152663	207500	1038.55107152663
210000	1038.55107152663	210000	1038.55107152663	210000	1038.55107152663	210000	1038.55107152663	210000	1038.55107152663	210000	1038.55107152663	210000	1038.55107152663	210000	1038.55107152663	210000	1038.55107152663	210000	1038.55107152663
212500	1038.55107152663	212500	1038.55107152663	212500	1038.55107152663	212500	1038.55107152663	212500	1038.55107152663	212500	1038.55107152663	212500	1038.55107152663	212500	1038.55107152663	212500	1038.55107152663	212500	1038.55107152663
215000	1038.55107152663	215000	1038.55107152663	215000	1038.55107152663	215000	1038.55107152663	215000	1038.55107152663	215000	1038.55107152663	215000	1038.55107152663	215000	1038.55107152663	215000	1038.55107152663	215000	1038.55107152663
217500	1038.55107152663	217500	1038.55107152663	217500	1038.55107152663	217500	1038.55107152663	217500	1038.55107152663	217500	1038.55107152663	217500	1038.55107152663	217500	1038.55107152663	217500	1038.55107152663	217500	1038.55107152663
220000	1038.55107152663	220000	1038.55107152663	220000	1038.55107152663	220000	1038.55107152663	220000	1038.55107152663	220000	1038.55107152663	220000	1038.55107152663	220000	1038.55107152663	220000	1038.55107152663	220000	1038.55107152663
222500	1038.55107152663	222500	1038.55107152663	222500	1038.55107152663	222500	1038.55107152663	222500	1038.55107152663	222500	1038.55107152663	222500	1038.55107152663	222500	1038.55107152663	222500	1038.55107152663	222500	1038.55107152663
225000	1038.55107152663	225000	1038.55107152663	225000	1038.55107152663	225000	1038.55107152663	225000	1038.55107152663	225000	1038.55107152663	225000	1038.55107152663	225000	1038.55107152663	225000	1038.55107152663	225000	1038.55107152663
227500	1038.55107152663	227500	1038.55107152663	227500	1038.55107152663	227500	1038.55107152663	227500	1038.55107152663	227500	1038.55107152663	227500	1038.55107152663	227500	1038.55107152663	227500	1038.55107152663	227500	1038.55107152663
230000	1038.55107152663	230000	1038.55107152663	230000	1038.55107152663	230000	1038.55107152663	230000	1038.55107152663	230000	1038.55107152663	230000	1038.55107152663	230000	1038.55107152663	230000	1038.55107152663	230000	1038.55107152663
232500	1038.55107152663	232500	1038.55107152663	232500	1038.55107152663	232500	1038.55107152663	232500	1038.55107152663	232500	1038.55107152663	232500	1038.55107152663	232500	1038.55107152663	232500	1038.55107152663	232500	1038.55107152663
235000	1038.55107152663	235000	1038.55107152663	235000	1038.55107152663	235000	1038.55107152663	235000	1038.55107152663	235000	1038.55107152663	235000	1038.55107152663	235000	1038.55107152663	235000	1038.55107152663	235000	1038.55107152663
237500	1038.55107152663	237500	1038.55107152663	237500	1038.55107152663	237500	1038.55107152663	237500	1038.55107152663	237500	1038.55107152663	237500	1038.55107152663	237500	1038.55107152663	237500	1038.55107152663	237500	1038.55107152663
240000	1038.55107152663	240000	1038.55107152663	240000	1038.55107152663	240000	1038.55107152663	240000	1038.55107152663	240000	1038.55107152663	240000	1038.55107152663	240000	1038.55107152663	240000	1038.55107152663	240000	1038.55107152663
242500	1038.55107152663	242500	1038.55107152663	242500	1038.55107152663	242500	1038.55107152663	242500	1038.55107152663	242500	1038.55107152663	242500	1038.55107152663	242500	1038.55107152663	242500	1038.55107152663	242500	1038.55107152663
245000	1038.55107152663	245000	1038.55107152663	245000	1038.55107152663	245000	1038.55107152663	245000	1038.55107152663	245000	1038.55107152663	245000	1038.55107152663	245000	1038.55107152663	245000	1038.55107152663	245000	1038.55107152663
247500	1038.55107152663	247500	1038.55107152663	247500	1038.55107152663	247500	1038.55107152663	247500	1038.55107152663	247500	1038.55107152663	247500	1038.55107152663	247500	1038.55107152663	247500	1038.55107152663	247500	1038.55107152663
250000	1038.55107152663	250000	1038.55107152663	250000	1038.55107152663	250000	1038.55107152663	250000	1038.55107152663	250000	1038.55107152663	250000	1038.55107152663	250000	1038.55107152663	250000	1038.55107152663	250000	1038.55107152663
252500	1038.55107152663	252500	1038.55107152663	252500	1038.55107152663	252500	1038.55107152663	252500	1038.55107152663	252500	1038.55107152663	252500	1038.55107152663	252500	1038.55107152663	252500	1038.55107152663	252500	1038.55107152663
255000	1038.55107152663	255000	1038.55107152663	255000	1038.55107152663	255000	1038.55107152663	255000	1038.55107152663	255000	1038.55107152663	255000	1038.55107152663	255000	1038.55107152663	255000	1038.55107152663	255000	1038.55107152663
257500	1038.55107152663	257500	1038.55107152663	257500	1038.55107152663	257500	1038.55107152663	257500	1038.55107152663	257500	1038.55107152663	257500	1038.55107152663	257500	1038.55107152663	257500	1038.55107152663	257500	1038.55107152663
260000	1038.55107152663	260000	1038.55107152663	260000	1038.55107152663	260000	1038.55107152663	260000	1038.55107152663	260000	1038.55107152663	260000	1038.55107152663	260000	1038.55107152663	260000	1038.55107152663	260000	1038.55107152663
262500	1038.55107152663	262500	1038.55107152663	262500	1038.55107152663	262500	1038.55107152663	262500	1038.55107152663	262500	1038.55107152663	262500	1038.55107152663	262500	1038.55107152663	262500	1038.55107152663	262500	1038.55107152663
265000	1038.55107152663	265000	1038.55107152663	265000	1038.55107152663	265000	1038.55107152663	265000	1038.55107152663	265000	1038.55107152663	265000	1038.55107152663	265000	1038.55107152663	265000	1038.55107152663	265000	1038.55107152663
267500	1038.55107152663	267500	1038.55107152663	267500	1038.55107152663	267500	1038.55107152663	267500	1038.55107152663	267500	1038.55107152663	267500	1038.55107152663	267500	1038.55107152663	267500	1038.55107152663	267500	1038.55107152663
270000	1038.55107152663	270000	1038.55107152663	270000	1038.55107152663	270000	1038.55107152663	270000	1038.55107152663	270000	1038.55107152663	270000	1038.55107152663	270000	1038.55107152663	270000	1038.55107152663	270000	1038.55107152663
272500	1038.55107152663	272500	1038.55107152663	272500	1038.55107152663	272500	1038.55107152663	272500	1038.55107152663	272500	1038.55107152663	272500	1038.55107152663	272500	1038.55107152663	272500	1038.55107152663	272500	1038.55107152663
275000	1038.55107152663	275000	1038.55107152663	275000	1038.55107152663	275000	1038.55107152663	275000	1038.55107152663	275000	1038.55107152663	275000	1038.55107152663	275000	1038.55107152663	275000	1038.55107152663	275000	1038.55107152663
277500	1038.55107152663	277500	1038.55107152663	277500	1038.55107152663	277500	1038.55107152663	277500	1038.55107152663	277500	1038.55107152663	277500	1038.55107152663	277500	1038.55107152663	277500	1038.55107152663	277500	1038.55107152663
280000	1038.55107152663	280000	1038.55107152663	280000	1038.55107152663	280000	1038.55107152663	280000	1038.55107152663	280000	1038.55107152663	280000	1038.55107152663	280000	1038.55107152663	280000	1038.55107152663	280000	1038.55107152663
282500	1038.55107152663	282500	1038.55107152663	282500	1038.55107152663	282500	1038.55107152663	282500	1038.55107152663	282500	1038.55107152663	282500	1038.55107152663	282500	1038.55107152663	282500	1038.55107152663	282500	1038.55107152663
285000	1038.55107152663	285000	1038.55107152663	285000	1038.55107152663	285000	1038.55107152663	285000	1038.55107152663	285000	1038.55107152663	285000	1038.55107152663	285000	1038.55107152663	285000	1038.55107152663	285000	1038.55107152663
287500	1038.55107152663	287500	1038.55107152663	287500	1038.55107152663	287500	1038.55107152663	287500	1038.55107152663	287500	1038.55107152663	287500	1038.55107152663	287500	1038.55107152663	287500	1038.55107152663	287500	1038.55107152663
290000	1038.55107152663	290000	1038.55107152663	290000	1038.55107152663	290000	1038.55107152663	290000	1038.55107152663	290000	1038.55107152663	290000	1038.55107152663	290000	1038.55107152663	290000	1038.55107152663	290000	1038.55107152663
292500	1038.55107152663	292500	1038.55107152663	292500	1038.55107152663	292500	1038.55107152663	292500	1038.55107152663	292500	1038.55107152663	292500	1038.55107152663	292500	1038.55107152663	292500	1038.55107152663	292500	1038.55107152663
295000	1038.55107152663	295000	1038.55107152663	295000	1038.55107152663	295000	1038.55107152663	295000	1038.55107152663	295000	1038.55107152663	295000	1038.55107152663	295000	1038.55107152663	295000	1038.55107152663	295000	1038.55107152663
297500	1038.55107152663	297500	1038.55107152663	297500	1038.55107152663	297500	1038.55107152663	297500	1038.55107152663	297500	1038.55107152663	297500	1038.55107152663	297500	1038.55107152663	297500	1038.55107152663	297500	1038.55107152663
300000	1038.55107152663	300000	1038.55107152663	300000	1038.55107152663	300000	1038.55107152663	300000	1038.55107152663	300000	1038.55107152663	300000	1038.55107152663	300000	1038.55107152663	300000	1038.55107152663	300000	1038.55107152663
302500	1038.55107152663	302500	1038.55107152663	302500	1038.55107152663	302500	1038.55107152663	302500	1038.55107152663	302500	1038.55107152663	302500	1038.55107152663	302500	1038.55107152663	302500	1038.55107152663	302500	1038.55107152663
305000	1038.55107152663	305000	1038.55107152663	305000	1038.55107152663	305000	1038.55107152663	305000	1038.55107152663	305000	1038.55107152663	305000	1038.55107152663	305000	1038.55107152663	305000	1038.55107152663	305000	1038.55107152663
307500	1038.55107152663	307500	1038.55107152663	307500	1038.55107152663	307500	1038.55107152663	307500	1038.55107152663	307500	1038.55107152663	307500	1038.55107152663	307500	1038.55107152663	307500	1038.55107152663	307500	1038.55107152663
310000	1038.55107152663	310000	1038.55107152663	310000	1038.55107152663	310000	1038.55107152663	310000	1038.55107152663	310000	1038.55107152663	310000	1038.55107152663	310000	1038.55107152663	310000	1038.55107152663	310000	1038.55107152663
312500	1038.55107152663	312500	1038.55107152663	312500	1038.55107152663	312500	1038.55107152663	312500	1038.55107152663	312500	1038.55107152663	312500	1038.55107152663	312500	1038.55107152663	312500	1038.55107152663	312500	1038.55107152663
315000	1038.55107152663	315000	1038.55107152663	315000	1038.55107152663	315000	1038.55107152663	315000	1038.55107152663	315000	1038.55107152663	315000	1038.55107152663	315000	1038.55107152663	315000	1038.55107152663	315000	1038.55107152663
317500	1038.55107152663	317500	1038.55107152663	317500	1038.55107152663	317500	1038.55107152663	317500	1038.55107152663	317500	1038.55107152663	317500	1038.55107152663	317500	1038.55107152663	317500	1038.55107152663	317500	1038.55107152663
320000	1038.55107152663	320000	1038.55107152663	320000	1038.55107152663	320000	1038.55107152663	320000	1038.55107152663	320000	1038.55107152663	320000	1038.55107152663	320000	1038.55107152663	320000	1038.55107152663	320000	1038.55107152663
322500	1038.55107152663	322500	1038.55107152663	322500	1038.55107152663	322500	1038.55107152663	322500	1038.55107152663	322500	1038.55107152663	322500	1038.55107152663	322500	1038.55107152663	322500	1038.55107152663	322500	1038.55107152663
325000	1038.55107152663	325000	1038.55107152663	325000	1038.55107152663	325000	1038.55107152663	325000	1038.55107152663	325000	1038.55107152663	325000	1038.55107152663	325000	1038.55107152663	325000	1038.55107152663	325000	1038.55107152663
327500	1038.55107152663	327500	1038.55107152663	327500	1038.55107152663	327500	1038.55107152663	327500	1038.55107152663	327500	1038.55107152663	327500	1038.55107152663	327500	1038.55107152663	327500	1038.55107152663	327500	1038.55107152663
330000	1038.55107152663	330000	1038.55107152663	330000	1038.55107152663	330000	1038.55107152663	330000	1038.55107152663	330000	1038.55107152663	330000	1038.55107152663	330000	1038.55107152663	330000	1038.55107152663	330000	1038.55107152663
332500	1038.55107152663	332500	1038.55107152663	332500	1038.55107152663	332500	1038.55107152663	332500	1038.55107152663	332500	1038.55107152663	332500	1038.55107152663	332500	1038.55107152663	332500	1038.55107152663	332500	1038.55107152663
335000	1038.55107152663	335000	1038.55107152663	335000	1038.55107152663	335000	1038.55107152663	335000	1038.55107152663	335000	1038.55107152663	335000	1038.55107152663	335000	1038.55107152663	335000	1038.55107152663	335000	1038.55107152663
337500	1038.55107152663	337500	1038.55107152663	337500	1038.55107152663	337500	1038.55107152663	337500	1038.55107152663	337500	1038.55107152663	337500	1038.55107152663	337500	1038.55107152663	337500	1038.55107152663	337500	1038.55107152663
340000	1038.55107152663	340000	1038.55107152663	340000	1038.55107152663	340000	1038.55107152663	340000	1038.55107152663	340000	1038.55107152663	340000	1038.55107152663	340000	1038.55107152663	340000	1038.55107152663	340000	1038.55107152663
342500	1038.55107152663	342500	1038.55107152663	342500	1038.55107152663	342500	1038.55107152663	342500	1038.55107152663	342500	1038.55107152663	342500	1038.55107152663	342500	1038.55107152663	342500	1038.55107152663	342500	1038.55107152663
345000	1038.55107152663	345000	1038.55107152663	345000	1038.55107152663	345000	1038.55107152663	345000	1038.55107152663	345000	1038.55107152663	345000	1038.55107152663	345000	1038.55107152663	345000	1038.55107152663	345000	1038.55107152663
347500	1038.55107152663	347500	1038.55107152663	347500	1038.55107152663	347500	1038.55107152663	347500	1038.55107152663	347500	1038.55107152663	347500	1038.55107152663	347500	1038.55107152663	347500	1038.55107152663	347500	1038.55107152663
350000	1038.55107152663	350000	1038.55107152663	350000	1038.55107152663	350000	1038.55107152663	350000	1038.55107152663	350000	1038.55107152663	350000	1038.55107152663	350000	1038.55107152663	350000	1038.55107152663	350000	1038.55107152663
352500	1038.55107152663	352500	1038.55107152663	352500	1038.55107152663	352500	1038.55107152663	352500	1038.55107152663	352500	1038.55107152663	352500	1038.55107152663	352500	1038.55107152663	352500	1038.55107152663	352500	1038.55107152663
355000	1038.55107152663	355000	1038.55107152663	355000	1038.55107152663	355000	1038.55107152663	355000	1038.55107152663	355000	1038.55107152663	355000	1038.55107152663	355000	1038.55107152663	355000	1038.55107152663	355000	1038.55107152663
357500	1038.55107152663	357500	1038.55107152663	357500	1038.55107152663	357500	1038.55107152663	357500	1038.55107152663	357500	1038.55107152663	357500	1038.55107152663	357500	1038.55107152663	357500	1038.55107152663	357500	1038.55107152663
360000	1038.55107152663	360000	1038.55107152663	360000	1038.55107152663	360000	1038.55107152663	360000	1038.55107152663	360000	1038.55107152663	360000	1038.55107152663	360000	1038.55107152663	360000	1038.55107152663	360000	1038.55107152663
362500	1038.55107152663	362500	1038.55107152663	362500	1038.55107152663	362500	1038.55107152663	362500	1038.55107152663	362500	1038.55107152663	362500	1038.55107152663	362500	1038.55107152663	362500	1038.55107152663	362500	1038.55107152663
365000	1038.55107152663	365000	1038.55107152663	365000	1038.55107152663	365000	1038.55107152663	365000	1038.55107152663	365000	1038.55107152663	365000	1038.55107152663	365000	1038.55107152663	365000	1038.55107152663	365000	1038.55107152663
367500	1038.55107152663	367500	1038.55107152663	367500	1038.55107152663	367500	1038.55107152663	367500	1038.55107152663	367500	1038.55107152663	367500	1038.55107152663	367500	1038.55107152663	367500	1038.55107152663	367500	1038.55107152663
370000	1038.55107152663	370000	1038.55107152663	370000	1038.55107152663	370000	1038.55107152663	370000	1038.55107152663	370000	1038.55107152663	370000	1038.55107152663	370000	1038.55107152663	370000	1038.55107152663	370000	1038.55107152663
372500	1038.55107152663	372500	1038.55107152663	372500	1038.55107152663	372500	1038.55107152663	372500	1038.55107152663	372500	1038.55107152663	372500	1038.55107152663	372500	1038.55107152663	372500	1038.55107152663	372500	1038.55107152663
375000	1038.55107152663	375000	1038.55107152663	375000	1038.55107152663	375000	1038.55107152663	375000	1038.55107152663	375000	1038.55107152663	375000	1038.55107152663	375000	1038.55107152663	375000	1038.55107152663	375000	1038.55107152663
377500	1038.55107152663	377500	1038.55107152663	377500	1038.55107152663	377500	1038.55107152663	377500	1038.55107152663	377500	1038.55107152663	377500	1038.55107152663	377500	1038.55107152663	377500	1038.55107152663	377500	1038.55107152663
380000	1038.55107152663	380000	1038.55107152663	380000	1038.55107152663	380000	1038.55107152663	380000	1038.55107152663	380000	1038.55107152663	380000	1038.55107152663	380000	1038.55107152663	380000	1038.55107152663	380000	1038.55107152663
382500	1038.55107152663	382500	1038.55107152663	382500	1038.55107152663	382500	1038.55107152663	382500	1038.55107152663	382500	1038.55107152663	382500	1038.55107152663	382500	1038.55107152663	382500	1038.55107152663	382500	1038.55107152663
385000	1038.55107152663	385000	1038.55107152663	385000	1038.55107152663	385000	1038.55107152663	385000	1038.55107152663	385000	1038.55107152663	385000	1038.55107152663	385000	1038.55107152663	385000	1038.55107152663	385000	1038.55107152663
387500	1038.55107152663	387500	1038.55107152663	387500	1038.55107152663	387500	1038.55107152663	387500	1038.55107152663	387500	1038.55107152663	387500	1038.55107152663	387500	1038.55107152663	387500	1038.55107152663	387500	1038.55107152663
390000	1038.55107152663	390000	1038.55107152663	390000	1038.55107152663	390000	1038.55107152663	390000	1038.55107152663	390000	1038.55107152663	390000	1038.55107152663	390000	1038.55107152663	390000	1038.55107152663	390000	1038.55107152663
392500	1038.55107152663	392500	1038.55107152663	392500	1038.55107152663	392500	1038.55107152663	392500	1038.55107152663	392500	1038.55107152663	392500	1038.55107152663	392500	1038.55107152663	392500	1038.55107152663	392500	1038.55107152663
395000	1038.55107152663	395000	1038.55107152663	395000	1038.55107152663	395000	1038.55107152663	395000	1038.55107152663	395000	1038.55107152663	395000	1038.55107152663	395000	1038.55107152663	395000	1038.55107152663	395000	1038.55107152663
397500	1038.55107152663	397500	1038.55107152663	397500	1038.55107152663	397500	1038.55107152663	397500	1038.55107152663	397500	1038.55107152663	397500	1038.55107152663	397500	1038.55107152663	397500	1038.55107152663	397500	1038.55107152663
400000	1038.55107152663	400000	1038.55107152663	400000	1038.55107152663	400000	1038.55107152663	400000	1038.55107152663	400000	1038.55107152663	400000	1038.55107152663	400000	1038.55107152663	400000	1038.55107152663	400000	1038.55107152663
402500	1038.55107152663	402500	1038.55107152663	402500	1038.55107152663	402500	1038.55107152663	402500	1038.55107152663	402500	1038.55107152663	402500	1038.55107152663	402500	1038.55107152663	402500	1038.55107152663	402500	1038.55107152663
405000	1038.55107152663	405000	1038.55107152663	405000	1038.55107152663	405000	1038.55107152663	405000	1038.55107152663	405000	1038.55107152663	405000	1038.55107152663	405000	1038.55107152663	405000	1038.55107152663	405000	1038.55107152663
407500	1038.55107152663	407500	1038.55107152663	407500	1038.55107152663	407500	1038.55107152663	407500	1038.55107152663	407500	1038.55107152663	407500	1038.55107152663	407500	1038.55107152663	407500	1038.55107152663	407500	1038.55107152663
410000	1038.55107152663	410000	1038.55107152663	410000	1038.55107152663	410000	1038.55107152663	410000	1038.55107152663	410000	1038.55107152663	410000	1038.55107152663	410000	1038.55107152663	410000	1038.55107152663	410000	1038.55107152663
412500	1038.55107152663	412500	1038.55107152663	412500	1038.55107152663	412500	1038.55107152663	412500	1038.55107152663	412500	1038.55107152663	412500	1038.55107152663	412500	1038.55107152663	412500	1038.55107152663	412500	1038.55107152663
415000	1038.55107152663	415000	1038.55107152663	415000	1038.55107152663	415000	1038.55107152663	415000	1038.55107152663	415000	1038.55107152663	415000	1038.55107152663	415000	1038.55107152663	415000	1038.55107152663	415000	1038.55107152663
417500	1038.55107152663	417500	1038.55107152663	417500	1038.55107152663	417500	1038.55107152663	417500	1038.55107152663	417500	1038.55107152663	417500	1038.55107152663	417500	1038.55107152663	417500	1038.55107152663	417500	1038.55107152663
420000	1038.55107152663	420000	1038.55107152663	420000	1038.55107152663	420000	1038.55107152663	420000	1038.55107152663	420000	1038.55107152663	420000	1038.55107152663	420000	1038.55107152663	420000	1038.55107152663	420000	1038.55107152663
422500	1038.55107152663	422500	1038.55107152663	422500	1038.55107152663	422500	1038.55107152663	422500	1038.55107152663	422500	1038.55107152663	422500	1038.55107152663	422500	1038.55107152663	422500	1038.55107152663	422500	1038.55107152663
425000	1038.55107152663	425000	1038.55107152663	425000	1038.55107152663	425000	1038.55107152663	425000	1038.55107152663	425000	1038.55107152663	425000	1038.55107152663	425000	1038.55107152663	425000	1038.55107152663	425000	1038.55107152663
427500	1038.55107152663	427500	1038.55107152663	427500	1038.55107152663	427500	1038.55107152663	427500	1038.55107152663	427500	1038.55107152663	427500	1038.55107152663	427500	1038.55107152663	427500	1038.55107152663	427500	1038.55107152663
430000	1038.55107152663	430000	1038.55107152663	430000	1038.55107152663	430000	1038.55107152663	430000	1038.55107152663	430000	1038.55107152663	430000	1038.55107152663	430000	1038.55107152663	430000	1038.55107152663	430000	1038.55107152663
432500	1038.55107152663	432500	1038.55107152663	432500	1038.55107152663	432500	1038.55107152663	432500	1038.55107152663	432500	1038.55107152663	432500	1038.55107152663	432500	1038.55107152663	432500	1038.55107152663	432500	1038.55107152663
435000	1038.55107152663	435000	1038.55107152663	435000	1038.55107152663	435000	1038.55107152663	435000	1038.55107152663	435000	1038.55107152663	435000	1038.55107152663	435000	1038.55107152663	435000	1038.55107152663	435000	1038.55107152663
437500	1038.55107152663	437500	1038.55107152663	437500	1038.55107152663	437500	1038.55107152663	437500	1038.55107152663	437500	1038.55107152663	437500	1038.55107152663	437500	1038.55107152663	437500	1038.55107152663	437500	1038.55107152663
440000	1038.55107152663	440000	1038.55107152663	440000	1038.55107152663	440000	1038.55107152663	440000	1038.55107152663	440000	1038.55107152663	440000	1038.55107152663	440000	1038.55107152663	440000	1038.55107152663	440000	1038.55107152663
442500	1038.55107152663	442500	1038.55107152663	442500	1038.55107152663	442500	1038.55107152663	442500	1038.55107152663	442500	1038.55107152663	442500	1038.55107152663	442500	1038.55107152663	442500	1038.55107152663	442500	1038.55107152663
445000	1038.55107152663	445000	1038.55107152663	445000	1038.55107152663	445000	1038.55107152663	445000	1038.55107152663	445000	1038.55107152663	445000	1038.55107152663	445000	1038.55107152663	445000	1038.55107152663	445000	1038.55107152663
447500	1038.55107152663	447500	1038.55107152663	447500	1038.55107152663	447500	1038.55107152663	447500	1038.55107152663	447500	1038.55107152663	447500	1038.55107152663	447500	1038.55107152663	447500	1038.55107152663	447500	1038.55107152663
450000	1038.55107152663	450000	1038.55107152663	450000	1038.55107152663	450000	1038.55107152663	450000	1038.55107152663	450000	1038.55107152663	450000	1038.55107152663	450000	1038.55107152663	450000	1038.55107152663	450000	1038.55107152663
452500	1038.55107152663	452500	1038.55107152663	452500	1038.55107152663	452500	1038.55107152663	452500	1038.55107152663	452500	1038.55107152663	452500	1038.55107152663	452500	1038.55107152663	452500	1038.55107152663	452500	1038.55107152663
455000	1038.55107152663	455000	1038.55107152663	455000	1038.55107152663	455000	1038.55107152663	455000	1038.55107152663	455000	1038.55107152663	455000	1038.55107152663	455000	1038.55107152663	455000	1038.55107152663	455000	1038.55107152663
457500	1038.55107152663	457500	1038.55107152663	457500	1038.55107152663	457500	1038.55107152663	457500	1038.55107152663	457500	1038.55107152663	457500	1038.55107152663	457500	1038.55107152663	457500	1038.55107152663	457500	1038.55107152663
460000	1038.55107152663	460000	1038.55107152663	460000	1038.55107152663	460000	1038.55107152663	460000	1038.55107152663	460000	1038.55107152663	460000	1038.55107152663	460000	1038.55107152663	460000	1038.55107152663	460000	1038.55107152663
462500	1038.55107152663	462500	1038.55107152663	462500	1038.55107152663	462500	1038.55107152663	462500	1038.55107152663	462500	1038.55107152663	462500	1038.55107152663	462500	1038.55107152663	462500	1038.55107152663	462500	1038.55107152663
465000	1038.55107152663	465000	1038.55107152663	465000	1038.55107152663	465000	1038.55107152663	465000	1038.55107152663	465000	1038.55107152663	465000	1038.55107152663	465000	1038.55107152663	465000	1038.55107152663	465000	1038.55107152663
467500	1038.55107152663	467500	1038.55107152663	467500	1038.55107152663	467500	1038.55107152663	467500	1038.55107152663	467500	1038.55107152663	467500	1038.55107152663	467500	1038.55107152663	467500	1038.55107152663	467500	1038.55107152663
470000	1038.55107152663	470000	1038.55107152663	470000	1038.55107152663	470000	1038.55107152663	470000	1038.55107152663	470000	1038.55107152663	470000	1038.55107152663	470000	1038.55107152663	470000	1038.55107152663	470000	1038.55107152663
472500	1038.55107152663	472500	1038.55107152663	472500	1038.55107152663	472500	1038.55107152663	472500	1038.55107152663	472500	1038.55107152663	472500	1038.55107152663	472500	1038.55107152663	472500	1038.55107152663	472500	1038.55107152663
475000	1038.55107152663	475000	1038.55107152663	475000	1038.55107152663	475000	1038.55107152663	475000	1038.55107152663	475000	1038.55107152663	475000	1038.55107152663	475000	1038.55107152663	475000	1038.55107152663	475000	1038.55107152663
477500	1038.55107152663	477500	1038.55107152663	477500	1038.55107152663	477500	1038.55107152663	477500	1038.55107152663	477500	1038.55107152663	477500	1038.55107152663	477500	1038.55107152663	477500	1038.55107152663	477500	1038.55107152663
480000	1038.55107152663	480000	1038.55107152663	480000	1038.55107152663	480000	1038.55107152663	480000	1038.55107152663	480000	1038.55107152663	480000	1038.55107152663	480000	1038.55107152663	480000	1038.55107152663	480000	1038.55107152663
482500	1038.55107152663	482500	1038.55107152663	482500	1038.55107152663	482500	1038.55107152663	482500	1038.55107152663	482500	1038.55107152663	482500	1038.55107152663	482500	1038.55107152663	482500	1038.55107152663	482500	1038.55107152663
485000	1038.55107152663	485000	1038.55107152663	485000	1038.55107152663	485000	1038.55107152663	485000	1038.55107152663	485000	1038.55107152663	485000	1038.55107152663	485000	1038.55107152663	485000	1038.55107152663	485000	1038.55107152663
487500	1038.55107152663	487500	1038.55107152663	487500	1038.55107152663	487500	1038.55107152663	487500	1038.55107152663	487500	1038.55107152663	487500	1038.55107152663	487500	1038.55107152663	487500	1038.55107152663	487500	1038.55107152663
490000	1038.55107152663	490000	1038.55107152663	490000	1038.55107152663	490000	1038.55107152663	490000	1038.55107152663	490000	1038.55107152663	490000	1038.55107152663	490000	1038.55107152663	490000	1038.55107152663	490000	1038.55107152663
492500	1038.55107152663	492500	1038.55107152663	492500	1038.55107152663	492500	1038.55107152663	492500	1038.55107152663	492500	1038.55107152663	492500	1038.55107152663	492500	1038.55107152663	492500	1038.55107152663	492500	1038.55107152663
495000	1038.55107152663	495000	1038.55107152663	495000	1038.55107152663	495000	1038.55107152663	495000	1038.55107152663	495000	1038.55107152663	495000	1038.55107152663	495000	1038.55107152663	495000	1038.55107152663	495000	1038.55107152663
497500	1038.55107152663	497500	1038.55107152663	497500	1038.55107152663	497500	1038.55107152663	497500	1038.55107152663	497500	1038.55107152663	497500	1038.55107152663	497500	1038.55107152663	497500	1038.55107152663	497500	1038.55107152663
500000	1038.55107152663	500000	1038.55107152663	500000	1038.55107152663	500000	1038.55107152663	500000	1038.55107152663	500000	1038.55107152663	500000	1038.55107152663	500000	1038.55107152663	500000	1038.55107152663	500000	1038.55107152663
502500	1038.55107152663	502500	1038.55107152663	502500	1038.55107152663	502500	1038.55107152663	502500	1038.55107152663	502500	1038.55107152663	502500	1038.55107152663	502500	1038.55107152663	502500	1038.55107152663	502500	1038.55107152663
505000	1038.55107152663	505000	1038.55107152663	505000	1038.55107152663	505000	1038.55107152663	505000	1038.55107152663	505000	1038.55107152663	505000	1038.55107152663	505000	1038.55107152663	505000	1038.55107152663	505000	1038.55107152663
507500	1038.55107152663	507500	1038.55107152663	507500	1038.55107152663	507500	1038.55107152663	507500	1038.55107152663	507500	1038.55107152663	507500	1038.55107152663	507500	1038.55107152663	507500	1038.55107152663	507500	1038.55107152663
510000	1038.55107152663	510000	1038.55107152663	510000	1038.55107152663	510000	1038.55107152663	510000	1038.55107152663	510000	1038.55107152663	510000	1038.55107152663	510000	1038.55107152663	510000	1038.55107152663	510000	1038.55107152663
512500	1038.55107152663	512500	1038.55107152663	512500	1038.55107152663	512500	1038.55107152663	512500	1038.55107152663	512500	1038.55107152663	512500	1038.55107152663	512500	1038.55107152663	512500	1038.55107152663	512500	1038.55107152663
515000	1038.55107152663	515000	1038.55107152663	515000	1038.55107152663	515000	1038.55107152663	515000	1038.55107152663	515000	1038.55107152663	515000	1038.55107152663	515000	1038.55107152663	515000	1038.55107152663	515000	1038.55107152663
517500	1038.55107152663	517500	1038.55107152663	517500	1038.55107152663	517500	1038.55107152663	517500	1038.55107152663	517500	1038.55107152663	517500	1038.55107152663	517500	1038.55107152663	517500	1038.55107152663	517500	1038.55107152663
520000	1038.55107152663	520000	1038.55107152663	520000	1038.55107152663	520000	1038.55107152663	520000	1038.55107152663	520000	1038.55107152663	520000	1038.55107152663	520000	1038.55107152663	520000	1038.55107152663	520000	1038.55107152663
522500	1038.55107152663	522500	1038.55107152663	522500	1038.55107152663	522500	1038.55107152663	522500	1038.55107152663	522500	1038.55107152663	522500	1038.55107152663	522500	1038.55107152663	522500	1038.55107152663	522500	1038.55107152663
525000	1038.55107152663	525000	1038.55107152663	525000	1038.55107152663	525000	1038.55107152663	525000	1038.55107152663	525000	1038.55107152663	525000	1038.55107152663	525000	1038.55107152663	525000	1038.55107152663	525000	1038.55107152663
527500	1038.55107152663	527500	1038.55107152663	527500	1038.55107152663	527500	1038.55107152663	527500	1038.55107152663	527500	1038.55107152663	527500	1038.55107152663	527500	1038.55107152663	527500	1038.55107152663	527500	1038.55107152663
530000	1038.55107152663	530000	1038.55107152663	530000	1038.55107152663	530000	1038.55107152663	530000	1038.55107152663	530000	1038.55107152663	530000	1038.55107152663	530000	1038.55107152663	530000	1038.55107152663	530000	1038.55107152663
532500	1038.55107152663	532500	1038.55107152663	532500	1038.55107152663	532500	1038.55107152663	532500	1038.55107152663	532500	1038.55107152663	532500	1038.55107152663	532500	1038.55107152663	532500	1038.55107152663	532500	1038.55107152663
535000	1038.55107152663	535000	1038.55107152663	535000	1038.55107152663	535000	1038.55107152663	535000	1038.55107152663	535000	1038.55107152663	535000	1038.55107152663	535000	1038.55107152663	535000	1038.55107152663	535000	1038.55107152663
537500	1038.55107152663	537500	1038.55107152663	537500	1038.55107152663	537500	1038.55107152663	537500	1038.55107152663	537500	1038.55107152663	537500	1038.55107152663	537500	1038.55107152663	537500	1038.55107152663	537500	1038.55107152663
540000	1038.55107152663	540000	1038.55107152663	540000	1038.55107152663	540000	1038.55107152663	540000	1038.55107152663	540000	1038.55107152663	540000	1038.55107152663	540000	1038.55107152663	540000	1038.55107152663	540000	1038.55107152663
542500	1038.55107152663	542500	1038.55107152663	542500	1038.55107152663	542500	1038.55107152663	542500	1038.55107152663	542500	1038.55107152663	542500	1038.55107152663	542500	1038.55107152663	542500	1038.55107152663	542500	1038.55107152663
545000	1038.55107152663	545000	1038.55107152663	545000	1038.55107152663	545000	1038.55107152663	545000	1038.55107152663	545000	1038.55107152663	545000	1038.55107152663	545000	1038.55107152663	545000	1038.55107152663	545000	1038.55107152663
547500	1038.55107152663	547500	1038.55107152663	547500	1038.55107152663	547500	1038.55107152663	547500	1038.55107152663	547500	1038.55107152663	547500	1038.55107152663	547500	1038.55107152663	547500	1038.55107152663	547500	1038.55107152663
550000	1038.55107152663	550000	1038.55107152663	550000	1038.55107152663	550000	1038.55107152663	550000	1038.55107152663	550000	1038.55107152663	550000	1038.55107152663	550000	1038.55107152663	550000	1038.55107152663	550000	1038.55107152663
552500	1038.55107152663	552500	1038.55107152663	552500	1038.55107152663	552500	1038.55107152663	552500	1038.55107152663	552500	1038.55107152663	552500	1038.55107152663	552500	1038.55107152663	552500	1038.55107152663	552500	1038.55107152663
555000	1038.55107152663	555000	1038.55107152663	555000	1038.55107152663	555000	1038.55107152663	555000	1038.55107152663	555000	1038.55107152663	555000	1038.55107152663	555000	1038.55107152663	555000	1038.55107152663	555000	1038.55107152663
557500	1038.55107152663	557500	1038.55107152663	557500	1038.55107152663	557500	1038.55107152663	557500	1038.55107152663	557500	1038.55107152663	557500	1038.55107152663	557500	1038.55107152663	557500	1038.55107152663	557500	1038.55107152663
560000	1038.55107152663	560000	1038.55107152663	560000	1038.55107152663	560000	1038.55107152663	560000	1038.55107152663	560000	1038.55107152663	560000	1038.55107152663	560000	1038.55107152663	560000	1038.55107152663	560000	1038.55107152663
562500	1038.55107152663	562500	1038.55107152663	562500	1038.55107152663	562500	1038.55107152663	562500	1038.55107152663	562500	1038.55107152663	562500	1038.55107152663	562500	1038.55107152663	562500	1038.55107152663	562500	1038.55107152663
565000	1038.55107152663	565000	1038.55107152663	565000	1038.55107152663	565000	1038.55107152663	565000	1038.55107152663	565000	1038.55107152663	565000	1038.55107152663	565000	1038.55107152663	565000	1038.55107152663	565000	1038.55107152663
567500	1038.55107152663	567500	1038.55107152663	567500	1038.55107152663	567500	1038.55107152663	567500	1038.55107152663	567500	1038.55107152663	567500	1038.55107152663	567500	1038.55107152663	567500	1038.55107152663	567500	1038.55107152663
570000	1038.55107152663	570000	1038.55107152663	570000	1038.55107152663	570000	1038.55107152663	570000	1038.55107152663	570000	1038.55107152663	570000	1038.55107152663	570000	1038.55107152663	570000	1038.55107152663	570000	1038.55107152663
572500	1038.55107152663	572500	1038.55107152663	572500	1038.55107152663	572500	1038.55107152663	572500	1038.55107152663	572500	1038.55107152663	572500	1038.55107152663	572500	1038.55107152663	572500	1038.55107152663	572500	1038.55107152663
575000	1038.55107152663	575000	1038.55107152663	575000	1038.55107152663	575000	1038.55107152663	575000	1038.55107152663	575000	1038.55107152663	575000	1038.55107152663	575000	1038.55107152663	575000	1038.55107152663	575000	1038.55107152663
577500	1038.55107152663	577500	1038.55107152663	577500	1038.55107152663	577500	1038.55107152663	577500	1038.55107152663	577500	1038.55107152663	577500	1038.55107152663	577500	1038.55107152663	577500	1038.55107152663	577500	1038.55107152663
580000	1038.55107152663	580000	1038.55107152663	580000	1038.55107152663	580000	1038.55107152663	580000	1038.55107152663	580000	1038.55107152663	580000	1038.55107152663	580000	1038.55107152663	580000	1038.55107152663	580000	1038.55107152663
582500	1038.55107152663	582500	1038.55107152663	582500	1038.55107152663	582500	1038.55107152663	582500	1038.55107152663	582500	1038.55107152663	582500	1038.55107152663	582500	1038.55107152663	582500	1038.55107152663	582500	1038.55107152663
585000	1038.55107152663	585000	1038.55107152663	585000	1038.55107152663	585000	1038.55107152663	585000	1038.55107152663	585000	1038.55107152663	585000	1038.55107152663	585000	1038.55107152663	585000	1038.55107152663	585000	1038.55107152663
587500	1038.55107152663	587500	1038.55107152663	587500	1038.55107152663	587500	1038.55107152663	587500	1038.55107152663	587500	1038.55107152663	587500	1038.55107152663	587500	1038.55107152663	587500	1038.55107152663	587500	1038.55107152663
590000	1038.55107152663	590000	1038.55107152663	590000	1038.55107152663	590000	1038.55107152663	590000	1038.55107152663	590000	1038.55107152663	590000	1038.55107152663	590000	1038.55107152663	590000	1038.55107152663	590000	1038.55107152663
592500	1038.55107152663	592500	1038.55107152663	592500	1038.55107152663	592500	1038.55107152663	592500	1038.55107152663	592500	1038.55107152663	592500	1038.55107152663	592500	1038.55107152663	592500	1038.55107152663	592500	1038.55107152663
595000	1038.55107152663	595000	1038.55107152663	595000	1038.55107152663	595000	1038.55107152663	595000	1038.55107152663	595000	1038.55107152663	595000	1038.55107152663	595000	1038.55107152663	595000	1038.55107152663	595000	1038.55107152663
597500	1038.55107152663	597500	1038.55107152663	597500	1038.55107152663	597500	1038.55107152663	597500	1038.55107152663	597500	1038.55107152663	597500	1038.55107152663	597500	1038.55107152663	597500	1038.55107152663	597500	1038.55107152663
600000	1038.55107152663	600000	1038.55107152663	600000	1038.55107152663	600000	1038.55107152663	600000	1038.55107152663	600000	1038.55107152663	600000	1038.55107152663	600000	1038.55107152663	600000	1038.55107152663	600000	1038.55107152663
602500	1038.55107152663	602500	1038.55107152663	602500	1038.55107152663	602500	1038.55107152663	602500	1038.55107152663	602500	1038.55107152663	602500	1038.55107152663	602500	1038.55107152663	602500	1038.55107152663	602500	1038.55107152663
605000	1038.55107152663	605000	1038.55107152663	605000	1038.55107152663	605000	1038.55107152663	605000	1038.55107152663	605000	1038.55107152663	605000	1038.55107152663	605000	1038.55107152663	605000	1038.55107152663	605000	1038.55107152663
607500	1038.55107152663	607500	1038.55107152663	607500	1038.55107152663	607500	1038.55107152663	607500	1038.55107152663	607500	1038.55107152663	607500	1038.55107152663	607500	1038.55107152663	607500	1038.55107152663	607500	1038.55107152663
610000	1038.55107152663	610000	1038.55107152663	610000	1038.55107152663	610000	1038.55107152663	610000	1038.55107152663	610000	1038.55107152663	610000	1038.55107152663	610000	1038.55107152663	610000	1038.55107152663	610000	1038.55107152663
612500	1038.55107152663	612500	1038.55107152663	612500	1038.55107152663	612500	1038.55107152663	612500	1038.55107152663	612500	1038.55107152663	612500	1038.55107152663	612500	1038.55107152663	612500	1038.55107152663	612500	1038.55107152663
615000	1038.55107152663	615000	1038.55107152663	615000	1038.55107152663	615000	1038.55107152663	615000	1038.55107152663	615000	1038.55107152663	615000	1038.55107152663	615000	1038.55107152663	615000	1038.55107152663	615000	1038.55107152663
617500	1038.55107152663	617500	1038.55107152663	617500	1038.55107152663	617500	1038.55107152663	617500	1038.55107152663	617500	1038.55107152663	617500	1038.55107152663	617500	1038.55107152663	617500	1038.55107152663	617500	1038.55107152663
620000	1038.55107152663	620000	1038.55107152663	620000	1038.55107152663	620000	1038.55107152663	620000	1038.55107152663	620000	1038.55107152663	620000	1038.55107152663	620000	1038.55107152663	620000	1038.55107152663	620000	1038.55107152663
622500	1038.55107152663	622500	1038.55107152663	622500	1038.55107152663	622500	1038.55107152663	622500	1038.55107152663	622500	1038.55107152663	622500	1038.55107152663	622500	1038.55107152663	622500	1038.55107152663	622500	1038.55107152663
625000	1038.55107152663	625000	1038.55107152663	625000	1038.55107152663	625000	1038.55107152663	625000	1038.55107152663	625000	1038.55107152663	625000	1038.55107152663	625000	1038.55107152663	625000	1038.55107152663	625000	1038.55107152663
627500	1038.55107152663	627500	1038.55107152663	627500	1038.55107152663	627500	1038.55107152663	627500	1038.55107152663	627500	1038.55107152663	627500	1038.55107152663	627500	1038.55107152663	627500	1038.55107152663	627500	1038.55107152663
630000	1038.55107152663	630000	1038.55107152663	630000	1038.55107152663	630000	1038.55107152663	630000	1038.55107152663	630000	1038.55107152663	630000	1038.55107152663	630000	1038.55107152663	630000	1038.55107152663	630000	1038.55107152663
632500	1038.55107152663	632500	1038.55107152663	632500	1038.55107152663	632500	1038.55107152663	632500	1038.55107152663	632500	1038.55107152663	632500	1038.55107152663	632500	1038.55107152663	632500	1038.55107152663	632500	1038.55107152663
635000	1038.55107152663	635000	1038.55107152663	635000	1038.55107152663	635000	1038.55107152663	635000	1038.55107152663	635000	1038.55107152663	635000	1038.55107152663	635000	1038.55107152663	635000	1038.55107152663	635000	1038.55107152663
637500	1038.55107152663	637500	1038.55107152663	637500	1038.55107152663	637500	1038.55107152663	637500	1038.55107152663	637500	1038.55107152663	637500	1038.55107152663	637500	1038.55107152663	637500	1038.55107152663	637500	1038.55107152663
640000	1038.55107152663	640000	1038.55107152663	640000	1038.55107152663	640000	1038.55107152663	640000	1038.55107152663	640000	1038.55107152663	640000	1038.55107152663	640000	1038.55107152663	640000	1038.55107152663	640000	1038.55107152663
642500	1038.55107152663	642500	1038.55107152663	642500	1038.55107152663	642500	1038.55107152663	642500	1038.55107152663	642500	1038.55107152663	642500	1038.55107152663	642500	1038.55107152663	642500	1038.55107152663	642500	1038.55107152663
645000	1038.55107152663	645000	1038.55107152663	645000	1038.55107152663	645000	1038.55107152663	645000	1038.55107152663	645000	1038.55107152663	645000	1038.55107152663	645000	1038.55107152663	645000	1038.55107152663	645000	1038.55107152663
647500	1038.55107152663	647500	1038.55107152663	647500	1038.55107152663	647500	1038.55107152663	647500	1038.55107152663	647500	1038.55107152663	647500	1038.55107152663	647500	1038.55107152663	647500	1038.55107152663	647500	1038.55107152663
650000	1038.55107152663	650000	1038.55107152663	650000	1038.55107152663	650000	1038.55107152663	650000	1038.55107152663	650000	1038.55107152663	650000	1038.55107152663	650000	1038.55107152663	650000	1038.55107152663	650000	1038.55107152663
652500	1038.55107152663	652500	1038.55107152663	652500	1038.55107152663	652500	1038.55107152663	652500	1038.55107152663	652500	1038.55107152663	652500	1038.55107152663	652500	1038.55107152663	652500	1038.55107152663	652500	1038.55107152663
655000	1038.55107152663	655000	1038.55107152663	655000	1038.55107152663	655000	1038.55107152663	655000	1038.55107152663	655000	1038.55107152663	655000	1038.55107152663	655000	1038.55107152663	655000	1038.55107152663	655000	1038.55107152663
657500	1038.55107152663	657500	1038.55107152663	657500	1038.55107152663	657500	1038.55107152663	657500	1038.55107152663	657500	1038.55107152663	657500	1038.55107152663	657500	1038.55107152663	657500	1038.55107152663	657500	1038.55107152663
660000	1038.55107152663	660000	1038.55107152663	660000	1038.55107152663	660000	1038.55107152663	660000	1038.55107152663	660000	1038.55107152663	660000	1038.55107152663	660000	1038.55107152663	660000	1038.55107152663	660000	1038.55107152663
662500	1038.55107152663	662500	1038.55107152663	662500	1038.55107152663	662500	1038.55107152663	662500	1038.55107152663	662500	1038.55107152663	662500	1038.55107152663	662500	1038.55107152663	662500	1038.55107152663	662500	1038.55107152663
665000	1038.55107152663	665000	1038.55107152663	665000	1038.55107152663	665000	1038.55107152663	665000	1038.55107152663	665000	1038.55107152663	665000	1038.55107152663	665000	1038.55107152663	665000	1038.55107152663	665000	1038.55107152663
667500	1038.55107152663	667500	1038.55107152663	667500	1038.55107152663	667500	1038.55107152663	667500	1038.55107152663	667500	1038.55107152663	667500	1038.55107152663	667500	1038.55107152663	667500	1038.55107152663	667500	1038.55107152663
670000	1038.55107152663	670000	1038.55107152663	670000	1038.55107152663	670000	1038.55107152663	670000	1038.55107152663	670000	1038.55107152663	670000	1038.55107152663	670000	1038.55107152663	670000	1038.55107152663	670000	1038.55107152663
672500	1038.55107152663	672500	1038.55107152663	672500	1038.55107152663	672500	1038.55107152663	672500	1038.55107152663	672500	1038.55107152663	672500	1038.55107152663	672500	1038.55107152663	672500	1038.55107152663	672500	1038.55107152663
675000	1038.55107152663	675000	1038.55107152663	675000	1038.55107152663	675000	1038.55107152663	675000	1038.55107152663	675000	1038.55107152663	675000	1038.55107152663	675000	1038.55107152663	675000	1038.55107152663	675000	1038.55107152663
677500	1038.55107152663	677500	1038.55107152663	677500	1038.55107152663	677500	1038.55107152663	677500	1038.55107152663	677500	1038.55107152663	677500	1038.55107152663	677500	1038.55107152663	677500	1038.55107152663	677500	1038.55107152663
680000	1038.55107152663	680000	1038.55107152663	680000	1038.55107152663	680000	1038.55107152663	680000	1038.55107152663	680000	1038.55107152663	680000	1038.55107152663	680000	1038.55107152663	680000	1038.55107152663	680000	1038.55107152663
682500	1038.55107152663	682500	1038.55107152663	682500	1038.55107152663	682500	1038.55107152663	682500	1038.55107152663	682500	1038.55107152663	682500	1038.55107152663	682500	1038.55107152663	682500	1038.55107152663	682500	1038.55107152663
685000	1038.55107152663	685000	1038.55107152663	685000	1038.55107152663	685000	1038.55107152663	685000	1038.55107152663	685000	1038.55107152663	685000	1038.55107152663	685000	1038.55107152663	685000	1038.55107152663	685000	1038.55107152663
687500	1038.55107152663	687500	1038.55107152663	687500	1038.55107152663	687500	1038.55107152663	687500	1038.55107152663	687500	1038.55107152663	687500	1038.55107152663	687500	1038.55107152663	687500	1038.55107152663	687500	1038.55107152663
690000	1038.55107152663	690000	1038.55107152663	690000	1038.55107152663	690000	1038.55107152663	690000	1038.55107152663	690000	1038.55107152663	690000	1038.55107152663	690000	1038.55107152663	690000	1038.55107152663	690000	1038.55107152663
692500	1038.55107152663	692500	1038.55107152663	692500	1038.55107152663	692500	1038.55107152663	692500	1038.55107152663	692500	1038.55107152663	692500	1038.55107152663	692500	1038.55107152663	692500	1038.55107152663	692500	1038.55107152663
695000	1038.55107152663	695000	1038.55107152663	695000	1038.55107152663	695000	1038.55107152663	695000	1038.55107152663	695000	1038.55107152663	695000	1038.55107152663	695000	1038.55107152663	695000	1038.55107152663	695000	1038.55107152663
697500	1038.55107152663	697500	1038.55107152663	697500	1038.55107152663	697500	1038.55107152663	697500	1038.55107152663	697500	1038.55107152663	697500	1038.55107152663	697500	1038.55107152663	697500	1038.55107152663	697500	1038.55107152663
700000	1038.55107152663	700000	1038.55107152663	700000	1038.55107152663	700000	1038.55107152663	700000	1038.55107152663	700000	1038.55107152663	700000	1038.55107152663	700000	1038.55107152663	700000	1038.55107152663	700000	1038.55107152663
702500	1038.55107152663	702500	1038.55107152663	702500	1038.55107152663	702500	1038.55107152663	702500	1038.55107152663	702500	1038.55107152663	702500	1038.55107152663	702500	1038.55107152663	702500	1038.55107152663	702500	1038.55107152663
705000	1038.55107152663	705000	1038.55107152663	705000	1038.55107152663	705000	1038.55107152663	705000	1038.55107152663	705000	1038.55107152663	705000	1038.55107152663	705000	1038.55107152663	705000	1038.55107152663	705000	1038.55107152663
707500	1038.55107152663	707500	1038.55107152663	707500	1038.55107152663	707500	1038.55107152663	707500	1038.55107152663	707500	1038.55107152663	707500	1038.55107152663	707500	1038.55107152663	707500	1038.55107152663	707500	1038.55107152663
710000	1038.55107152663	710000	1038.55107152663	710000	1038.55107152663	710000	1038.55107152663	710000	1038.55107152663	710000	1038.55107152663	710000	1038.55107152663	710000	1038.55107152663	710000	1038.55107152663	710000	1038.55107152663
712500	1038.55107152663	712500	1038.55107152663	712500	1038.55107152663	712500	1038.55107152663	712500	1038.55107152663	712500	1038.55107152663	712500	1038.55107152663	712500	1038.55107152663	712500	1038.55107152663	712500	1038.55107152663
715000	1038.55107152663	715000	1038.55107152663	715000	1038.55107152663	715000	1038.55107152663	715000	1038.55107152663	715000	1038.55107152663	715000	1038.55107152663	715000	1038.55107152663	715000	1038.55107152663	715000	1038.55107152663
717500	1038.55107152663	717500	1038.55107152663	717500	1038.55107152663	717500	1038.55107152663	717500	1038.55107152663	717500	1038.55107152663	717500	1038.55107152663	717500	1038.55107152663	717500	1038.55107152663	717500	1038.55107152663
720000	1038.55107152663	720000	1038.55107152663	720000	1038.55107152663	720000	1038.55107152663	720000	1038.55107152663	720000	1038.55107152663	720000	1038.55107152663	720000	1038.55107152663	720000	1038.55107152663	720000	1038.55107152663
722500	1038.55107152663	722500	1038.55107152663	722500	1038.55107152663	722500	1038.55107152663	722500	1038.55107152663	722500	1038.55107152663	722500	1038.55107152663	722500	1038.55107152663	722500	1038.55107152663	722500	1038.55107152663
725000	1038.55107152663	725000	1038.55107152663	725000	1038.55107152663	725000	1038.55107152663	725000	1038.55107152663	725000	1038.55107152663	725000	1038.55107152663	725000	1038.55107152663	725000	1038.55107152663	725000	1038.55107152663
727500	1038.55107152663	727500	1038.55107152663	727500	1038.55107152663	727500	1038.55107152663	727500	1038.55107152663	727500	1038.55107152663	727500	1038.55107152663	727500	1038.55107152663	727500	1038.55107152663	727500	1038.55107152663
730000	1038.55107152663	730000	1038.55107152663	730000	1038.55107152663	730000	1038.55107152663	730000	1038.55107152663	730000	1038.55107152663	730000	1038.55107152663	730000	1038.55107152663	730000	1038.55107152663	730000	1038.55107152663
732500	1038.55107152663	732500	1038.55107152663	732500	1038.55107152663	732500	1038.55107152663	732500	1038.55107152663	732500	1038.55107152663	732500	1038.55107152663	732500	1038.55107152663	732500	1038.55107152663	732500	1038.55107152663
735000	1038.55107152663	735000	1038.55107152663	735000	1038.55107152663	735000	1038.55107152663	735000	1038.55107152663	735000	1038.55107152663	735000	1038.55107152663	735000	1038.55107152663	735000	1038.55107152663	735000	1038.55107152663
737500	1038.55107152663	737500	1038.55107152663	737500	1038.55107152663	737500	1038.55107152663	737500	1038.55107152663	737500	1038.55107152663	737500	1038.55107152663	737500	1038.55107152663	737500	1038.55107152663	737500	1038.55107152663
740000	1038.55107152663	740000	1038.55107152663	740000	1038.55107152663	740000	1038.55107152663	740000	1038.55107152663	740000	1038.55107152663	740000	1038.55107152663	740000	1038.55107152663	740000	1038.55107152663	740000	1038.55107152663
742500	1038.55107152663	742500	1038.55107152663	742500	1038.55107152663	742500	1038.55107152663	742500	1038.55107152663	742500	1038.55107152663	742500	1038.55107152663	742500	1038.55107152663	742500	1038.55107152663	742500	1038.55107152663
745000	1038.55107152663	745000	1038.55107152663	745000	1038.55107152663	745000	1038.55107152663	745000	1038.55107152663	745000	1038.55107152663	745000	1038.55107152663	745000	1038.55107152663	745000	1038.55107152663	745000	1038.55107152663
747500	1038.55107152663	747500	1038.55107152663	747500	1038.55107152663	747500	1038.55107152663	747500	1038.55107152663	747500	1038.55107152663	747500	1038.55107152663	747500	1038.55107152663	747500	1038.55107152663	747500	1038.55107152663
750000	1038.55107152663	750000	1038.55107152663	750000	1038.55107152663	750000	1038.55107152663	750000	1038.55107152663	750000	1038.55107152663	750000	1038.55107152663	750000	1038.55107152663	750000	1038.55107152663	750000	1038.55107152663
752500	1038.55107152663	752500	1038.55107152663	752500	1038.55107152663	752500	1038.55107152663	752500	1038.55107152663	752500	1038.55107152663	752500	1038.55107152663	752500	1038.55107152663	752500	1038.55107152663	752500	1038.55107152663
755000	1038.55107152663	755000	1038.55107152663	755000	1038.55107152663	755000	1038.55107152663	755000	1038.55107152663	755000	1038.55107152663	755000	1038.55107152663	755000	1038.55107152663	755000	1038.55107152663	755000	1038.55107152663
757500	1038.55107152663	757500	1038.55107152663	757500	1038.55107152663	757500	1038.55107152663	757500	1038.55107152663	757500	1038.55107152663	757500	1038.55107152663	757500	1038.55107152663	757500	1038.55107152663	757500	1038.55107152663
760000	1038.55107152663	760000	1038.55107152663	760000	1038.55107152663	760000	1038.55107152663	760000	1038.55107152663	760000	1038.55107152663	760000	1038.55107152663	760000	1038.55107152663	760000	1038.55107152663	760000	1038.55107152663
762500	1038.55107152663	762500	1038.55107152663	762500	1038.55107152663	762500	1038.55107152663	762500	1038.55107152663	762500	1038.55107152663	762500	1038.55107152663	762500	1038.55107152663	762500	1038.55107152663	762500	1038.55107152663
765000	1038.55107152663	765000	1038.55107152663	765000	1038.55107152663	765000	1038.55107152663	765000	1038.55107152663	765000	1038.55107152663	765000	1038.55107152663	765000	1038.55107152663	765000	1038.55107152663	765000	1038.55107152663
767500	1038.55107152663	767500	1038.55107152663	767500	1038.55107152663	767500	1038.55107152663	767500	1038.55107152663	767500	1038.55107152663	767500	1038.55107152663	767500	1038.55107152663	767500	1038.55107152663	767500	1038.55107152663
770000	1038.55107152663	770000	1038.55107152663	770000	1038.55107152663	770000	1038.55107152663	770000	1038.55107152663	770000	1038.55107152663	770000	1038.55107152663	770000	1038.55107152663	770000	1038.55107152663	770000	1038.55107152663
772500	1038.55107152663	772500	1038.55107152663	772500	1038.55107152663	772500	1038.55107152663	772500	1038.55107152663	772500	1038.55107152663	772500	1038.55107152663	772500	1038.55107152663	772500	1038.55107152663	772500	1038.55107152663
775000	1038.55107152663	775000	1038.55107152663	775000	1038.55107152663	775000	1038.55107152663	775000	1038.55107152663	775000	1038.55107152663	775000	1038.55107152663	775000	1038.55107152663	775000	1038.55107152663	775000	1038.55107152663
777500	1038.55107152663	777500	1038.55107152663	777500	1038.55107152663	777500	1038.55107152663	777500	1038.55107152663	777500	1038.55107152663	777500	1038.55107152663	777500	1038.55107152663	777500	1038.55107152663	777500	1038.55107152663
780000	1038.55107152663	780000	1038.55107152663	780000	1038.55107152663	780000	1038.55107152663	780000	1038.55107152663	780000	1038.55107152663	780000	1038.55107152663	780000	1038.55107152663	780000	1038.55107152663	780000	1038.55107152663
782500	1038.55107152663	782500	1038.55107152663	782500	1038.55107152663	782500	1038.55107152663	782500	1038.55107152663	782500	1038.55107152663	782500	1038.55107152663	782500	1038.55107152663	782500	1038.55107152663	782500	1038.55107152663
785000	1038.55107152663	785000	1038.55107152663	785000	1038.55107152663	785000	1038.55107152663	785000	1038.55107152663	785000	1038.55107152663	785000	1038.55107152663	785000	1038.55107152663	785000	1038.55107152663	785000	1038.55107152663
787500	1038.55107152663	787500	1038.55107152663	787500	1038.55107152663	787500	1038.55107152663	787500	1038.55107152663	787500	1038.55107152663	787500	1038.55107152663	787500	1038.55107152663	787500	1038.55107152663	787500	1038.55107152663
790000	1038.55107152663	790000	1038.55107152663	790000	1038.55107152663	790000	1038.55107152663	790000	1038.55107152663	790000	1038.55107152663	790000	1038.55107152663	790000	1038.55107152663	790000	1038.55107152663	790000	1038.55107152663
792500	1038.55107152663	792500	1038.55107152663	792500	1038.55107152663	792500	1038.55107152663	792500	1038.55107152663	792500	1038.55107152663	792500	1038.55107152663	792500	1038.55107152663	792500	1038.55107152663	792500	1038.55107152663
795000	1038.55107152663	795000	1038.55107152663	795000	1038.55107152663	795000	1038.55107152663	795000	1038.55107152663	795000	1038.55107152663	795000	1038.55107152663	795000	1038.55107152663	795000	1038.55107152663	795000	1038.55107152663
797500	1038.55107152663	797500	1038.55107152663	797500	1038.55107152663	797500	1038.55107152663	797500	1038.55107152663	797500	1038.55107152663	797500	1038.55107152663	797500	1038.55107152663	797500	1038.55107152663	797500	1038.55107152663
800000	1038.55107152663	800000	1038.55107152663	800000	1038.55107152663	800000	1038.55107152663	800000	1038.55107152663	800000	1038.55107152663	800000	1038.55107152663	800000	1038.55107152663	800000	1038.55107152663	800000	1038.55107152663
802500	1038.55107152663	802500	1038.55107152663	802500	1038.55107152663	802500	1038.55107152663	802500	1038.55107152663	802500	1038.55107152663	802500	1038.55107152663	802500	1038.55107152663	802500	1038.55107152663	802500	1038.55107152663
805000	1038.55107152663	805000	1038.55107152663	805000	1038.55107152663	805000	1038.55107152663	805000	1038.55107152663	805000	1038.55107152663	805000	1038.55107152663	805000	1038.55107152663	805000	1038.55107152663	805000	1038.55107152663
807500	1038.55107152663	807500	1038.55107152663	807500	1038.55107152663	807500	1038.55107152663	807500	1038.55107152663	807500	1038.55107152663	807500	1038.55107152663	807500	1038.55107152663	807500	1038.55107152663	807500	1038.55107152663
810000	1038.55107152663	810000	1038.55107152663	810000	1038.55107152663	810000	1038.55107152663	810000	1038.55107152663	810000	1038.55107152663	810000	1038.55107152663	810000	1038.55107152663	810000	1038.55107152663	810000	1038.55107152663
812500	1038.55107152663	812500	1038.55107152663	812500	1038.55107152663	812500	1038.55107152663	812500	1038.55107152663	812500	1038.55107152663	812500	1038.55107152663	812500	1038.55107152663	812500	1038.55107152663	812500	1038.55107152663
815000	1038.55107152663	815000	1038.55107152663	815000	1038.55107152663	815000	1038.55107152663	815000	1038.55107152663	815000	1038.55107152663	815000	1038.55107152663	815000	1038.55107152663	815000	1038.55107152663	815000	1038.55107152663
817500	1038.55107152663	817500	1038.55107152663	817500	1038.55107152663	817500	1038.55107152663	817500	1038.55107152663	817500	1038.55107152663	817500	1038.55107152663	817500	1038.55107152663	817500	1038.55107152663	817500	1038.55107152663
820000	1038.55107152663	820000	1038.55107152663	820000	1038.55107152663	820000	1038.55107152663	820000	1038.55107152663	820000	1038.55107152663	820000	1038.55107152663	820000	1038.55107152663	820000	1038.55107152663	820000	1038.55107152663
822500	1038.55107152663	822500	1038.55107152663	822500	1038.55107152663	822500	1038.55107152663	822500	1038.55107152663	822500	1038.55107152663	822500	1038.55107152663	822500	1038.55107152663	822500	1038.55107152663	822500	1038.55107152663
825000	1038.55107152663	825000	1038.55107152663	825000	1038.55107152663	825000	1038.55107152663	825000	1038.55107152663	825000	1038.55107152663	825000	1038.55107152663	825000	1038.55107152663	825000	1038.55107152663	825000	1038.55107152663
827500	1038.55107152663	827500	1038.55107152663	827500	1038.55107152663	827500	1038.55107152663	827500	1038.55107152663	827500	1038.55107152663	827500	1038.55107152663	827500	1038.55107152663	827500	1038.55107152663	827500	1038.55107152663
830000	1038.55107152663	830000	1038.55107152663	830000	1038.55107152663	830000	1038.55107152663	830000	1038.55107152663	830000	1038.55107152663	830000	1038.55107152663	830000	1038.55107152663	830000	1038.55107152663	830000	1038.55107152663
832500	1038.55107152663	832500	1038.55107152663	832500	1038.55107152663	832500	1038.55107152663	832500	1038.55107152663	832500	1038.55107152663	832500	1038.55107152663	832500	1038.55107152663	832500	1038.55107152663	832500	1038.55107152663
835000	1038.55107152663	835000	1038.55107152663	835000	1038.55107152663	835000	1038.55107152663	835000	1038.55107152663	835000	1038.55107152663	835000	1038.55107152663	835000	1038.55107152663	835000	1038.55107152663	835000	1038.55107152663
837500	1038.55107152663	837500	1038.55107152663	837500	1038.55107152663	837500	1038.55107152663	837500	1038.55107152663	837500	1038.55107152663	837500	1038.55107152663	837500	1038.55107152663	837500	1038.55107152663	837500	1038.55107152663
840000	1038.55107152663	840000	1038.55107152663	840000	1038.55107152663	840000	1038.55107152663	840000	1038.55107152663	840000	1038.55107152663	840000	1038.55107152663	840000	1038.55107152663	840000	1038.55107152663	840000	1038.55107152663
842500	1038.55107152663	842500	1038.55107152663	842500	1038.55107152663	842500	1038.55107152663	842500	1038.55107152663	842500	1038.55107152663	842500	1038.55107152663	842500	1038.55107152663	842500	1038.55107152663	842500	1038.55107152663
845000	1038.55107152663	845000	1038.55107152663	845000	1038.55107152663	845000	1038.55107152663	845000	1038.55107152663	845000	1038.55107152663	845000	1038.55107152663	845000	1038.55107152663	845000	1038.55107152663	845000	1038.55107152663
847500	1038.55107152663	847500	1038.55107152663	847500	1038.55107152663	847500	1038.55107152663	847500	1038.55107152663	847500	1038.55107152663	847500	1038.55107152663	847500	1038.55107152663	847500	1038.55107152663	847500	1038.55107152663
850000	1038.55107152663	850000	1038.55107152663	850000	1038.55107152663	850000	1038.55107152663	850000	1038.55107152663	850000	1038.55107152663	850000	1038.55107152663	850000	1038.55107152663	850000	1038.55107152663	850000	1038.55107152663
852500	1038.55107152663	852500	1038.55107152663	852500	1038.55107152663	852500	1038.55107152663	852500	1038.55107152663	852500	1038.55107152663	852500	1038.55107152663	852500	1038.55107152663	852500	1038.55107152663	852500	1038.55107152663
855000	1038.55107152663	855000	1038.55107152663	855000	1038.55107152663	855000	1038.55107152663	855000	1038.55107152663	855000	1038.55107152663	855000	1038.55107152663	855000	1038.55107152663	855000	1038.55107152663	855000	1038.55107152663
857500	1038.55107152663	857500	1038.55107152663	857500	1038.55107152663	857500	1038.55107152663	857500	1038.55107152663	857500	1038.55107152663	857500	1038.55107152663	857500	1038.55107152663	857500	1038.55107152663	857500	1038.55107152663
860000	1038.55107152663	860000	1038.55107152663	860000	1038.55107152663	860000	1038.55107152663	860000	1038.55107152663	860000	1038.55107152663	860000	1038.55107152663	860000	1038.55107152663	860000	1038.55107152663	860000	1038.55107152663
862500	1038.55107152663	862500	1038.55107152663	862500	1038.55107152663	862500	1038.55107152663	862500	1038.55107152663	862500	1038.55107152663	862500	1038.55107152663	862500	1038.55107152663	862500	1038.55107152663	862500	1038.55107152663
865000	1038.55107152663	865000	1038.55107152663	865000	1038.55107152663	865000	1038.55107152663	865000	1038.55107152663	865000	1038.55107152663	865000	1038.55107152663	865000	1038.55107152663	865000	1038.55107152663	865000	1038.55107152663
867500	1038.55107152663	867500	1038.55107152663	867500	1038.55107152663	867500	1038.55107152663	867500	1038.55107152663	867500	1038.55107152663	867500	1038.55107152663	867500	1038.55107152663	867500	1038.55107152663	867500	1038.55107152663
870000	1038.55107152663	870000	1038.55107152663	870000	1038.55107152663	870000	1038.55107152663	870000	1038.55107152663	870000	1038.55107152663	870000	1038.55107152663	870000	1038.55107152663	870000	1038.55107152663	870000	1038.55107152663
872500	1038.55107152663	872500	1038.55107152663	872500	1038.55107152663	872500	1038.55107152663	872500	1038.55107152663	872500	1038.55107152663	872500	1038.55107152663	872500	1038.55107152663	872500	1038.55107152663	872500	1038.55107152663
875000	1038.55107152663	875000	1038.55107152663	875000	1038.55107152663	875000	1038.55107152663	875000	1038.55107152663	875000	1038.55107152663	875000	1038.55107152663	875000	1038.55107152663	875000	1038.55107152663	875000	1038.55107152663
877500	1038.55107152663	877500	1038.55107152663	877500	1038.55107152663	877500	1038.55107152663	877500	1038.55107152663	877500	1038.55107152663	877500	1038.55107152663	877500	1038.55107152663	877500	1038.55107152663	877500	1038.55107152663
880000	1038.55107152663	880000	1038.55107152663	880000	1038.55107152663	880000	1038.55107152663	880000	1038.55107152663	880000	1038.55107152663	880000	1038.55107152663	880000	1038.55107152663	880000	1038.55107152663	880000	1038.55107152663
882500	1038.55107152663	882500	1038.55107152663	882500	1038.55107152663	882500	1038.55107152663	882500	1038.55107152663	882500	1038.55107152663	882500	1038.55107152663	882500	1038.55107152663	882500	1038.55107152663	882500	1038.55107152663
885000	1038.55107152663	885000	1038.55107152663	885000	1038.55107152663	885000	1038.55107152663	885000	1038.55107152663	885000	1038.55107152663	885000	1038.55107152663	885000	1038.55107152663	885000	1038.55107152663	885000	1038.55107152663
887500	1038.55107152663	887500	1038.55107152663	887500	1038.55107152663	887500	1038.55107152663	887500	1038.55107152663	887500	1038.55107152663	887500	1038.55107152663	887500	1038.55107152663	887500	1038.55107152663	887500	1038.55107152663
890000	1038.55107152663	890000	1038.55107152663	890000	1038.55107152663	890000	1038.55107152663	890000	1038.55107152663	890000	1038.55107152663	890000	1038.55107152663	890000	1038.55107152663	890000	1038.55107152663	890000	1038.55107152663
892500	1038.55107152663	892500	1038.55107152663	892500	1038.55107152663	892500	1038.55107152663	892500	1038.55107152663	892500	1038.55107152663	892500	1038.55107152663	892500	1038.55107152663	892500	1038.55107152663	892500	1038.55107152663
895000	1038.55107152663	895000	1038.55107152663	895000	1038.55107152663	895000	1038.55107152663	895000	1038.55107152663	895000	1038.55107152663	895000	1038.55107152663	895000	1038.55107152663	895000	1038.55107152663	895000	1038.55107152663
897500	1038.55107152663	897500	1038.55107152663	897500	1038.55107152663	897500	1038.55107152663	897500	1038.55107152663	897500	1038.55107152663	897500	1038.55107152663	897500	1038.55107152663	897500	1038.55107152663	897500	1038.55107152663
900000	1038.55107152663	900000	1038.55107152663	900000	1038.55107152663	900000	1038.55107152663	900000	1038.55107152663	900000	1038.55107152663	900000	1038.55107152663	900000	1038.55107152663	900000	1038.55107152663	900000	1038.55107152663
902500	1038.55107152663	902500	1038.55107152663	902500	1038.55107152663	902500	1038.55107152663	902500	1038.55107152663	902500	1038.55107152663	902500	1038.55107152663	902500	1038.55107152663	902500	1038.55107152663	902500	1038.55107152663
905000	1038.55107152663	905000	1038.55107152663	905000	1038.55107152663	905000	1038.55107152663	905000	1038.55107152663	905000	1038.55107152663	905000	1038.55107152663	905000	1038.55107152663	905000	1038.55107152663	905000	1038.55107152663
907500	1038.55107152663	907500	1038.55107152663	907500	1038.55107152663	907500	1038.55107152663	907500	1038.55107152663	907500	1038.55107152663	907500	1038.55107152663	907500	1038.55107152663	907500	1038.55107152663	907500	1038.55107152663
910000	1038.55107152663	910000	1038.55107152663	910000	1038.55107152663	910000	1038.55107152663	910000	1038.55107152663	910000	1038.55107152663	910000	1038.55107152663	910000	1038.55107152663	910000	1038.55107152663	910000	1038.55107152663
912500	1038.55107152663	912500	1038.55107152663	912500	1038.55107152663	912500	1038.55107152663	912500	1038.55107152663	912500	1038.55107152663	912500	1038.55107152663	912500	1038.55107152663	912500	1038.55107152663	912500	1038.55107152663
915000	1038.55107152663	915000	1038.55107152663	915000	1038.55107152663	915000	1038.55107152663	915000	1038.55107152663	915000	1038.55107152663	915000	1038.55107152663	915000	1038.55107152663	915000	1038.55107152663	915000	1038.55107152663
917500	1038.55107152663	917500	1038.55107152663	917500	1038.55107152663	917500	1038.55107152663	917500	1038.55107152663	917500	1038.55107152663	917500	1038.55107152663	917500	1038.55107152663	917500	1038.55107152663	917500	1038.55107152663
920000	1038.55107152663	920000	1038.55107152663	920000	1038.55107152663	920000	1038.55107152663	920000	1038.55107152663	920000	1038.55107152663	920000	1038.55107152663	920000	1038.55107152663	920000	1038.55107152663	920000	1038.55107152663
922500	1038.55107152663	922500	1038.55107152663	922500	1038.55107152663	922500	1038.55107152663	922500	1038.55107152663	922500	1038.55107152663	922500	1038.55107152663	922500	1038.55107152663	922500	1038.55107152663	922500	1038.55107152663
925000	1038.55107152663	925000	1038.55107152663	925000	1038.55107152663	925000	1038.55107152663	925000	1038.55107152663	925000	1038.55107152663	925000	1038.55107152663	925000	1038.55107152663	925000	1038.55107152663	925000	1038.55107152663
927500	1038.55107152663	927500	1038.55107152663	927500	1038.55107152663	927500	1038.55107152663	927500	1038.55107152663	927500	1038.55107152663	927500	1038.55107152663	927500	1038.55107152663	927500	1038.55107152663	927500	1038.55107152663
930000	1038.55107152663	930000	1038.55107152663	930000	1038.55107152663	930000	1038.55107152663	930000	1038.55107152663	930000	1038.55107152663	930000	1038.55107152663	930000	1038.55107152663	930000	1038.55107152663	930000	1038.55107152663
932500	1038.55107152663	932500	1038.55107152663	932500	1038.55107152663	932500	1038.55107152663	932500	1038.55107152663	932500	1038.55107152663	932500	1038.55107152663	932500	1038.55107152663	932500	1038.55107152663	932500	1038.55107152663
935000	1038.55107152663	935000	1038.55107152663	935000	1038.55107152663	935000	1038.55107152663	935000	1038.55107152663	935000	1038.55107152663	935000	1038.55107152663	935000	1038.55107152663	935000	1038.55107152663	935000	1038.55107152663
937500	1038.55107152663	937500	1038.55107152663	937500	1038.55107152663	937500	1038.55107152663	937500	1038.55107152663	937500	1038.55107152663	937500	1038.55107152663	937500	1038.55107152663	937500	1038.55107152663	937500	1038.55107152663
940000	1038.55107152663	940000	1038.55107152663	940000	1038.55107152663	940000	1038.55107152663	940000	1038.55107152663	940000	1038.55107152663	940000	1038.55107152663	940000	1038.55107152663	940000	1038.55107152663	940000	1038.55107152663
942500	1038.55107152663	942500	1038.55107152663	942500	1038.55107152663	942500	1038.55107152663	942500	1038.55107152663	942500	1038.55107152663	942500	1038.55107152663	942500	1038.55107152663	942500	1038.55107152663	942500	1038.55107152663
945000	1038.55107152663	945000	1038.55107152663	945000	1038.55107152663	945000	1038.55107152663	945000	1038.55107152663	945000	1038.55107152663	945000	1038.55107152663	945000	1038.55107152663	945000	1038.55107152663	945000	1038.55107152663
947500	1038.55107152663	947500	1038.55107152663	947500	1038.55107152663	947500	1038.55107152663	947500	1038.55107152663	947500	1038.55107152663	947500	1038.55107152663	947500	1038.55107152663	947500	1038.55107152663	947500	1038.55107152663
950000	1038.55107152663	950000	1038.55107152663	950000	1038.55107152663	950000	1038.55107152663	950000	1038.55107152663	950000	1038.55107152663	950000	1038.55107152663	950000	1038.55107152663	950000	1038.55107152663	950000	1038.55107152663
952500	1038.55107152663	952500	1038.55107152663	952500	1038.55107152663	952500	1038.55107152663	952500	1038.55107152663	952500	1038.55107152663	952500	1038.55107152663	952500	1038.55107152663	952500	1038.55107152663	952500	1038.55107152663
955000	1038.55107152663	955000	1038.55107152663	955000	1038.55107152663	955000	1038.55107152663	955000	1038.55107152663	955000	1038.55107152663	955000	1038.55107152663	955000	1038.55107152663	955000	1038.55107152663	955000	1038.55107152663
957500	1038.55107152663	957500	1038.55107152663	957500	1038.55107152663	957500	1038.55107152663	957500	1038.55107152663	957500	1038.55107152663	957500	1038.55107152663	957500	1038.55107152663	957500	1038.55107152663	957500	1038.55107152663
960000	1038.55107152663	960000	1038.55107152663	960000	1038.55107152663	960000	1038.55107152663	960000	1038.55107152663	960000	1038.55107152663	960000	1038.55107152663	960000	1038.55107152663	960000	1038.55107152663	960000	1038.55107152663
962500	1038.55107152663	962500	1038.55107152663	962500	1038.55107152663	962500	1038.55107152663	962500	1038.55107152663	962500	1038.55107152663	962500	1038.55107152663	962500	1038.55107152663	962500	1038.55107152663	962500	1038.55107152663
965000	1038.55107152663	965000	1038.55107152663	965000	1038.55107152663	965000	1038.55107152663	965000	1038.55107152663	965000	1038.55107152663	965000	1038.55107152663	965000	1038.55107152663	965000	1038.55107152663	965000	1038.55107152663
967500	1038.55107152663	967500	1038.55107152663	967500	1038.55107152663	967500	1038.55107152663	967500	1038.55107152663	967500	1038.55107152663	967500	1038.55107152663	967500	1038.55107152663	967500	1038.55107152663	967500	1038.55107152663
970000	1038.55107152663	970000	1038.55107152663	970000	1038.55107152663	970000	1038.55107152663	970000	1038.55107152663	970000	1038.55107152663	970000	1038.55107152663	970000	1038.55107152663	970000	1038.55107152663	970000	1038.55107152663
972500	1038.55107152663	972500	1038.55107152663	972500	1038.55107152663	972500	1038.55107152663	972500	1038.55107152663	972500	1038.55107152663	972500	1038.55107152663	972500	1038.55107152663	972500	1038.55107152663	972500	1038.55107152663
975000	1038.55107152663	975000	1038.55107152663	975000	1038.55107152663	975000	1038.55107152663	975000	1038.55107152663	975000	1038.55107152663	975000	1038.55107152663	975000	1038.55107152663	975000	1038.55107152663	975000	1038.55107152663
977500	1038.55107152663	977500	1038.55107152663	977500	1038.55107152663	977500	1038.55107152663	977500	1038.55107152663	977500	1038.55107152663	977500	1038.55107152663	977500	1038.55107152663	977500	1038.55107152663	977500	1038.55107152663
980000	1038.55107152663	980000	1038.55107152663	980000	1038.55107152663	980000	1038.55107152663	980000	1038.55107152663	980000	1038.55107152663	980000	1038.55107152663	980000	1038.55107152663	980000	1038.55107152663	980000	1038.55107152663
982500	1038.55107152663	982500	1038.55107152663	982500	1038.55107152663	982500	1038.55107152663	982500	1038.55107152663	982500	1038.55107152663	982500	1038.55107152663	982500	1038.55107152663	982500	1038.55107152663	982500	1038.55107152663
985000	1038.55107152663	985000	1038.55107152663	985000	1038.55107152663	985000	1038.55107152663	985000	1038.55107152663	985000	1038.55107152663	985000	1038.55107152663	985000	1038.55107152663	985000	1038.55107152663	985000	1038.55107152663
987500	1038.55107152663	987500	1038.55107152663	987500	1038.55107152663	987500	1038.55107152663	987500	1038.55107152663	987500	1038.55107152663		987500	1038.55107152663	987500	1038.55107152663	987500	1038.55107152663
990000	1038.55107152663	990000	1038.55107152663	990000	1038.55107152663	990000	1038.55107152663	990000	1038.55107152663	990000	1038.55107152663		990000	1038.55107152663	990000	1038.55107152663	990000	1038.55107152663
992500	1038.55107152663	992500	1038.55107152663	992500	1038.55107152663	992500	1038.55107152663	992500	1038.55107152663	992500	1038.55107152663			992500	1038.55107152663	
995000	1038.55107152663	995000	1038.55107152663	995000	1038.55107152663	995000	1038.55107152663	995000	1038.55107152663	995000	1038.55107152663			995000	1038.55107152663	
997500	1038.55107152663	997500	1038.55107152663	997500	1038.55107152663	997500	1038.55107152663	997500	1038.55107152663	997500	1038.55107152663			997500	1038.55107152663	
1000000	1038.55107152663	1000000	1038.55107152663	1000000	1038.55107152663	1000000	1038.55107152663	1000000	1038.55107152663	1000000	1038.55107152663			1000000	1038.55107152663	
