#	SIM_20_0.05_-0		#	SIM_20_0.05_-10		#	SIM_20_0.05_-15		#	SIM_20_0.05_-2		#	SIM_20_0.05_-4		#	SIM_20_0.05_-5		#	SIM_20_0.05_-6		#	SIM_20_0.05_-7		#	SIM_20_0.05_-8		#	SIM_20_0.05_-9	
1	2745459.06386763	1	22297074.8118729	1	32003299.5633424	1	6526541.06141081	1	10547330.1887341	1	12497822.9325334	1	14448325.6614824	1	16445285.2873118	1	18349361.0750608	1	20299893.7598071
2500	4155447.58832601	2500	17938174.1719474	2500	24339218.7379155	2500	5436223.81217151	2500	10552182.9632498	2500	12016667.3784513	2500	13438255.5628193	2500	14041421.7299092	2500	16178153.4940959	2500	17462045.7471702
5000	3211635.73320305	5000	16203277.1365623	5000	22451044.5627230	5000	6973420.31066546	5000	9229708.71618887	5000	10617770.5692199	5000	12042207.8693113	5000	12529067.9024239	5000	14629272.8184378	5000	15845669.1160481
7500	3305185.36442401	7500	16701635.8584292	7500	22591615.3753244	7500	7190393.77846440	7500	9594848.33592698	7500	11071197.2858030	7500	12489259.6636055	7500	13054363.8789213	7500	14886504.9227505	7500	16066310.2271712
10000	3087035.25461609	10000	17306032.7034526	10000	22661025.2274909	10000	5541310.10392083	10000	9389201.20158015	10000	10790434.9239902	10000	12136674.0860015	10000	13681431.9817305	10000	14786420.2362540	10000	15937216.0234100
12500	2652475.89304107	12500	16741888.5050107	12500	21623043.6717611	12500	6451244.62934983	12500	8977418.65447552	12500	10305591.4184271	12500	11455718.8192592	12500	13069596.2854485	12500	14007999.3247753	12500	15110928.2630215
15000	3560794.96937504	15000	16741161.0617115	15000	22861148.9823377	15000	6741468.24962299	15000	9997731.32460870	15000	11523632.1248855	15000	12945149.7842770	15000	13034077.2779271	15000	15303783.1064027	15000	16552076.6543573
17500	3487871.49604145	17500	16319945.7128624	17500	22302980.1204421	17500	5814300.98913755	17500	9386105.35815206	17500	10453617.6826589	17500	11938144.1299939	17500	12402689.1834652	17500	14433565.1028104	17500	15759533.8950473
20000	3573698.18563152	20000	16528503.0972401	20000	22577510.6951291	20000	6957476.51277879	20000	9958916.77299537	20000	11420137.6961409	20000	12848678.2163274	20000	12956620.1825545	20000	15168288.4766025	20000	16341191.0097294
22500	3016350.91308167	22500	16831817.4217309	22500	21850098.3896740	22500	6493821.34426083	22500	9453445.11339224	22500	10751274.7334086	22500	12231169.6649530	22500	13233558.4780888	22500	14675662.3494231	22500	15941091.7509609
25000	3001652.09559850	25000	16430574.4068507	25000	21850443.3562382	25000	5796617.24441294	25000	8976787.37450458	25000	10482028.5446520	25000	11816291.5153923	25000	13036713.3657621	25000	14291392.5065057	25000	15546418.0829966
27500	3920965.05110037	27500	15802027.8128535	27500	22540485.1813287	27500	4878560.52761369	27500	9050579.78050946	27500	10208064.8659888	27500	11751204.3846283	27500	11912843.6931400	27500	14629248.7807943	27500	15887012.8144016
30000	3307210.76098123	30000	16310345.0338173	30000	22436259.3642930	30000	5918840.97019685	30000	9309083.08747398	30000	11044220.9286243	30000	12635534.8327029	30000	13201769.6464310	30000	14540437.5878527	30000	15732707.2017513
32500	3633137.15726939	32500	17011791.6296259	32500	22696864.9656439	32500	5329472.71514611	32500	9662477.88706316	32500	11294809.6523360	32500	12473444.2873954	32500	13387163.6211043	32500	14936451.8390654	32500	16316097.2406338
35000	2139692.85603110	35000	17023012.4755001	35000	20889558.8900783	35000	5425405.19891002	35000	8372292.15483870	35000	9224350.39497940	35000	10864175.9576589	35000	13373837.8996396	35000	13199852.1419126	35000	14290671.0218799
37500	3583375.98523595	37500	17156285.7929727	37500	22733280.8528430	37500	6111653.79487362	37500	10063488.5726634	37500	11486902.0945581	37500	12339251.9748116	37500	13193956.6477517	37500	15071068.8987947	37500	16345896.2024159
40000	3684612.15853712	40000	17408711.3471295	40000	22625774.8983515	40000	6331601.72503683	40000	9916067.15441741	40000	11628396.3555321	40000	12305020.0201210	40000	13809149.8322079	40000	15316832.1784533	40000	16121628.2924352
42500	3590909.75641718	42500	16861530.2161346	42500	22202977.2594771	42500	6229360.13453886	42500	9588597.34034713	42500	11116479.8372490	42500	12066603.2841004	42500	13064548.6993853	42500	14461562.5997955	42500	15717923.1084782
45000	3598556.82467240	45000	15754993.8677125	45000	22773475.9470174	45000	6748866.79246949	45000	9435264.14715311	45000	11089209.9369163	45000	12257242.7596964	45000	12438915.8648161	45000	14757117.8723206	45000	15904561.2136023
47500	2110946.63684311	47500	15616131.9870722	47500	21472294.1954496	47500	6869749.08195510	47500	8324643.98074091	47500	10226373.4235973	47500	11232510.0477740	47500	12158274.6724653	47500	13550136.7016847	47500	14942375.5490291
50000	2732523.13083318	50000	16971308.7814891	50000	21714857.6671598	50000	6012274.58126338	50000	8481329.66045132	50000	10305576.8747616	50000	11732104.6523444	50000	13568573.7794420	50000	14238748.0493905	50000	15166161.5118585
52500	3005945.70213844	52500	16522606.6429212	52500	21504739.8174847	52500	6728824.59387541	52500	8996151.83035945	52500	10595548.1960070	52500	11640085.5448545	52500	12591486.4016697	52500	14544064.4506687	52500	15749362.9464926
55000	1831460.09027088	55000	16568865.7167014	55000	20723770.4403608	55000	5760226.48732111	55000	8077355.59442493	55000	9821970.45331975	55000	10628751.2280511	55000	12992424.8452995	55000	13759261.6960415	55000	14612079.3397231
57500	2564663.45261991	57500	16564876.0739848	57500	20800271.1303489	57500	6718952.64245686	57500	8590046.49867455	57500	10157690.5395336	57500	11932467.9397485	57500	13120168.7225086	57500	13762462.2154321	57500	15431610.1803444
60000	3096310.33660326	60000	17591872.3465289	60000	22232519.6550223	60000	6613973.19336745	60000	9403982.92616102	60000	10875219.2377638	60000	12466583.8479926	60000	13903178.1298268	60000	14791170.7034037	60000	16081544.8501254
62500	2987590.45680811	62500	16273017.4626357	62500	21806475.0285186	62500	5583636.71939926	62500	8976079.84324721	62500	10292584.1753728	62500	11814497.7915851	62500	13268115.6249225	62500	14443070.4530906	62500	15353525.2167998
65000	2763656.64711348	65000	16186610.1351539	65000	21424260.8534536	65000	5394884.07129629	65000	8457800.60385350	65000	10006137.8967884	65000	10987422.5243704	65000	12639143.8783116	65000	13412505.9876766	65000	14685443.8335256
67500	2385526.67574567	67500	16351433.3516483	67500	21929157.3867174	67500	5582954.31752611	67500	9063999.72202542	67500	10124983.5223403	67500	11506983.1890810	67500	13134728.1582641	67500	14263710.5359257	67500	15286500.9496096
70000	3879429.34706699	70000	16484845.8040751	70000	22447285.8487619	70000	5694711.40367666	70000	9709632.90817243	70000	10836669.1480955	70000	12375251.8712002	70000	12681585.7488802	70000	15268090.5228157	70000	16171638.7372334
72500	1466576.74732983	72500	17428121.8196197	72500	20968126.7383310	72500	6214257.61953002	72500	7530931.93901489	72500	9193862.67423037	72500	10533887.3181733	72500	13617574.7778888	72500	13048837.0198652	72500	14430522.7920328
75000	2340352.74898929	75000	15483195.6636622	75000	21407066.3682121	75000	5205225.62240246	75000	8571412.02831866	75000	10239267.8940740	75000	11096545.0603334	75000	11905712.5278891	75000	13551769.5520878	75000	14979397.9784332
77500	2735624.07477102	77500	15542270.1342009	77500	21651345.8914412	77500	4761519.34767032	77500	8329422.72248717	77500	9728105.58854457	77500	11172873.1284284	77500	11663508.4330306	77500	14407778.8383126	77500	15115264.3692600
80000	1992887.64710876	80000	16275802.8883299	80000	21223090.2895161	80000	6641474.95780707	80000	7567998.21960308	80000	9577571.75162881	80000	11005370.0625726	80000	12419955.8248912	80000	13501030.0933094	80000	14618671.3776815
82500	1729756.07955401	82500	15821317.9485880	82500	20679636.6037620	82500	6578206.51134488	82500	8101300.79745266	82500	9389774.62981871	82500	10719400.8092867	82500	12637104.6491869	82500	13216747.3026273	82500	14269072.2020543
85000	2605091.78921372	85000	16427546.8269371	85000	20923463.7721338	85000	6434334.83677654	85000	8618693.89390086	85000	10207140.0989096	85000	11153887.6474808	85000	13009786.5260323	85000	13615300.5596070	85000	15266722.8808100
87500	2631834.88419009	87500	16979178.4431324	87500	21363480.2285944	87500	6498623.27645639	87500	8327571.82431998	87500	9889848.87748767	87500	11417258.1839074	87500	12857743.4804049	87500	13777993.9321250	87500	15248488.4403394
90000	2173913.45812896	90000	16128063.4480267	90000	21555384.1689898	90000	5764975.48811219	90000	8627689.96890064	90000	9903726.34147716	90000	11066361.0927584	90000	12541752.3645211	90000	13613096.8356740	90000	14828267.6883413
92500	2488415.25624051	92500	16670931.0340791	92500	21991014.4416008	92500	5881601.60817191	92500	8820826.17634066	92500	9919351.44389689	92500	12035429.8703386	92500	14079638.6378634	92500	13872049.8076738	92500	14944503.5153298
95000	2906826.36668293	95000	17170457.6480344	95000	21348210.0561623	95000	5901162.02648212	95000	8650487.00377532	95000	9993548.23570075	95000	10808055.0561781	95000	13054549.6313028	95000	13970196.9488159	95000	15092520.9781064
97500	2659177.84724701	97500	16687764.8381047	97500	21217244.5919934	97500	7106631.64016625	97500	8810918.21941853	97500	10150711.3419489	97500	11358907.9674497	97500	13268993.8577593	97500	13842066.0378069	97500	15726398.7692911
100000	3043850.97229018	100000	16771356.6672656	100000	21728770.1840512	100000	5711076.46547240	100000	9014093.07051951	100000	10291443.1749558	100000	11905893.3507638	100000	12936938.2311986	100000	13945455.5105422	100000	15253200.9314599
102500	3083573.40692607	102500	16593954.1461808	102500	22844000.9137565	102500	5693826.73955088	102500	9453779.18448803	102500	11124054.5696672	102500	12431577.2564385	102500	12396144.1737045	102500	14547084.7226985	102500	16268138.8607998
105000	2462243.72237751	105000	17249585.1157441	105000	21757680.1219901	105000	5690659.41015396	105000	8381715.05333367	105000	10165570.2954348	105000	11452684.6192715	105000	13317434.2085588	105000	13748370.1792332	105000	15313719.8449232
107500	2330503.33560282	107500	16299053.8254567	107500	21573426.1711603	107500	5516261.35738098	107500	8064140.68161187	107500	10417857.4954773	107500	11122410.7587521	107500	12916495.5316813	107500	13763118.2042159	107500	15049645.5191278
110000	2059081.59403939	110000	15024588.0236782	110000	20925780.0810122	110000	5511884.45485216	110000	7741531.79091798	110000	9385296.87684513	110000	10812134.6713979	110000	12144465.4531275	110000	13082908.5332841	110000	14552966.9917512
112500	2448133.12004533	112500	16872426.4159428	112500	21627386.0063653	112500	5210384.82059921	112500	8390964.04407922	112500	10282467.9424187	112500	11701615.0856988	112500	13274554.4888010	112500	13974205.3437234	112500	15385501.3437603
115000	2622960.93733351	115000	17159523.2870225	115000	21719329.7954132	115000	5966729.33231041	115000	8297096.06573851	115000	10139100.2364816	115000	11602964.5545394	115000	13418046.7617143	115000	13467743.1263471	115000	15306084.7584430
117500	3435544.87299093	117500	16220891.4856258	117500	21450346.4169129	117500	5331230.86465986	117500	9058735.75618402	117500	10238043.1795254	117500	11608359.7666639	117500	12461003.8988757	117500	14498098.7767003	117500	15589700.3064188
120000	3544001.47242055	120000	16889122.4740725	120000	22873947.2945706	120000	6289059.67142781	120000	9879538.29698722	120000	11446149.8448623	120000	12466889.1642322	120000	13406100.1953547	120000	14574659.2813428	120000	16136166.8549132
122500	3236312.82711247	122500	17477203.4844176	122500	22439629.1659898	122500	5069938.19265522	122500	9087286.31731534	122500	10261366.1391246	122500	11611926.4262545	122500	14218404.0498278	122500	14561751.9376464	122500	15588526.8876514
125000	3467563.33721860	125000	17472263.7635051	125000	22536162.8530059	125000	5342438.52901125	125000	9171603.20413148	125000	10450404.1030797	125000	11577851.3492635	125000	13764082.3507766	125000	15001926.1419027	125000	15773307.5109467
127500	2154084.03167817	127500	16094539.2066431	127500	21498215.7737444	127500	5863309.27300271	127500	7927214.16440414	127500	9443783.72717440	127500	11062246.5281084	127500	12425935.9787763	127500	14031295.9789722	127500	14917324.6088637
130000	3211068.75137301	130000	16164549.0465328	130000	22212174.2044002	130000	6649555.56360892	130000	9534507.36951228	130000	10799121.3523723	130000	11926304.8720610	130000	13097315.4415801	130000	14901298.6320681	130000	16109469.1841629
132500	1889951.46281924	132500	15765108.4876600	132500	21190912.5036316	132500	5539568.62334560	132500	8322536.50780764	132500	9547645.35059358	132500	11037363.2915220	132500	12439920.4745265	132500	13282484.5256498	132500	14306894.2900702
135000	4583813.70181938	135000	16062387.4177270	135000	23288519.7492362	135000	6141022.98353162	135000	10470467.1844669	135000	11508657.0502286	135000	13087492.7540611	135000	12501634.1039469	135000	15717663.8439616	135000	17082862.8541694
137500	2373290.92535358	137500	16998690.0431486	137500	21751934.5455218	137500	6360269.56400512	137500	8629923.60518156	137500	9952179.03841846	137500	11080407.7874730	137500	13421523.8603711	137500	14089554.6661333	137500	14947273.9855216
140000	2523342.50755445	140000	15653684.9752825	140000	21810284.5819323	140000	5697775.34497876	140000	8699938.34230943	140000	10091387.7723824	140000	11839458.6400043	140000	12402640.4821621	140000	13994517.0155951	140000	15014788.6174930
142500	3169085.07736395	142500	15473838.2532952	142500	22209643.0864459	142500	5473759.90607301	142500	8852165.22329895	142500	10831635.4583409	142500	12013284.8307428	142500	11878393.9067462	142500	14609805.8250675	142500	15390043.3896124
145000	2525536.99623628	145000	16919505.4375962	145000	21909186.5348387	145000	5931907.52451908	145000	8795490.49351762	145000	10141601.3242940	145000	11786940.4622349	145000	12929733.2698244	145000	14665158.7414330	145000	15454531.9515354
147500	2412508.99000813	147500	17222549.8578813	147500	20979222.4129933	147500	5218722.24806130	147500	8499979.56618775	147500	9685253.41441897	147500	11551299.6546023	147500	12999291.8973213	147500	14112250.9018369	147500	14737909.7992177
150000	3051312.81266917	150000	15979581.6848755	150000	21774710.7782269	150000	5362813.42923578	150000	8672506.98199567	150000	10174568.8436582	150000	11030610.8627923	150000	12113844.7268773	150000	14291677.8078852	150000	15334902.5020882
152500	3342309.28444033	152500	15889900.8093478	152500	22174915.5499804	152500	5330704.83290685	152500	9181747.75399642	152500	10628601.6772340	152500	11975705.7052171	152500	12373284.2656525	152500	14264032.0865846	152500	15835573.2118942
155000	1932476.31261283	155000	16052583.5245151	155000	21382073.0523789	155000	5857951.01978057	155000	8802300.04831735	155000	9900484.38626946	155000	11215538.1625425	155000	12495638.9535194	155000	13866705.0712680	155000	14780323.4494174
157500	1950892.91303295	157500	16068385.9434274	157500	21369712.6415418	157500	5968198.25523482	157500	8417981.00759757	157500	9875870.26100807	157500	11188651.7723985	157500	12546266.2032992	157500	13877670.8987631	157500	15229073.7462217
160000	2329842.88663324	160000	15658690.3727908	160000	21223527.7793711	160000	5609847.71851898	160000	8226122.45955413	160000	9279580.71482857	160000	11065729.5301608	160000	12135589.4760160	160000	13590966.7825710	160000	14442738.9066186
162500	2411633.74197162	162500	15387711.2462719	162500	21606634.6377181	162500	6362214.85420309	162500	9163551.49611017	162500	10284389.9633463	162500	11660998.0864438	162500	12211063.0428304	162500	14103593.3910326	162500	14953001.0493506
165000	2629963.17728890	165000	15897572.3045192	165000	22299794.9142960	165000	5089965.34630138	165000	9062281.09639909	165000	10791684.0620730	165000	11950556.3852482	165000	12614757.6504612	165000	14132646.6244322	165000	15899112.0372328
167500	2637046.03301817	167500	17218658.8122878	167500	21910466.9174302	167500	4793170.05974839	167500	8304640.30321923	167500	10121102.2350901	167500	11411696.9931102	167500	13420631.7746239	167500	13827220.8367088	167500	15224833.9323398
170000	1681413.67657247	170000	16150603.1330209	170000	20184005.1882674	170000	5356651.74671573	170000	7272047.58612979	170000	8555629.59574832	170000	10455530.8252146	170000	12775082.6467602	170000	12779785.3675925	170000	14492416.9675577
172500	747371.090121335	172500	15812722.3509430	172500	20037938.0213809	172500	5666068.68462924	172500	7263303.82792666	172500	9003437.29952366	172500	10536278.2127997	172500	12263547.0958846	172500	12744323.0979676	172500	13814710.9012288
175000	2507884.03049944	175000	16733108.8982494	175000	21321994.9086615	175000	4359371.49089475	175000	8519500.95314321	175000	10313456.2718950	175000	10959650.9426590	175000	13141460.7657048	175000	13725113.5562771	175000	14846235.2656479
177500	2924190.98664480	177500	16522257.9330607	177500	21407800.6349671	177500	6080529.94197366	177500	8734583.95830010	177500	10071761.8635609	177500	11006726.1091927	177500	12816165.1846698	177500	13987487.7414423	177500	15011707.6369523
180000	1640381.02700527	180000	16120606.3042510	180000	21098922.3144873	180000	5851465.14711481	180000	8346188.14988364	180000	9558137.35734008	180000	10543292.3109505	180000	12731753.9317043	180000	13579371.9086495	180000	14869642.7561429
182500	1499156.49528728	182500	16386544.3914764	182500	20913081.3533242	182500	5066207.67114532	182500	7583189.20491993	182500	8854373.79856012	182500	10583936.8143581	182500	12712091.4846315	182500	13111282.6264091	182500	14152482.4064773
185000	3459571.19640138	185000	16310555.0199740	185000	22619628.9861157	185000	6049806.80779238	185000	9185039.42273748	185000	11017968.0475408	185000	12442608.0667461	185000	12296056.5828221	185000	14921682.3038004	185000	16240294.5728015
187500	2841183.60889555	187500	17184868.1637974	187500	21934498.6427062	187500	6551362.43127094	187500	9277519.07053058	187500	10345366.3249412	187500	11669862.7882118	187500	13400171.2704843	187500	13968857.7573132	187500	15890902.0327802
190000	3207318.57510538	190000	16179285.3712407	190000	22018288.4480164	190000	6348935.13098778	190000	9422626.49490712	190000	10746473.4130574	190000	11806490.7479767	190000	13143832.1554897	190000	14226863.5999676	190000	15660178.5495553
192500	2894101.17173825	192500	16657829.7323852	192500	22439421.0415950	192500	5239174.59589399	192500	9339872.26934955	192500	10561005.6565931	192500	12327567.2572101	192500	12919293.0503418	192500	14405973.5266688	192500	15795247.5014603
195000	2460548.47683253	195000	16893672.5167739	195000	22318638.5932260	195000	6207159.27302746	195000	9366597.43548451	195000	10863321.9120698	195000	12456184.2711967	195000	13151754.1691747	195000	14449290.7983760	195000	16203816.3928964
197500	2367892.98938493	197500	17315634.8354561	197500	21550512.8697947	197500	5996282.15347261	197500	8473200.30865849	197500	10263800.6829532	197500	10962928.4717302	197500	13523387.6442302	197500	13833853.3207950	197500	14838366.6462017
200000	2775285.64017410	200000	16520523.6029174	200000	22103432.8218989	200000	6228272.71866515	200000	8977079.60080172	200000	11048114.4019621	200000	12006611.6552881	200000	12721635.5153137	200000	15042855.9685561	200000	15071897.5210800
202500	2813555.88880028	202500	15960974.7498525	202500	21442957.1094931	202500	6040767.54964926	202500	8727825.57714544	202500	10483569.4359024	202500	10751324.1248731	202500	12431150.8675861	202500	13822230.2878670	202500	15390375.3506546
205000	2444441.89661193	205000	16484028.0935384	205000	21812911.0735417	205000	6291300.16152132	205000	8942252.88851916	205000	10474323.7737145	205000	11461886.1508137	205000	12756259.0046446	205000	13810386.3124939	205000	15074432.4494022
207500	3090361.49770608	207500	16378671.0176250	207500	21451940.4526298	207500	5282633.97499933	207500	9039010.44187292	207500	10206477.6770912	207500	12298871.7268317	207500	12834391.0940852	207500	14091616.0410881	207500	15306500.4565381
210000	2411919.97446560	210000	17247714.3941369	210000	21251748.8673602	210000	5403522.21656763	210000	9157477.71298668	210000	10463001.4342603	210000	11738793.4974054	210000	13546007.5915261	210000	14091378.7071272	210000	15233357.2066121
212500	2023143.75092648	212500	17035328.0167274	212500	21165967.4173114	212500	5454195.08619102	212500	8222580.06774619	212500	9448798.99436937	212500	11279575.3692713	212500	12942049.6659825	212500	13600914.3220174	212500	14447483.9867381
215000	2686473.05751833	215000	16575856.0080237	215000	21594571.1968741	215000	5533390.23129718	215000	8969185.42067775	215000	10237011.8055791	215000	11647076.7062078	215000	13194459.7112976	215000	14396733.5157823	215000	14848720.1684065
217500	3406253.36128629	217500	16608306.7574369	217500	22380689.9154108	217500	5403130.25890858	217500	9827767.08735691	217500	10945517.7286890	217500	12517884.6044439	217500	12718877.1805405	217500	15302445.5435414	217500	16218139.7452922
220000	2620699.76859361	220000	16872134.3547022	220000	21350836.7920554	220000	5974064.07474116	220000	8449856.19297294	220000	9934507.82818143	220000	11452868.7362673	220000	13356584.2624095	220000	14211661.5831195	220000	14842016.8953921
222500	2650191.92826250	222500	17114241.2396523	222500	21887082.5977645	222500	6074238.28380714	222500	8620865.06771605	222500	10616555.4483871	222500	11421923.8611602	222500	13635082.7712017	222500	14158700.7869097	222500	15302493.3513189
225000	2538864.77156636	225000	16742087.9261057	225000	21853016.3016159	225000	5064511.89793235	225000	8815675.56340552	225000	9919525.61759460	225000	11195334.5897640	225000	12742824.5108057	225000	13883196.3727525	225000	15235602.5299983
227500	1873936.93509467	227500	16884287.4842851	227500	21054739.7906692	227500	6682442.09447570	227500	8309235.23884860	227500	9570197.53178608	227500	10822391.7168644	227500	13089291.9471963	227500	13522267.5159856	227500	14759882.1626754
230000	2223416.82519458	230000	17278355.5499858	230000	21416362.7307287	230000	5733538.86356281	230000	9006194.34783667	230000	9640930.03710580	230000	11079806.7031103	230000	13385371.3348901	230000	14277109.7768692	230000	14995224.7450637
232500	1554829.17144982	232500	15974410.6948362	232500	21199377.6244931	232500	5472847.36178784	232500	8600287.30968206	232500	10155123.7907462	232500	10957372.4340490	232500	12496939.3615415	232500	13713501.9718011	232500	14317349.8002659
235000	2319488.95388075	235000	16834024.7807397	235000	21493251.3618265	235000	5474407.01040700	235000	8759186.56143825	235000	10304877.2492071	235000	11140195.6427263	235000	13239290.5440141	235000	14362780.1761640	235000	15253199.5136655
237500	2858344.35901505	237500	15094280.8315543	237500	22139151.4629967	237500	6140263.98525017	237500	8929315.56060387	237500	10272281.7534973	237500	11944386.0804996	237500	11654122.1301426	237500	14472049.5910810	237500	15408401.9912096
240000	2812016.22045691	240000	15869337.7640573	240000	21661695.6150661	240000	5435864.76085830	240000	8738044.01078781	240000	10382109.6571003	240000	11605390.6920802	240000	11968074.9489132	240000	13933925.4617411	240000	15223261.8871704
242500	2766584.42874447	242500	16360400.1011100	242500	21778129.1654368	242500	6736655.36343222	242500	8601017.52590168	242500	9856083.94423996	242500	11369331.0369694	242500	12525297.5573011	242500	14111824.9791333	242500	14933400.2413191
245000	3252042.76877068	245000	15906645.9319658	245000	21613001.7909780	245000	5378206.63588560	245000	8999963.13871189	245000	10455037.5612049	245000	12347767.3395695	245000	12207698.0479510	245000	14258282.8346031	245000	15492112.5417763
247500	2462897.59614841	247500	16755762.6989406	247500	21484799.7781460	247500	5257771.11903839	247500	8338681.47785067	247500	9975149.25973443	247500	11566997.0896458	247500	12412109.5053729	247500	14150617.2961818	247500	15246800.1912577
250000	3473955.24416462	250000	16774306.5269022	250000	22241399.3366362	250000	7554029.58197834	250000	9977236.49011172	250000	11345353.1025506	250000	12529539.7712731	250000	13422690.5922837	250000	15035443.5260140	250000	16258956.8425874
252500	2689034.00514408	252500	16410021.8720912	252500	21479954.3114396	252500	5757646.99646820	252500	8778382.73213561	252500	10263802.1892391	252500	11739405.2034044	252500	12736934.5809262	252500	14345420.2108979	252500	15486558.0245348
255000	1721057.27151426	255000	16754241.9619849	255000	20532837.7209893	255000	6290965.44772681	255000	8084378.58972459	255000	9554083.18340863	255000	11019057.8607138	255000	13404385.1722333	255000	12935242.0369349	255000	15045162.4696373
257500	3187589.64303529	257500	16461461.4963479	257500	22715633.8152583	257500	5667900.13900690	257500	9259011.95885694	257500	10823586.5582876	257500	12619518.0269975	257500	12886602.8983708	257500	15043804.4998484	257500	15906792.2239797
260000	3194957.52455649	260000	16886623.6866068	260000	21655030.6936550	260000	5526095.63353089	260000	8949733.82639934	260000	10807787.9840342	260000	11895373.8396687	260000	12749674.3915186	260000	14409575.7466464	260000	15902381.7867745
262500	2771281.75395792	262500	16575542.1468424	262500	21646048.0796162	262500	5723691.05807196	262500	8582014.86582113	262500	9894394.27358832	262500	11152503.5396948	262500	13028348.9505706	262500	14330385.2561213	262500	15338167.7589391
265000	2053280.81318861	265000	15942848.9218926	265000	20761293.9245346	265000	5528355.55126408	265000	8088093.37197841	265000	9698989.35595862	265000	11132598.3547760	265000	12626953.9162880	265000	13416696.7642753	265000	14090449.9413200
267500	2795171.91874750	267500	16885545.9284218	267500	22085898.7044544	267500	5522663.29152445	267500	8684437.12807670	267500	10262173.9090283	267500	11653802.6780385	267500	13350217.9538749	267500	14224215.2656308	267500	15601773.9245860
270000	2351369.57647310	270000	16032676.4000713	270000	21314027.9029109	270000	5548561.64241525	270000	8983168.48042651	270000	10379202.8275356	270000	11490831.1495355	270000	12302962.5024086	270000	13968590.6213621	270000	14860044.8941991
272500	3030407.89912404	272500	16351057.0887336	272500	22535860.3311135	272500	5755213.26428056	272500	9337461.39892533	272500	10846834.8192285	272500	12225680.4205704	272500	12647537.3665309	272500	14688704.5060703	272500	16049509.1545743
275000	2140035.30620984	275000	16090557.2405502	275000	21080103.8383467	275000	6280034.95187402	275000	8378748.10186463	275000	9158651.09876829	275000	10759351.9944470	275000	12188000.2405135	275000	13358035.6588600	275000	14816649.0641642
277500	2792437.14939478	277500	16789815.1594500	277500	21460875.7860397	277500	5012553.98610703	277500	8849424.49401966	277500	10589802.8081215	277500	11631534.8412438	277500	13014174.5579891	277500	14447263.6364725	277500	15068874.2591280
280000	2050925.82668646	280000	15982399.3372432	280000	21278414.9759059	280000	5386743.46705620	280000	8569806.89596975	280000	10245652.8106686	280000	10984126.5998966	280000	12567624.9395298	280000	13775062.8936899	280000	15315187.4123747
282500	1799088.80241489	282500	15590868.0457239	282500	20865879.8693202	282500	6652951.95362094	282500	8075010.69627471	282500	9862875.97899635	282500	11242905.0605209	282500	12431842.7225781	282500	13393690.5040401	282500	14322963.9389388
285000	2834545.53050921	285000	16051644.5911594	285000	21794045.0407371	285000	5994878.08387043	285000	9005210.33653984	285000	10449910.2471020	285000	10999956.4682147	285000	12408746.2387261	285000	13926169.1894781	285000	15460880.0221296
287500	2668703.69920759	287500	16185930.5630959	287500	21537054.8856815	287500	5469909.36421071	287500	8530969.23773925	287500	10017748.3188619	287500	11263425.6385694	287500	12745641.8813761	287500	13961825.1319864	287500	15623879.7716790
290000	2952235.08262148	290000	16582718.7025279	290000	21870960.8658155	290000	5121976.36388338	290000	8705960.97932844	290000	10572273.0689669	290000	12284074.8712046	290000	12869682.8838315	290000	14735429.5752904	290000	15586691.5601048
292500	1824645.42016528	292500	16519721.1135492	292500	20676713.2338508	292500	6203679.55786376	292500	7718367.98959070	292500	9074539.86970802	292500	11077243.5582973	292500	13563685.9173980	292500	13169254.0427584	292500	13885340.5105889
295000	3290849.54962710	295000	16816349.2492791	295000	22739827.6261305	295000	6351359.02059058	295000	9741903.44821048	295000	11342871.8518146	295000	12207844.2258845	295000	13309709.3794896	295000	14740271.5393112	295000	16449562.8400200
297500	2021392.85713566	297500	16694627.9937333	297500	21180200.3384348	297500	6159942.06247271	297500	8427402.81038291	297500	9667196.08927915	297500	11342455.2293914	297500	12879139.0394492	297500	13526115.1730645	297500	14583672.3160020
300000	2888695.26499407	300000	16743944.2400819	300000	21856853.6204826	300000	5772201.53047651	300000	8877644.41494380	300000	10808978.2102106	300000	11354584.7968938	300000	12796673.3395148	300000	14498692.7729580	300000	15516584.1947597
302500	2327012.68692270	302500	16155050.0718997	302500	21423883.0875774	302500	5049179.31405788	302500	8281657.74376815	302500	9683922.97221310	302500	10648622.2344952	302500	12346960.2950762	302500	13522704.9267986	302500	14862680.5889372
305000	2926612.28570564	305000	16026933.7546300	305000	21705574.5344333	305000	5922758.73288286	305000	9271447.60775957	305000	10359346.3250105	305000	11758415.9010828	305000	13308638.7007945	305000	14073735.5351601	305000	15616400.0664809
307500	2445938.16590289	307500	16709232.2101805	307500	21270643.5237860	307500	5441419.04485831	307500	8698165.02134324	307500	9816454.25611816	307500	11557008.7158644	307500	13649674.1357684	307500	13769856.2985182	307500	14936435.2807910
310000	3008623.88344353	310000	16210016.7818857	310000	21663189.1653021	310000	5460480.92276781	310000	8509716.57430392	310000	9684323.99441165	310000	11636095.2659650	310000	12978061.6620076	310000	14284725.3185324	310000	15258307.8178985
312500	3084329.06843664	312500	16177237.8074280	312500	22162663.9403735	312500	5561008.80237467	312500	9186567.96897086	312500	10635850.6303092	312500	11997721.5908902	312500	12364461.8026579	312500	14358559.5413924	312500	15916101.2109166
315000	2877088.15090308	315000	16022861.8026846	315000	22192923.0289417	315000	5037311.02681728	315000	9085127.08771989	315000	10663729.0387770	315000	11991381.3765808	315000	13094329.2745239	315000	14331476.0582199	315000	15429919.8757569
317500	2109851.80076920	317500	16293951.8445580	317500	21862086.5977321	317500	6442116.26226992	317500	8559370.22651459	317500	10140232.1334468	317500	11099247.6107205	317500	13039788.6130991	317500	13492035.5479097	317500	14855083.2703200
320000	3405616.11846154	320000	16417345.2121791	320000	22246420.0173320	320000	5933331.85469484	320000	9283238.78853550	320000	10691163.6180463	320000	12278883.4489263	320000	12953635.9817530	320000	14672515.1030715	320000	15364174.7514814
322500	2720972.64980739	322500	16376076.1420791	322500	22119052.3743778	322500	5260103.72911370	322500	8769312.33980421	322500	10541762.6073712	322500	11545045.0692436	322500	12622628.9702469	322500	14013080.8409725	322500	15686756.6081427
325000	2907932.01369859	325000	15921570.1298893	325000	21297979.4143752	325000	5848672.76515703	325000	8499767.95246840	325000	9953284.47376742	325000	11422941.3381943	325000	12848348.8182706	325000	13880031.2726965	325000	14894461.4393079
327500	2987992.09861642	327500	17513325.0613483	327500	21820212.1522120	327500	5323858.52266635	327500	8748914.09559449	327500	10629841.0260571	327500	11636638.8119074	327500	13782396.0790042	327500	14637329.8518423	327500	15264037.3368275
330000	1874958.47429202	330000	17600899.9047996	330000	20898798.3637140	330000	5900701.38856792	330000	7713789.87496091	330000	9542041.05239442	330000	10626786.4031242	330000	13369343.3107835	330000	13155616.0833158	330000	14281630.7072806
332500	3033485.50738310	332500	16020668.5724960	332500	21343593.2900743	332500	7228932.45756734	332500	7826704.73404987	332500	9535795.58165273	332500	11302490.4527530	332500	12388443.4401184	332500	14066163.5116107	332500	14711033.9831467
335000	2827302.44622610	335000	16152410.8228695	335000	21443360.5681732	335000	6007345.98721224	335000	8745435.48021808	335000	10046535.0468059	335000	11125660.0442430	335000	12627660.8357168	335000	13886415.5796131	335000	15413253.6880115
337500	2324552.12661460	337500	14886074.8864939	337500	21775284.4503994	337500	5127884.06710675	337500	8864050.49891514	337500	10158931.8885465	337500	12005553.2506255	337500	11641885.2217049	337500	14031378.6621713	337500	15571602.9009538
340000	1966734.91764803	340000	15437295.2754462	340000	20693865.8922016	340000	5866335.02376144	340000	8268520.90356257	340000	9267064.65364172	340000	11055678.6154728	340000	11665177.7433410	340000	13383612.7380678	340000	14422603.8257199
342500	2803398.24706181	342500	15495272.0049319	342500	21877908.7657913	342500	5176254.57912213	342500	8635468.57057020	342500	10050936.9539470	342500	11364534.6931439	342500	12078786.0528129	342500	13997193.9542575	342500	15065242.0015629
345000	2682526.92719296	345000	17300866.7757109	345000	22003591.8051425	345000	5056196.32599708	345000	9332843.70008392	345000	10015621.6722639	345000	11860083.9257141	345000	13598806.9119319	345000	14012975.7420180	345000	15521358.8993132
347500	2706050.21299365	347500	17959859.8005434	347500	21678742.0822825	347500	5570288.77403586	347500	8619923.25424712	347500	9915303.67846143	347500	11363440.4242823	347500	14095056.8572129	347500	13846942.4488063	347500	15301221.5109318
350000	3006789.69018600	350000	16566329.5059225	350000	22015310.8631182	350000	6503618.35056305	350000	9000627.19048429	350000	10498901.5119933	350000	11778849.8869814	350000	12716796.4252878	350000	14632503.0602429	350000	15728478.2887516
352500	2331920.25487549	352500	15845595.1424284	352500	21671978.4643679	352500	6050932.23367583	352500	8790249.63444597	352500	10305642.9561213	352500	11681532.8492945	352500	12256859.7617645	352500	14687447.5007950	352500	15237027.6972186
355000	3024367.41177041	355000	16458350.1163734	355000	21869267.3448069	355000	5729657.88956498	355000	9228413.70040303	355000	10544383.2353424	355000	12022891.4623789	355000	12898472.2120579	355000	14145774.4380745	355000	15492418.2380037
357500	1919668.83868032	357500	17210277.3884463	357500	21247686.0271115	357500	6451116.54190861	357500	8666492.15677856	357500	9782338.17195838	357500	11737224.5077182	357500	13432690.8688128	357500	13330239.0812258	357500	14838794.4587768
360000	1782158.73333213	360000	16149786.4109003	360000	20943911.1875765	360000	6975557.31544626	360000	7821425.38836245	360000	8716106.86045216	360000	10221144.9146021	360000	12486030.8023235	360000	13374662.2946724	360000	14243932.6026826
362500	2085541.24368501	362500	15939126.5180856	362500	21310596.8303215	362500	6097183.69465784	362500	8344409.58255848	362500	9410898.66949915	362500	11124665.7755531	362500	12242169.4433082	362500	13095418.9858559	362500	14349613.1220539
365000	2553233.49050057	365000	16167316.8736430	365000	21586067.0577311	365000	5975748.72751663	365000	8402952.76703289	365000	9467483.71440705	365000	11219206.6850405	365000	12453610.7598195	365000	13730512.5106110	365000	15144301.6452413
367500	3058843.24090190	367500	17158666.8475751	367500	22185682.4787010	367500	5433162.37281535	367500	9212972.82965154	367500	10723237.7579385	367500	11907821.2383032	367500	13552552.8758969	367500	14657586.3189669	367500	15942575.0687675
370000	3111247.43542760	370000	16025493.9534471	370000	22401755.1545414	370000	6454723.53455419	370000	9639446.48158575	370000	11067151.7402856	370000	12576637.4486205	370000	12095039.3678307	370000	14671199.6483478	370000	15817080.8463144
372500	1822569.55544691	372500	16591911.9183459	372500	21162241.2139203	372500	6290139.31535013	372500	8148597.83632439	372500	9399005.49841444	372500	11117877.2072490	372500	12767604.7184003	372500	13674019.8075661	372500	14827036.8054769
375000	2920566.69455549	375000	17818181.4850429	375000	21921913.0881561	375000	5804706.25004210	375000	9221036.88031753	375000	10343424.8691060	375000	12028375.2642792	375000	13537101.2171847	375000	14405032.7804334	375000	15356016.7040806
377500	2082064.81400651	377500	15997986.8806092	377500	21407152.8782086	377500	5007089.37987249	377500	8387248.84506234	377500	10149749.1278605	377500	11173997.7627461	377500	12982071.1822838	377500	13851668.8163703	377500	15077243.7878416
380000	1819731.54308804	380000	16640126.4505781	380000	21402990.3975598	380000	5504730.85335104	380000	8413490.48547807	380000	9716893.68497108	380000	10694942.0933090	380000	13463114.1148286	380000	13524260.0903098	380000	14444713.5214440
382500	3342841.22946977	382500	16225204.9116637	382500	22315312.3571092	382500	5302643.78424530	382500	9495339.65511174	382500	10964178.0645870	382500	12052137.1771477	382500	12061361.2684519	382500	14646291.3557812	382500	16126405.4909573
385000	2624967.36935056	385000	15642403.3274373	385000	21648759.2341634	385000	6692537.31941634	385000	9094672.59155095	385000	10070935.9521405	385000	11291284.7990711	385000	12436678.0176408	385000	13763793.3178094	385000	15448767.1186866
387500	2010792.70683813	387500	16360316.2971849	387500	21209118.5489201	387500	5945064.13084236	387500	8427144.19214451	387500	9996955.24360445	387500	11478045.0181646	387500	12568019.5563583	387500	13302791.2865374	387500	14891789.6926224
390000	2668046.87216748	390000	16587038.2952741	390000	21709952.7499819	390000	6174399.97393074	390000	9021397.90182760	390000	10213535.9706992	390000	11659384.6483843	390000	12872574.0375680	390000	14192467.8706804	390000	15468314.8528814
392500	1841267.46729455	392500	16423792.1030794	392500	20836088.2031011	392500	5863061.29392273	392500	8285514.90460183	392500	10328945.3647438	392500	10877124.0631586	392500	12943447.8257035	392500	13685771.9076514	392500	14526511.0154524
395000	3178873.85247118	395000	17203033.7437439	395000	22328611.7006551	395000	6396228.65320314	395000	9251907.77246284	395000	10933561.1892668	395000	12268932.8896847	395000	13425388.5304114	395000	14834316.6882652	395000	16444307.8925275
397500	2228936.21814576	397500	16133785.1033991	397500	21700219.6578351	397500	5962502.96969558	397500	8629637.17751566	397500	10156622.4490629	397500	11193176.0018403	397500	12379682.6129432	397500	14194031.0086636	397500	15283476.9036145
400000	2955905.69207213	400000	17550370.7383136	400000	22209054.1634371	400000	6176735.93235574	400000	9386720.48978652	400000	10657123.2311999	400000	12639989.0639730	400000	14372950.5447961	400000	14775354.2241595	400000	15697916.1245149
402500	1967169.08921091	402500	16378304.2569921	402500	21286960.2296271	402500	5814418.39618252	402500	8590923.73871531	402500	9538189.74883322	402500	11403841.2394420	402500	12683001.5220290	402500	13687361.0849326	402500	14735904.8689566
405000	3274875.61523198	405000	15870592.2806683	405000	22008446.4277584	405000	6539732.98827193	405000	9400834.96162840	405000	10617546.2650894	405000	12504264.2266102	405000	12365717.9513529	405000	14861600.3010830	405000	16135239.8766756
407500	2680424.58695586	407500	16434265.3299933	407500	21857999.7614559	407500	6032529.80719011	407500	9134973.33535559	407500	10269018.0607253	407500	11951660.6679636	407500	12516291.7443472	407500	14083048.0424651	407500	15840759.6564593
410000	1767448.99645411	410000	16477147.2996767	410000	21032037.8592597	410000	6241459.63582127	410000	9071502.36876668	410000	9567156.08978882	410000	11337852.1330105	410000	12722988.5596480	410000	13329764.9787002	410000	14918724.1867924
412500	2096833.67998142	412500	16323290.5351513	412500	21765967.7795126	412500	6363556.98133686	412500	8765019.44450597	412500	10419698.5190044	412500	11739686.3131508	412500	12644075.1741855	412500	14221548.6825942	412500	15088311.1417109
415000	2590420.65463402	415000	17317136.2329520	415000	21874331.5908941	415000	5084657.76849853	415000	8566573.95266277	415000	10044525.1164308	415000	11262752.2762160	415000	13664208.8941597	415000	13776515.1487365	415000	15301630.1564021
417500	2514414.21991982	417500	17057439.7339572	417500	22438490.5427383	417500	6505227.12399774	417500	9020613.16468110	417500	10855679.0141323	417500	11930657.5279836	417500	13417422.1286519	417500	14463346.0838296	417500	16090629.0063029
420000	2786978.19589375	420000	16024613.4293005	420000	21707512.9185304	420000	6900289.01879520	420000	9453985.67981141	420000	10524370.5311450	420000	11677843.8414142	420000	12558207.5262318	420000	14586358.5782521	420000	15772421.6788586
422500	2403111.67163176	422500	16128254.4712424	422500	21801276.4592691	422500	6438119.23149267	422500	8715240.05083065	422500	10211362.4087918	422500	11335592.8236610	422500	12476721.9299591	422500	13958108.3723243	422500	15258007.0785967
425000	3338197.05888165	425000	16750719.9097871	425000	21348602.9842192	425000	5414869.39530647	425000	8410574.42777446	425000	10161963.1179163	425000	11765536.2085248	425000	12964275.3328544	425000	14180945.1757126	425000	15496737.8154103
427500	2927355.90328984	427500	16591749.8790157	427500	21773834.0104750	427500	5626406.27862073	427500	9128064.56573751	427500	10329754.2005582	427500	11943058.2676930	427500	13294363.7672005	427500	14550137.9985066	427500	15491285.8358794
430000	2146210.62909996	430000	16476411.1939715	430000	21212418.8151975	430000	5221433.60680528	430000	8321593.23764297	430000	9500516.11174246	430000	11603031.8528417	430000	13043765.6998336	430000	13910500.7205348	430000	15218110.8509266
432500	3011928.45842705	432500	16737767.0642526	432500	21972012.2223866	432500	5221373.25595040	432500	9214723.04347691	432500	10399042.6024917	432500	11914310.4890846	432500	12195829.2330896	432500	14365173.5768525	432500	15168311.2529334
435000	2615266.26182814	435000	16649000.7549351	435000	21610322.4478989	435000	5666324.56899960	435000	8618547.05016076	435000	9803203.40524966	435000	11609606.3495657	435000	12688850.0625246	435000	14069701.6223174	435000	14843037.1583802
437500	1687053.73804937	437500	17258073.9572910	437500	20801527.6095953	437500	6653498.52375403	437500	7786598.89068741	437500	9290563.57182801	437500	10955896.4547429	437500	12947367.5815835	437500	13608059.2349921	437500	14657143.4455383
440000	2032719.70758494	440000	17575483.4979863	440000	21256153.4650987	440000	5775074.53091844	440000	7972339.85990288	440000	9918602.59972634	440000	11033343.4502385	440000	13440748.1135624	440000	13470824.0768273	440000	14490286.8844147
442500	2526704.07460437	442500	15525997.4974549	442500	21729838.3768500	442500	5501749.08320500	442500	8284928.02908825	442500	10141095.6335904	442500	11200541.6249899	442500	12443329.3105025	442500	13990064.8500426	442500	15113101.4244108
445000	2764606.16682611	445000	16179856.4792924	445000	21908305.4865612	445000	5095298.80635634	445000	8622423.74824792	445000	10512821.5246721	445000	12073710.9955774	445000	13246468.3573008	445000	14161270.0428884	445000	15404124.5311667
447500	2574084.57303554	447500	16473033.9401649	447500	22212007.4543334	447500	4803657.78313258	447500	9181652.57478773	447500	10751453.3727992	447500	12018110.9052809	447500	13127830.3154133	447500	14345386.3969854	447500	15150496.9105953
450000	2666491.27867703	450000	16789743.4295566	450000	22081509.5495552	450000	5092185.36157933	450000	8695302.67577602	450000	10025019.1781498	450000	11555493.6248473	450000	13328852.8263785	450000	14304366.4422434	450000	15247207.8855927
452500	2835434.33450709	452500	17365986.2397118	452500	21399427.4120919	452500	5645377.83891903	452500	8827950.83715208	452500	10067604.5106379	452500	11491575.2903521	452500	13627623.8732826	452500	14217324.1571453	452500	15169716.5232939
455000	4103760.39406195	455000	15691001.7695457	455000	22659478.5164990	455000	5019995.10404585	455000	9997389.84744258	455000	11116450.1056196	455000	12300039.8520366	455000	11749490.1502440	455000	15008302.3118596	455000	16153685.3088626
457500	3140387.25048101	457500	17072109.2725376	457500	21766219.0853931	457500	5876906.99363794	457500	8982414.15907015	457500	10418205.7640413	457500	11951772.2289961	457500	13358151.0995263	457500	14126330.7607633	457500	15681833.1341913
460000	2199374.07369141	460000	16539074.5041256	460000	21712287.5134002	460000	6259448.31012570	460000	8922141.57550153	460000	9766162.60162381	460000	11516759.5504080	460000	12822534.9487232	460000	14063612.6864250	460000	15214923.4335588
462500	3215430.60512498	462500	15999587.8967418	462500	22478228.1954531	462500	5096977.54122782	462500	9406171.22257220	462500	10530292.2827561	462500	12872193.9867978	462500	12845566.9304192	462500	14602662.4651400	462500	16066927.3430547
465000	1666107.92985848	465000	16553823.8744946	465000	20751785.9409351	465000	6618573.23298415	465000	8093152.76056549	465000	9389715.95125589	465000	10770464.9803451	465000	13182040.5677492	465000	13636570.7848217	465000	14692960.1315651
467500	2027784.05502591	467500	15531793.7852877	467500	21638355.2525084	467500	5804872.57267797	467500	8759549.61927342	467500	10130382.0362012	467500	11061267.5570864	467500	12355901.4008150	467500	13854732.2078590	467500	15207624.1790585
470000	2417996.22763460	470000	14894542.3709013	470000	21183180.7769343	470000	5947146.64134711	470000	8598874.14654212	470000	9854788.65130331	470000	11017072.4756016	470000	11504010.9176953	470000	14092063.4540370	470000	14686693.8834830
472500	2112345.10504835	472500	17368331.0841552	472500	21057102.4056531	472500	6223739.75668241	472500	8242452.07209083	472500	9687936.94837590	472500	11339875.5662246	472500	13914634.1043619	472500	13640359.5784442	472500	14576483.0704951
475000	3195350.31152378	475000	16617934.9333243	475000	21697462.0773598	475000	6469039.29528935	475000	8894464.66314284	475000	10906666.3622001	475000	11665107.1566852	475000	12365967.2224884	475000	14359597.3392353	475000	15491074.5011712
477500	3102664.19833082	477500	17111537.7391048	477500	22686129.8800458	477500	6255932.22930405	477500	9364845.01204347	477500	10920576.6722374	477500	12126741.1375910	477500	12760487.8504592	477500	14878052.0263434	477500	15676414.0443350
480000	3138689.27507611	480000	16795087.0419959	480000	22119389.4334093	480000	5550915.57881788	480000	9378198.62552559	480000	10534169.4740598	480000	12254575.3792452	480000	13327226.1990264	480000	15087052.3878155	480000	15659773.6611285
482500	2248067.93743381	482500	17033035.4585065	482500	21476039.4326651	482500	6691336.55304290	482500	8752062.85308639	482500	10213884.8457570	482500	10810730.8831123	482500	13721409.2079986	482500	13604532.9591363	482500	14825839.4219810
485000	2130068.86432796	485000	16615709.8719175	485000	21642707.4899700	485000	5453038.14073262	485000	8735592.81309209	485000	9582274.70606418	485000	11258911.3812536	485000	13153326.2778905	485000	13612008.3260446	485000	14825266.5732803
487500	2772936.72986046	487500	16111979.4284960	487500	22242883.9184945	487500	5180355.35059902	487500	9986150.49520451	487500	11119044.9839881	487500	12580508.2089362	487500	12607033.0700680	487500	14882962.6452749	487500	15921067.3964649
490000	2923737.84140479	490000	16317674.2782961	490000	21833203.4146123	490000	6863929.44445942	490000	9119056.02789347	490000	10277591.0966368	490000	11910451.9628966	490000	12690765.8379801	490000	14309384.4288514	490000	15507073.9580782
492500	2826626.25523464	492500	16915160.5409289	492500	21540765.7262669	492500	6182935.97703423	492500	9384332.49311570	492500	10458289.0835006	492500	11698516.2842117	492500	12776143.3282346	492500	14517245.0105876	492500	15741041.4348669
495000	3611390.82899363	495000	15737660.2355331	495000	23032671.5539004	495000	6270158.62147807	495000	10170469.5103405	495000	11523879.2346081	495000	12801249.7949875	495000	11880042.4302079	495000	14967795.3113538	495000	16827419.4971235
497500	2102661.00865833	497500	16206777.3437334	497500	21550439.1870261	497500	5375511.47997447	497500	8780907.67326635	497500	10106741.9234972	497500	11178789.3457818	497500	12016714.1413456	497500	14075694.1598305	497500	15113958.1109165
500000	1583548.80688594	500000	15960103.7278288	500000	21169685.9523657	500000	5258326.96769981	500000	8386284.07103423	500000	9418940.97036511	500000	11015674.8925107	500000	12959022.6753936	500000	13762678.2949847	500000	14868187.9851621
502500	2036560.96469188	502500	17154873.5697635	502500	21058570.9166167	502500	6212486.22714659	502500	8289341.10294586	502500	9353675.18145381	502500	11226954.6354186	502500	13398039.6624474	502500	13526952.1368964	502500	14603142.5178227
505000	2390425.38941534	505000	17093357.2969399	505000	20738450.0806793	505000	6417757.23533985	505000	8116409.86862719	505000	10081328.2170605	505000	11181806.6323569	505000	12985069.1154325	505000	13888869.5055859	505000	14823265.3696461
507500	3711961.17592926	507500	16413519.6092062	507500	22550537.2265968	507500	7084878.01388318	507500	9362956.36943788	507500	11447231.8589445	507500	12448778.6183715	507500	13085364.8740852	507500	15144269.0656084	507500	15969700.2300381
510000	2568447.97838300	510000	16061808.4050924	510000	21798970.9633465	510000	5445461.83185629	510000	8767809.78808578	510000	10440674.1712320	510000	11107814.0889750	510000	12305818.5214792	510000	14559811.9559865	510000	14996995.4861877
512500	3569373.20066079	512500	17242486.3474580	512500	22521000.9054205	512500	5842819.31923440	512500	9539018.79726139	512500	10711180.5565393	512500	12597454.8770180	512500	13642496.8328010	512500	14968267.4701906	512500	16253962.6068128
515000	2049306.88787820	515000	17141632.0478109	515000	21218564.3816096	515000	6400128.94478462	515000	8537441.61695337	515000	9928974.78971930	515000	11243389.9643167	515000	13950038.1556507	515000	14160420.6018106	515000	14962467.9443236
517500	2191504.55244020	517500	16121323.5405587	517500	21897891.0264416	517500	5636724.12426791	517500	8317674.78911949	517500	9703295.59859008	517500	11719818.7033001	517500	12606360.7260088	517500	13594676.2403601	517500	14887379.0373153
520000	2217958.58740353	520000	16801330.8676044	520000	21271405.9368688	520000	5963375.02472546	520000	8315945.01181803	520000	9855212.87348279	520000	11157782.4136107	520000	13183386.4475600	520000	13674080.8316041	520000	14771028.1022045
522500	2373024.63979591	522500	16739690.1126375	522500	22012233.4527885	522500	6229779.06299542	522500	8817508.41598541	522500	10364670.1189683	522500	11450644.8805710	522500	13200776.3034224	522500	13902526.2852828	522500	15628249.8688379
525000	2874836.01253370	525000	16685297.5885501	525000	22179124.4491877	525000	5716039.34872514	525000	9218416.89202241	525000	10443805.4456066	525000	11520512.2888562	525000	13024528.2283305	525000	14297024.3097404	525000	15420243.3540243
527500	1929155.71654895	527500	16324902.4580799	527500	21233844.5840104	527500	6023398.85238742	527500	8063357.14259933	527500	9719822.98314778	527500	10886767.4426836	527500	12430401.4337843	527500	13504205.8142837	527500	14940503.0915060
530000	2856283.72419444	530000	16590057.6302835	530000	21385518.3060200	530000	5421159.76760137	530000	8715515.21299062	530000	10467003.0049116	530000	11634467.7238178	530000	13460614.9649971	530000	13960148.8546661	530000	15422615.1417170
532500	2292895.58851072	532500	16695447.7250605	532500	21177621.6684649	532500	6130123.77613636	532500	8075088.31379176	532500	9465176.70465504	532500	10939673.3937127	532500	13086934.8581381	532500	13611372.9112926	532500	14874966.7397720
535000	2379879.03197319	535000	16416861.1703388	535000	21599420.6754488	535000	6123196.35297153	535000	8488259.28704133	535000	10068274.9853815	535000	11641591.2386555	535000	13003454.4697605	535000	13731312.2468725	535000	14853679.2394650
537500	3091526.69466041	537500	17517385.8939298	537500	22503703.1258919	537500	5982137.43641392	537500	9328025.35110015	537500	10675864.0071316	537500	12276063.5131817	537500	13446420.7692415	537500	14629209.0447801	537500	16018622.4010328
540000	2899844.81040380	540000	16414958.5179376	540000	21989637.0523702	540000	5548833.75042159	540000	9276890.55312417	540000	10309437.3049299	540000	11555522.8698385	540000	12457091.9705583	540000	13871634.2608874	540000	15591083.2965694
542500	2537528.94023379	542500	16980723.2370547	542500	22093831.6110231	542500	6026093.39965882	542500	9210953.82615482	542500	10548032.3844320	542500	11875006.6521712	542500	12908908.2010840	542500	14443759.6777970	542500	15645808.0978472
545000	2470965.12624587	545000	16402583.0684463	545000	21376947.3830480	545000	5790478.38497916	545000	8689867.78534782	545000	10029475.7558853	545000	11385953.3668276	545000	12165812.4117127	545000	13731389.7481941	545000	14933230.7900256
547500	2612599.57725988	547500	16223316.4969066	547500	22022083.1094190	547500	5411693.31062506	547500	8845241.58444174	547500	10324622.3644911	547500	11429003.7709632	547500	12374095.8342154	547500	14173576.3856244	547500	15239943.5869562
550000	3362056.45804098	550000	16891283.1969632	550000	22777096.2488035	550000	5734220.27416328	550000	9824813.51597192	550000	10888778.6503443	550000	12347990.4887987	550000	13466895.8804447	550000	15314703.1077826	550000	16003798.9009023
552500	4030519.97322505	552500	16745688.1557987	552500	23630720.1071995	552500	5979312.16026198	552500	10388032.5814051	552500	12102721.6333267	552500	12706864.2483014	552500	13179387.2893471	552500	15743724.4342843	552500	17150839.4811435
555000	1953191.31847251	555000	16089033.3532653	555000	21555709.9285462	555000	6430994.55668915	555000	9022581.03460466	555000	9933061.70548763	555000	11282606.7125049	555000	12615610.9180367	555000	13532553.4149976	555000	15067977.0864677
557500	2546881.39109107	557500	16869121.7427154	557500	21660141.6438392	557500	4925384.92487450	557500	8423978.83519888	557500	9797077.95857053	557500	11624821.2838888	557500	13396944.0885529	557500	13221929.1588601	557500	15056180.0520425
560000	2737752.86041030	560000	16996825.9583080	560000	22111186.3635571	560000	5351861.10085168	560000	8903274.86502969	560000	10090212.1598528	560000	11743623.2128072	560000	12331551.5786424	560000	14343285.3381728	560000	15993849.1586413
562500	3936501.43493024	562500	16469657.4249431	562500	22474960.3608583	562500	6361235.55213881	562500	9814027.72293244	562500	10461832.4122102	562500	12948747.4729678	562500	12058751.5861457	562500	14880709.8717283	562500	16647954.5014007
565000	2303151.85534655	565000	17892131.3002489	565000	21796784.0041112	565000	6104902.41279268	565000	8794378.38777938	565000	9936391.69347362	565000	11606286.2211368	565000	14309210.8017227	565000	14154665.4520539	565000	15196260.9859607
567500	2332235.06017999	567500	16598343.4474652	567500	21431460.4649279	567500	5881451.52643872	567500	8497173.06371241	567500	10077010.5577222	567500	11101961.0928190	567500	13034079.1296366	567500	14154639.9557120	567500	15473133.7178229
570000	3383549.66187329	570000	16546214.4549140	570000	22480451.7694061	570000	5463340.18571441	570000	10307310.0515584	570000	11289288.6830039	570000	12454774.7346895	570000	12608564.1578672	570000	15459716.1538515	570000	16572894.8233772
572500	2453206.01895066	572500	16721603.1591369	572500	21558097.8580777	572500	5665096.28329152	572500	8476072.41379482	572500	9975051.74640324	572500	11362702.0958330	572500	12901695.9542492	572500	14088500.4861185	572500	15457281.5109212
575000	2439484.67240128	575000	16981075.2570532	575000	21488430.9054879	575000	5163772.33576898	575000	8832386.28213255	575000	10142210.7843332	575000	11684142.2288001	575000	13547734.0982076	575000	13748572.2527617	575000	15618658.0185242
577500	2769528.15848623	577500	15982720.5051654	577500	21650128.2070779	577500	5105146.40368221	577500	8646451.72483460	577500	10106887.4344495	577500	11368356.1585387	577500	12741821.6401618	577500	13787012.3975868	577500	15336243.3419375
580000	3389400.47965006	580000	16143122.6841630	580000	21652798.1663679	580000	5152822.78025910	580000	8861797.34473451	580000	10266511.4979447	580000	11923823.1632295	580000	12303771.7861928	580000	14523511.4583918	580000	15838695.7114232
582500	3192879.15046951	582500	17060725.4362347	582500	22162943.0605382	582500	6488033.07988107	582500	8688828.37431749	582500	10824553.3081594	582500	11902693.2297715	582500	13286775.3671059	582500	14642136.1058526	582500	15838349.4502953
585000	2184610.19889615	585000	16083377.2539483	585000	20768841.1385342	585000	5604826.27569113	585000	8187412.09781140	585000	9924132.31494876	585000	10910102.2471837	585000	12456658.3595842	585000	13160250.5718123	585000	14572967.0836824
587500	3137608.05489923	587500	17392889.9169567	587500	22887886.2620146	587500	5280388.14244793	587500	9553427.52508475	587500	10900225.0811295	587500	12539548.1498880	587500	13768728.6507159	587500	15024076.6732911	587500	15966720.8798873
590000	2641725.70516258	590000	15903586.4689677	590000	21671849.1672738	590000	6134465.59926336	590000	8962574.07167307	590000	10556349.2272887	590000	11627997.7188348	590000	12042679.1741249	590000	13873850.9294032	590000	15249776.5613022
592500	3055057.03758422	592500	16654602.1351926	592500	21962193.5041482	592500	6596695.34975763	592500	9128959.17579021	592500	10791039.0686299	592500	11928882.3837684	592500	12531146.7686562	592500	14823829.3027961	592500	15014887.0044468
595000	2445165.63689626	595000	16382853.2924037	595000	21468928.8403133	595000	5005784.56705492	595000	8941834.45911480	595000	10239415.8434940	595000	11482519.6747814	595000	12186130.8665914	595000	14209940.9626174	595000	15477823.8383157
597500	2408947.90884242	597500	16739350.4211493	597500	22281960.0765237	597500	6249849.10624750	597500	8829984.98969144	597500	10669686.3787652	597500	11829527.3231536	597500	13046336.6349578	597500	14037993.6588697	597500	15492100.0804296
600000	3173942.55458341	600000	16839349.4044573	600000	22018388.9161190	600000	6560300.99376224	600000	8895847.57485841	600000	10514518.1825972	600000	11491253.7827857	600000	12788013.5394524	600000	14253797.2718702	600000	15744102.0203669
602500	2380966.94612322	602500	16643410.4301963	602500	21045167.4362842	602500	5269482.35759978	602500	8693987.17407540	602500	9894136.38362461	602500	10920977.9419402	602500	12904657.6866515	602500	13646957.4151556	602500	15055378.8958757
605000	1984833.07515821	605000	16296378.0727596	605000	21380638.5245553	605000	4821069.29188942	605000	8093164.06180078	605000	9900865.65003636	605000	10860228.0516409	605000	12575013.4173754	605000	13824497.7874352	605000	14393633.4547562
607500	2870873.68650014	607500	16150844.8922207	607500	21643394.2093676	607500	5096159.99670365	607500	9435629.03682398	607500	10013683.4560720	607500	11623160.2581231	607500	12658276.0845810	607500	14444134.3878648	607500	15455029.2404061
610000	3280237.02930945	610000	16761194.5075535	610000	22243598.5591203	610000	5657105.05120485	610000	9229933.58514889	610000	10835323.4989060	610000	12385163.2500303	610000	12728123.2829942	610000	14555201.5092522	610000	15713010.7039252
612500	2075463.97242680	612500	16250337.1616583	612500	21434762.4386939	612500	5588514.86238186	612500	8364707.42295014	612500	9819775.31688579	612500	10750671.6310480	612500	12570209.1297467	612500	13736682.6555338	612500	15046552.8704871
615000	2487727.86899187	615000	16172029.5780656	615000	21418545.5800412	615000	5701274.52790345	615000	8945387.60687758	615000	10336913.7457382	615000	11105326.2916918	615000	12440438.4633559	615000	13949684.8614520	615000	14839659.2739752
617500	2401067.71431929	617500	16035504.6319315	617500	21826620.1654791	617500	5205397.77666241	617500	8886343.07346570	617500	10093984.7750016	617500	11709732.5478948	617500	12198605.6148787	617500	14319853.7102139	617500	15319740.7293797
620000	2617154.13212325	620000	15888056.1008687	620000	21924680.9973856	620000	6504834.77362676	620000	9201315.64317794	620000	10186518.3083792	620000	11173238.5902573	620000	12508197.5819161	620000	13346300.7937423	620000	14522679.5646251
622500	2561660.66347532	622500	16211099.6061318	622500	21695666.9139137	622500	6359839.51732492	622500	8751818.56482650	622500	10364470.9566940	622500	11564238.2420643	622500	12758156.1588022	622500	14089997.3653731	622500	15145339.8651029
625000	2184573.03418643	625000	16337140.3481472	625000	21121750.5034740	625000	5003782.89399767	625000	8266927.21834205	625000	9060904.56027465	625000	11049331.2781230	625000	13037725.9312666	625000	13114841.0015041	625000	14567442.3450572
627500	2952489.79038418	627500	16264328.1763137	627500	22038439.6143833	627500	5252880.40802067	627500	8903737.64717703	627500	10353084.9832468	627500	11653724.7035502	627500	12943417.9100461	627500	14026153.6820104	627500	15037645.1005376
630000	3205023.47051760	630000	16641434.7751912	630000	21857874.8069054	630000	5382572.57251342	630000	9323300.74293949	630000	10630266.0176033	630000	11976639.5401600	630000	13170466.2899415	630000	14859747.5454239	630000	16005759.8880764
632500	3118566.96286388	632500	17139668.5238471	632500	22486933.7732363	632500	6118206.89250401	632500	9175733.87313446	632500	10451771.4418646	632500	12155016.0517161	632500	13149461.6854019	632500	14908233.0608850	632500	15623140.0453462
635000	1777121.91441240	635000	17315725.7000036	635000	20471415.3489693	635000	5159058.44696526	635000	7996301.97861671	635000	9206663.16864349	635000	10338488.4048210	635000	13941587.5432166	635000	12931951.7622165	635000	14458028.4924404
637500	1767601.84452315	637500	17815994.1389976	637500	21481679.6696297	637500	5914082.84153293	637500	8184424.01300668	637500	9986512.05155816	637500	11025659.2655623	637500	13536098.1848217	637500	13842889.5748975	637500	14723995.4370385
640000	2966978.89426095	640000	16985019.1167547	640000	21516274.8498305	640000	6366147.74639809	640000	9211886.85869628	640000	10385893.0805831	640000	11266425.8785508	640000	13509460.3000730	640000	14516823.8561034	640000	16036015.3773446
642500	1765015.45863475	642500	15091392.5886103	642500	21208219.2260444	642500	4611647.45335667	642500	8430764.31173686	642500	9275501.58670082	642500	10821957.0712357	642500	11613297.4663554	642500	12966051.8324247	642500	14828037.6900572
645000	1503226.91588735	645000	16555775.4580572	645000	20765107.6035858	645000	5413314.71572025	645000	8194659.08651802	645000	9592651.79281552	645000	11046019.9517245	645000	12630501.9200420	645000	13490183.3266016	645000	14583449.3091667
647500	3151356.39798546	647500	16114133.3934361	647500	21636273.9500245	647500	5629441.86525509	647500	8779027.38325184	647500	10396017.4249442	647500	11295752.8200636	647500	12182859.7852756	647500	14177607.2601686	647500	15364858.9024063
650000	2893246.94848686	650000	16705067.4127059	650000	21666951.9386074	650000	6802622.05223482	650000	8511824.02478618	650000	10194074.3718459	650000	11463790.9152656	650000	12753940.8934131	650000	14086468.3088718	650000	15147816.1333843
652500	2690624.15463258	652500	16332473.3368678	652500	21621845.7114841	652500	5671588.68316490	652500	9192708.55461097	652500	10787929.7536482	652500	11567075.8688434	652500	12789623.2799832	652500	13881246.6011922	652500	15283578.5031966
655000	3300050.43906326	655000	16212678.0886281	655000	22512491.8123464	655000	5216777.16341065	655000	9029904.08540566	655000	10908636.2659513	655000	11657628.3950547	655000	12432897.2457761	655000	14293726.9815034	655000	16094149.5182180
657500	3851920.38570748	657500	16633330.4618085	657500	22646956.8288423	657500	5793356.19875209	657500	9792381.54640679	657500	10826248.6870993	657500	12315362.1370377	657500	12787169.5421629	657500	14792035.2328357	657500	16007149.6026164
660000	2582079.53678763	660000	17620946.6430215	660000	22047873.7815631	660000	5465393.87021915	660000	8431947.75572038	660000	9736097.33053492	660000	11283171.0660980	660000	14407564.8705860	660000	14116241.1979232	660000	15363864.6064250
662500	3035655.63313464	662500	16253944.5654467	662500	22676405.1325398	662500	6111311.33595619	662500	9774751.77498444	662500	10740842.6898695	662500	11911362.4742019	662500	12834179.8388981	662500	15221145.5878395	662500	15507979.2923537
665000	3120626.92429589	665000	16085618.2845891	665000	21957414.6123618	665000	6343841.96747260	665000	8872073.77509745	665000	10353032.8669045	665000	12197479.2721472	665000	12363768.6925284	665000	14651952.4343723	665000	15608961.0508560
667500	2645379.51564113	667500	16663573.5469622	667500	22581684.7422449	667500	6383978.32688932	667500	9020879.00252903	667500	10225006.2985651	667500	12178130.4673433	667500	13061954.1162849	667500	14552550.3001388	667500	15562190.7143976
670000	2764470.52035859	670000	16181093.2109214	670000	21846511.0080249	670000	5382526.34438935	670000	8925303.55231698	670000	10343753.7316720	670000	11078071.0616066	670000	12801540.1727931	670000	14282332.4432040	670000	14873973.9907640
672500	1566343.80657099	672500	15861872.8894157	672500	21205620.5488141	672500	5841480.17170045	672500	7666337.14490493	672500	9229700.38243283	672500	10775851.6295987	672500	12792903.2550401	672500	13562517.1942365	672500	14695857.3710707
675000	2521541.66111748	675000	16366282.4419895	675000	21939299.7921137	675000	5303166.85944640	675000	8761644.97363306	675000	9961152.53588340	675000	11362299.8938703	675000	12289405.5024159	675000	14074147.8207617	675000	15371578.5741910
677500	2025702.87585384	677500	16257705.0901423	677500	21282991.6436123	677500	5870302.08494035	677500	8623926.65944496	677500	9581238.96455231	677500	10954595.3173607	677500	12420412.4505097	677500	14088928.0641240	677500	14779413.2008723
680000	2773017.21921969	680000	16462648.0428170	680000	21300938.0355384	680000	6227506.72779024	680000	8568264.93482018	680000	9861976.05112214	680000	11100389.2048126	680000	13053425.6285691	680000	14123065.5041744	680000	15458975.2480746
682500	3123218.96311643	682500	16497184.7863004	682500	21792400.5813075	682500	5646987.12511674	682500	8830745.07004366	682500	10075430.2875427	682500	11654198.9487592	682500	13204461.5229320	682500	14018400.7636325	682500	15385007.8764845
685000	2180270.92832489	685000	16895677.6345860	685000	21572566.1270897	685000	5640423.93305150	685000	8389330.14509773	685000	9613979.35895686	685000	11496831.8746244	685000	13188037.3571264	685000	13628869.8134766	685000	14841417.9920972
687500	2671783.57419065	687500	15693955.9110244	687500	22124733.5315440	687500	5665990.59312637	687500	8743203.07907869	687500	10219713.1599964	687500	12317197.9431523	687500	12180244.8917841	687500	14867530.3746959	687500	15339952.6905811
690000	2945788.65226781	690000	16266019.9252165	690000	21878967.7775952	690000	5431359.27123262	690000	9040170.24267531	690000	11046425.7139508	690000	12221907.0802620	690000	12479050.6441308	690000	14572294.0920895	690000	15607625.8146759
692500	2765587.50636629	692500	16778318.8363892	692500	21700117.8089550	692500	6314177.20974538	692500	8807828.00335027	692500	10535384.4610621	692500	11520025.0244649	692500	13451596.9492968	692500	14112311.8261556	692500	15262357.5826957
695000	2229730.97180224	695000	17012532.7557452	695000	21350436.1387993	695000	6455285.32732460	695000	7803072.96454665	695000	9495021.98513254	695000	11122549.2786811	695000	13189636.8388346	695000	13638277.5890070	695000	14863592.4898923
697500	1604148.24242956	697500	16102102.5876375	697500	20818738.7682541	697500	5131653.57711794	697500	8189067.45435434	697500	9688538.13210906	697500	11080163.5714277	697500	12343658.3913495	697500	13466562.7446107	697500	14544765.1009639
700000	2855904.59471437	700000	16633485.6140000	700000	21539889.3708573	700000	6087690.72007740	700000	8748665.13039386	700000	10141504.3995984	700000	11905360.3627471	700000	12663223.4495502	700000	14349559.8293296	700000	15252353.2764261
702500	2458382.96459461	702500	17494595.6514650	702500	22221925.8622482	702500	5721913.39118863	702500	8713232.51951017	702500	10087314.7477922	702500	11626501.2674135	702500	13536568.6486856	702500	13884644.0295597	702500	15240899.6665980
705000	2597489.91246543	705000	16067797.9693957	705000	22401401.4443048	705000	5665577.59265415	705000	8951301.88967687	705000	10846209.1030317	705000	11857355.7433761	705000	12356060.6142408	705000	14465421.3848715	705000	15651988.0095703
707500	2478057.60751336	707500	17560992.9509856	707500	21611748.8259053	707500	5655287.35993067	707500	9152612.35669575	707500	10214832.0776317	707500	11858782.4488103	707500	14339975.1050808	707500	14320647.4202784	707500	15226185.7762383
710000	3051674.56186268	710000	16508095.0792785	710000	22899049.0293377	710000	5028025.41436643	710000	9726593.09760031	710000	10701021.8016879	710000	12258060.9670280	710000	13085834.5115258	710000	14737672.8925268	710000	15492874.1926972
712500	2939504.38633261	712500	17486905.7231401	712500	21979587.2713441	712500	5977445.80036744	712500	9464365.93470783	712500	10756624.3952756	712500	12375300.3940423	712500	13507564.1565471	712500	14732879.0742220	712500	16015868.0053129
715000	3345028.39626708	715000	16259280.3278837	715000	22508797.4104721	715000	4775270.06507982	715000	9548671.08205658	715000	10936425.9025922	715000	12092664.1656517	715000	12668130.7438073	715000	14092097.3606566	715000	15825456.6081945
717500	3007581.09116061	717500	16205273.8353529	717500	22335564.2790641	717500	5617610.02074868	717500	9657831.53999829	717500	10883520.8078517	717500	12005591.2901344	717500	12568212.2514657	717500	14672635.8520633	717500	15607989.4081915
720000	3833647.12198696	720000	16600555.2372743	720000	22343572.8120595	720000	6438700.99673891	720000	9967810.13626614	720000	11006215.6664088	720000	11981353.1692260	720000	13588015.3893815	720000	15058537.4371890	720000	16186572.2995388
722500	2692732.20877541	722500	16219911.6268522	722500	21170473.0419596	722500	5415154.54577861	722500	8495741.42959347	722500	9886291.68924650	722500	11072450.0170043	722500	12267107.1914442	722500	13784205.3814172	722500	14872809.2585288
725000	3069692.57731360	725000	15977363.6404740	725000	22663761.0849469	725000	5474439.49704497	725000	9679412.62064467	725000	10605020.5801237	725000	12023278.4775898	725000	12378729.0194766	725000	14644353.7838806	725000	15749525.1504073
727500	3279190.26687420	727500	15468945.7933268	727500	22027893.6114965	727500	5738649.75402000	727500	9149431.50445493	727500	10865168.2726377	727500	11753717.4115995	727500	11907273.7560940	727500	14061114.0239682	727500	15819743.2237670
730000	3532074.39981708	730000	15976809.0859551	730000	22834918.8923442	730000	5744830.65350364	730000	10215202.0480044	730000	11464071.2754756	730000	12825690.6516435	730000	12717431.8381184	730000	15091948.5504677	730000	16623593.7023199
732500	2178640.76955447	732500	16660465.4054234	732500	21288047.7400316	732500	5210003.28123212	732500	8260349.70948915	732500	9977326.97963550	732500	11306469.4330390	732500	12918694.7666733	732500	13704300.4283154	732500	15364665.5572401
735000	3474880.81190644	735000	16860917.3888662	735000	22111004.6461754	735000	5914198.76980505	735000	9277209.35086835	735000	10336714.7922831	735000	12285953.0923014	735000	13440823.6795460	735000	14363580.7541138	735000	15472126.4791730
737500	2706111.78747806	737500	14447745.0769101	737500	21631693.1692603	737500	6356133.23848784	737500	8985618.53014312	737500	9860628.96618807	737500	12107602.4159644	737500	10874542.8493533	737500	13802530.6309551	737500	15319762.4711609
740000	3212853.91168919	740000	15647573.5578630	740000	21982971.8906087	740000	6200879.80250871	740000	9659658.58315678	740000	10533335.7024508	740000	11939517.7072672	740000	12002254.4058936	740000	14557171.6896430	740000	16041910.7058721
742500	2518361.23309838	742500	15765677.0113392	742500	21969072.6989092	742500	5681020.95472755	742500	8962315.97461588	742500	10233640.2763790	742500	11162832.2493845	742500	12642112.8650469	742500	14177006.8976687	742500	15228384.3844346
745000	2011762.69580458	745000	15902126.3600035	745000	20468367.4216911	745000	5772581.28459092	745000	7753861.10281322	745000	8930041.04996701	745000	10634969.1815051	745000	12071543.3547732	745000	13236637.5974448	745000	14396774.1739861
747500	2856143.91865073	747500	16417564.5944276	747500	21914158.6510720	747500	6221380.57333091	747500	8972704.10784971	747500	10166446.6298049	747500	11638935.8581536	747500	12829053.7279727	747500	14458713.7097896	747500	15399536.2245206
750000	2607892.68826143	750000	15705168.5998204	750000	21233426.8252201	750000	5651951.55675652	750000	8645897.66575146	750000	9684018.53417245	750000	11454541.4666478	750000	12505514.3522589	750000	13314543.2446220	750000	15244351.7884137
752500	2750229.14276302	752500	17319828.2408279	752500	21603583.4043895	752500	5249359.82455983	752500	8687333.12639157	752500	9818173.85563796	752500	11655082.8324234	752500	12972562.0323868	752500	14226596.6845139	752500	15086390.5237415
755000	2381502.96645596	755000	17299578.9250542	755000	21914753.9225981	755000	5689544.47052707	755000	8429368.39337807	755000	10422712.9884483	755000	11239311.1513305	755000	13285742.7778074	755000	13831270.7525738	755000	15581999.8569152
757500	3532636.09743572	757500	16261019.3332225	757500	22898279.7441558	757500	5029046.65311063	757500	10010959.6572551	757500	11208365.3879086	757500	12858238.0415915	757500	12792300.7685272	757500	15472743.9426781	757500	16666416.1322308
760000	2343625.70641259	760000	16932251.5805735	760000	21661901.9548881	760000	5991590.79731639	760000	8316698.87151646	760000	10010696.5845265	760000	11675402.9343564	760000	13462260.1125544	760000	13570109.8717583	760000	14830285.4497639
762500	2427144.09707306	762500	16287161.0563275	762500	22061135.3153055	762500	5770521.69539968	762500	9374748.14304615	762500	10424005.0526733	762500	11650580.2616224	762500	13018517.2521210	762500	14145492.5007040	762500	15612492.9687115
765000	3066683.15771704	765000	16474213.2774765	765000	21905816.6623007	765000	6173016.40190795	765000	9476093.86048889	765000	10945790.1008285	765000	11783271.7444131	765000	12726003.5439936	765000	13759620.3638510	765000	15228210.5109266
767500	2372709.70131824	767500	16679953.1926733	767500	22030050.3550306	767500	5726957.34450065	767500	8866507.42862946	767500	10206748.3564608	767500	11427460.8820246	767500	12575993.0813744	767500	14173421.1496882	767500	15039442.2913630
770000	2370833.53129870	770000	15953433.8522867	770000	21802735.6167960	770000	5638309.77728383	770000	9241315.93915791	770000	10559179.2636014	770000	11230381.4384352	770000	11882324.3766651	770000	14161838.9142812	770000	15731917.5919503
772500	2974521.92961185	772500	15349150.1703930	772500	22260508.5294301	772500	6128378.69066999	772500	9464431.73702203	772500	10723789.6481234	772500	11720008.9650106	772500	11813919.5512659	772500	14030583.8885815	772500	15578579.9607331
775000	2504827.61191374	775000	16150699.9519085	775000	21598343.6678543	775000	5236093.26790712	775000	8589855.78355572	775000	9951807.44834389	775000	11614707.2981366	775000	12393774.3154126	775000	14241393.3051039	775000	15433652.8845220
777500	2627857.83047195	777500	16612019.7474655	777500	21985297.4016349	777500	5974989.65876496	777500	8524449.94665264	777500	10408727.1504140	777500	11096644.7686499	777500	13101968.7844720	777500	13919178.0061440	777500	15047319.9203355
780000	2989775.20538629	780000	17002885.0564445	780000	21537520.5830557	780000	6475746.25206923	780000	8828010.02253261	780000	10210498.7175820	780000	11363939.3216431	780000	13287753.8818141	780000	14035604.7448288	780000	15384822.4739883
782500	2920553.62389268	782500	15809609.7148853	782500	21291488.0314208	782500	5525406.62719429	782500	9055181.68265299	782500	10070823.6592019	782500	11392888.8240749	782500	12159513.3087840	782500	14217215.1446700	782500	15569608.5621283
785000	1903411.67321385	785000	17809945.6226347	785000	21463025.6951767	785000	5694264.46991424	785000	8327247.77492945	785000	9869721.48747684	785000	10862181.8170432	785000	13754604.5838544	785000	13591742.9530651	785000	14794742.7154323
787500	2538665.03039286	787500	16273335.7474217	787500	21692435.9631778	787500	5072126.19581424	787500	9139646.48316221	787500	9687352.50676464	787500	11414000.0847698	787500	12816490.1921376	787500	13858606.1456823	787500	15343232.9372163
790000	575021.120869213	790000	15494548.2416209	790000	19863915.3336267	790000	6138713.22013759	790000	6873758.23275415	790000	8879355.94524070	790000	9941959.02810344	790000	11710549.2970444	790000	12164962.1518125	790000	13372717.3539260
792500	2214074.56176707	792500	17118120.9341085	792500	21057311.5017851	792500	6482629.09005187	792500	8187198.01488969	792500	9662062.69897911	792500	10943123.3446714	792500	13680012.4571411	792500	13925166.0310735	792500	15082589.7115827
795000	2584054.56801854	795000	16930874.2152539	795000	21406737.7365235	795000	5141656.37191925	795000	8736001.00525617	795000	10136792.8949908	795000	11026043.0857603	795000	13450705.1820574	795000	13731762.1335973	795000	14759320.7679349
797500	2383688.46728050	797500	15353499.4065231	797500	21859412.5239002	797500	6501809.01567752	797500	8795959.75899612	797500	10273964.0994727	797500	11618036.5778116	797500	12116233.2501117	797500	14197991.0137061	797500	15161016.7446256
800000	3646739.50152244	800000	16754863.0792613	800000	23517804.3156129	800000	5844360.12446502	800000	10175853.1340010	800000	11479714.4021106	800000	12733136.9746096	800000	13141283.5366390	800000	15005080.7111248	800000	16754329.7504871
802500	3152492.36945036	802500	16004662.9101768	802500	22534933.9933599	802500	5598063.84641229	802500	9612663.17576225	802500	10659795.0308481	802500	11994801.1094281	802500	12386401.9438622	802500	14705792.3574744	802500	15830202.7803031
805000	2758732.58781252	805000	16541741.5419659	805000	21503287.5911854	805000	5764862.61298462	805000	8587682.56386628	805000	9735350.37899309	805000	11497296.4601416	805000	13119235.3538929	805000	13759448.7899881	805000	14607581.3320487
807500	3147625.24346709	807500	16872515.5828788	807500	22292325.9169641	807500	5463469.39028164	807500	9249487.02006104	807500	10730515.1004080	807500	11828292.1998462	807500	13126723.2441865	807500	14481249.2067941	807500	15301288.1182578
810000	3362532.90400697	810000	16880648.6988957	810000	22907853.7372161	810000	5687519.59787863	810000	9633993.03299028	810000	10997234.6910900	810000	12277368.3256004	810000	13256860.1404918	810000	14876420.7621088	810000	16099220.4797847
812500	3147820.22284826	812500	16215944.6179839	812500	22325453.3329686	812500	6999331.81811963	812500	9205392.71859732	812500	10785470.9099112	812500	12086103.3098342	812500	12753878.9135500	812500	14687642.5954370	812500	15603575.3862713
815000	2588140.73383263	815000	15892014.1157901	815000	21825133.7451544	815000	5147538.92066358	815000	9141051.14707638	815000	10425442.4757897	815000	11820306.2069206	815000	12946432.8358710	815000	14218328.4884862	815000	15633671.4137811
817500	3526804.46694233	817500	16135135.1637125	817500	22349306.7849925	817500	6282541.77593047	817500	9369399.30274624	817500	10790654.0322185	817500	11721375.3038130	817500	12153422.0393718	817500	14534758.3471366	817500	16029715.6803289
820000	3051484.43932133	820000	16875676.5936746	820000	22205774.4154579	820000	5599463.03878554	820000	8659888.87079417	820000	9971203.66425269	820000	11597123.0419010	820000	12635793.3760009	820000	14455502.9261304	820000	15250045.8416641
822500	2064403.72744933	822500	16566879.4997390	822500	20425411.8425202	822500	5993834.90077498	822500	7854451.68899787	822500	9223508.59799365	822500	10420668.6698052	822500	12767106.8456500	822500	12778847.3907434	822500	14307464.2937128
825000	2065515.83217675	825000	16260424.1416333	825000	21491347.8265493	825000	5885773.89454316	825000	8937028.14044775	825000	10291298.0325823	825000	11591899.6457266	825000	13019068.7298855	825000	13999693.5184245	825000	15321474.4379545
827500	2619552.13831921	827500	16105057.1824855	827500	21668516.4895201	827500	6694712.99393685	827500	8644865.43160245	827500	10502161.5582530	827500	11774728.7205883	827500	11900011.7399899	827500	14161706.1285285	827500	15385086.3967037
830000	1561308.85276150	830000	16987828.6781185	830000	21160330.2387403	830000	5788257.19428016	830000	8355017.52658452	830000	9414047.35864949	830000	10955320.1403523	830000	13324479.9603892	830000	13494730.8565925	830000	14865431.1024607
832500	2324411.64744068	832500	15775065.6079777	832500	21302933.7418034	832500	6503822.08355508	832500	8277831.56611127	832500	9763269.50339377	832500	11074117.8247791	832500	12061068.9801899	832500	13517229.5235970	832500	15209614.1595259
835000	1934688.61132552	835000	15942184.9917944	835000	21536334.1071540	835000	6013806.84164132	835000	8195815.43018837	835000	9689458.01752630	835000	11048852.2871865	835000	12967890.5214290	835000	13691973.4843640	835000	14993093.7199273
837500	2366617.78103025	837500	16014715.9449447	837500	21327923.8426790	837500	5127098.43378978	837500	8382060.51192039	837500	9964260.27244532	837500	11516613.6063938	837500	12897571.3545598	837500	13421152.7218303	837500	14581092.7177735
840000	2704518.35985799	840000	17113912.2858647	840000	21686826.2019975	840000	5720436.91608158	840000	8503742.67069530	840000	9997264.36227816	840000	10909874.0960986	840000	13090562.1636546	840000	13404371.3434764	840000	14843237.1617048
842500	2190570.37931009	842500	16930416.1528912	842500	21455530.0788036	842500	6972182.83154072	842500	8730208.32427577	842500	9703075.04013943	842500	11124109.6076800	842500	13308128.6462350	842500	14139394.9854487	842500	14729375.1541033
845000	2543029.14045029	845000	16943869.1185128	845000	21923645.7478385	845000	6402811.66806042	845000	8947922.90252217	845000	10951720.8068782	845000	11790300.4325361	845000	13405518.9919236	845000	14308459.5518109	845000	15210742.8664064
847500	2485534.17814992	847500	16529196.0166830	847500	21548805.2359273	847500	5499180.14371065	847500	8935383.53949977	847500	9856233.43364012	847500	11468367.4650918	847500	12928161.1134736	847500	13859033.6813961	847500	14895134.6330311
850000	2693067.53509470	850000	16874611.9822239	850000	21467922.1699562	850000	5612366.05998766	850000	8550492.47302925	850000	10026130.0902827	850000	11530684.6281437	850000	13318646.1380856	850000	14193410.7605995	850000	15328528.9416841
852500	3689907.18825472	852500	15375034.2847774	852500	22310139.0458246	852500	4656939.98898707	852500	9736980.46068478	852500	10666123.9878160	852500	12414991.2377277	852500	11281932.2443454	852500	14900914.3647765	852500	15933746.0410194
855000	2749772.43072404	855000	16114043.2833980	855000	21848519.5879986	855000	6254275.88684204	855000	8464054.45141647	855000	10114299.6393637	855000	11532486.5917162	855000	12709290.4640132	855000	13544611.5433798	855000	15399103.4741516
857500	2783470.47853711	857500	16364249.0544659	857500	21740563.8339665	857500	5384705.88876198	857500	9213370.84697179	857500	10334867.2424565	857500	11788683.5371885	857500	12437165.9584124	857500	13875061.7710469	857500	15204766.5800681
860000	3501944.87872177	860000	15842674.5978093	860000	22008020.3206791	860000	6469903.73007911	860000	9564252.25249271	860000	10925207.1702596	860000	11898774.7403751	860000	12254979.2945403	860000	14751440.2337487	860000	16062522.7153160
862500	2717437.01291234	862500	16462182.5949771	862500	21517557.5056206	862500	5534445.08711878	862500	9097125.26625728	862500	10495553.8200500	862500	11376249.5736393	862500	12930624.3282182	862500	13735113.2301553	862500	15138510.0954390
865000	3434536.35599828	865000	15755573.5078720	865000	22522955.1502812	865000	5457683.02679124	865000	9115553.48719439	865000	10711362.3463105	865000	12570020.8723589	865000	12027049.8962101	865000	14707981.7462725	865000	15603500.2669520
867500	2007873.24586763	867500	16690496.0752415	867500	20974993.7047441	867500	5900332.06188048	867500	8090422.63749590	867500	9439295.02790700	867500	10399920.0005748	867500	13225436.8962660	867500	13469500.7412413	867500	14366857.8161802
870000	2672485.33453311	870000	17093839.0821378	870000	21699051.0998259	870000	6220929.11653992	870000	8741789.83547844	870000	10261651.3005863	870000	11723586.0181862	870000	13613920.6498563	870000	14177893.8226030	870000	14675699.1691324
872500	2513529.45567762	872500	16172812.6693339	872500	22035406.7561852	872500	5791631.53658751	872500	9113277.35878447	872500	10238123.8286641	872500	11834275.6896457	872500	12326418.7466022	872500	14062476.0203339	872500	15487661.0311967
875000	2522753.72537303	875000	17618578.8830086	875000	22083545.3397602	875000	5437525.67725150	875000	9160088.38133456	875000	10222569.0348335	875000	11978199.9571521	875000	13753748.7498752	875000	14149936.7970467	875000	15442978.8308386
877500	2958834.82426285	877500	15851522.1505203	877500	21957387.0114493	877500	5584799.59243526	877500	9245293.33650899	877500	10120798.3601032	877500	11373854.6937726	877500	12334450.4688345	877500	14229438.3095419	877500	15505911.7949354
880000	3281241.75161495	880000	16630412.8760330	880000	22313179.6685410	880000	5813259.70003568	880000	9175638.94309189	880000	10656347.8445912	880000	12022785.4229388	880000	12782233.2959404	880000	14894333.3194942	880000	15895943.9015129
882500	2041032.85526890	882500	15204641.2514196	882500	20987447.4490906	882500	6028779.72557302	882500	7835720.26899637	882500	9041350.12174059	882500	10864203.4741033	882500	11644017.8791646	882500	12968936.1979154	882500	14633307.4433361
885000	2332607.02681779	885000	16009356.1205908	885000	21647627.9214171	885000	6156315.44086783	885000	8830126.73025742	885000	10564353.2932812	885000	11654556.3422451	885000	11652237.7756048	885000	13985091.2967967	885000	15453931.0071536
887500	2384221.97159529	887500	16275077.2167185	887500	21865813.7082232	887500	6399866.48624415	887500	8419374.04140887	887500	10337749.7779667	887500	11159316.4909654	887500	13032486.9536751	887500	14464542.8057244	887500	15585060.0625901
890000	2698710.94883353	890000	16895255.4490355	890000	21538676.2291389	890000	5776478.54861226	890000	8490816.34256330	890000	9922784.33015509	890000	11375938.8191229	890000	13585727.8587954	890000	14213455.9789942	890000	15042582.1181493
892500	2691807.45651685	892500	17449958.2755995	892500	22054117.5009272	892500	5577440.61271976	892500	9366945.09089896	892500	10710695.8084923	892500	11845700.8116852	892500	13783286.7934938	892500	14504853.6478116	892500	15633396.4944569
895000	2274193.02448887	895000	15936209.9182571	895000	21531374.1594044	895000	5535163.95375223	895000	8576712.27920439	895000	9969734.06625482	895000	11695048.6192354	895000	12061437.4763553	895000	13527275.6961564	895000	15149178.2516187
897500	2900345.20069475	897500	16250333.8002225	897500	22210061.2626676	897500	6408906.90316064	897500	9092327.63050164	897500	10483841.9700544	897500	11645855.2362611	897500	13102704.7092629	897500	13869662.5844246	897500	15669932.6991556
900000	2360446.83948271	900000	16594299.4085190	900000	21800358.4475195	900000	7125435.80732230	900000	8367923.63773267	900000	9779704.61515165	900000	11092134.8592351	900000	13339368.6391697	900000	13787888.8372488	900000	14972759.1717068
902500	3530838.83431586	902500	17331749.6352599	902500	22336085.1607088	902500	5701774.25310276	902500	8884299.59525092	902500	10438941.1003791	902500	12206092.0957468	902500	13587029.4098685	902500	14481927.9264409	902500	15760926.1620631
905000	2123474.24235500	905000	16649892.5887419	905000	21522442.8265390	905000	5350826.89786213	905000	8665866.46086518	905000	10354355.5455747	905000	11483888.9707786	905000	13528336.2892608	905000	14073938.4460541	905000	15176681.5178619
907500	2681441.36523309	907500	16363290.3969663	907500	21812944.0237547	907500	4625888.13154676	907500	8887470.63123623	907500	10293095.0387042	907500	11718159.5896766	907500	12722515.7021499	907500	14185543.6658562	907500	15866723.2024810
910000	2624709.70228660	910000	16365896.4560208	910000	22212474.2405659	910000	5182731.70884209	910000	9240835.48214427	910000	10292640.9528432	910000	11574274.2430206	910000	12653304.5858426	910000	14150195.5046233	910000	15755321.0318396
912500	3130133.60418142	912500	17236984.8306935	912500	21655152.9968215	912500	5761428.45876810	912500	9176290.41058096	912500	10527680.9141151	912500	12011112.7189319	912500	13376271.5526500	912500	14255881.7254652	912500	15039591.9720750
915000	1965919.06534777	915000	16985446.5868172	915000	21113884.5478525	915000	5743318.55387000	915000	8185649.67038191	915000	9676409.25615246	915000	10640301.1493132	915000	12795751.4434615	915000	13309322.8512696	915000	14591597.0367454
917500	3425173.70555487	917500	16504073.4375169	917500	21547860.4148742	917500	7252267.76227749	917500	9245824.91780049	917500	10451647.4491115	917500	11484553.5996672	917500	12848716.5618573	917500	14336103.0639438	917500	15300913.7214648
920000	2412273.49174349	920000	15866993.5205748	920000	21943597.1546943	920000	6627040.51339783	920000	8616319.42106207	920000	9872105.09661856	920000	11591915.9972713	920000	12324545.8414084	920000	13690880.7543113	920000	15445299.0657215
922500	3177061.06148186	922500	15477178.9541692	922500	21976063.0787981	922500	6693452.78681331	922500	8715574.17067620	922500	10297268.6108862	922500	11991746.9148629	922500	12512805.8832915	922500	14554241.1580139	922500	15726313.2840925
925000	2010728.89268448	925000	16596780.0849530	925000	20965308.4166923	925000	5707088.86714955	925000	7919647.34861366	925000	9565335.76761790	925000	10987333.0106189	925000	13355721.8717095	925000	13097850.2183037	925000	14587254.5900288
927500	4163335.88219174	927500	16384694.3211071	927500	22833649.2478559	927500	6867661.52823455	927500	9732772.01500852	927500	11512902.6452057	927500	12541592.5114610	927500	12459524.9382988	927500	15090543.6345110	927500	16125945.2295286
930000	2710843.92075658	930000	15045619.8405189	930000	21489993.0439621	930000	5891356.71517207	930000	8979026.36202679	930000	10220671.6530053	930000	11388629.4246954	930000	11506856.9227845	930000	14179915.5534043	930000	15390593.3669559
932500	2690534.88580855	932500	15941264.8110848	932500	21993549.0675579	932500	5640874.70168037	932500	9176102.13779231	932500	10503454.3054609	932500	11754063.3433838	932500	11961955.9362927	932500	14383124.2816871	932500	15386881.7313644
935000	1988678.93009919	935000	16156086.2591230	935000	20931712.3449549	935000	6118356.19231713	935000	8157937.94491328	935000	9453984.84521884	935000	10666144.6418764	935000	12550996.1280578	935000	13288386.4161746	935000	14459785.0497536
937500	2180767.66146588	937500	16615849.5085009	937500	22136727.4858894	937500	6067297.58672656	937500	8875153.12498078	937500	10537304.4316845	937500	11782278.4443131	937500	12638080.5043916	937500	14432754.6842224	937500	15389235.6170388
940000	2612726.23850103	940000	17178482.0837567	940000	21495936.4963962	940000	6381348.24496483	940000	8398762.08238737	940000	9625248.75039822	940000	11098265.6929716	940000	13782421.4976349	940000	13621358.7835911	940000	15053946.0407698
942500	3531655.58631633	942500	16542655.1363081	942500	22075876.6641271	942500	4947168.41639981	942500	8960757.53597798	942500	10690607.5818664	942500	12027530.7297912	942500	12644629.4530833	942500	14767735.3630322	942500	15822165.0976919
945000	2807923.74250081	945000	16480387.2296940	945000	21476390.4523816	945000	4349745.97437030	945000	9016319.20907425	945000	10259417.7403012	945000	11845858.5749664	945000	12861260.2499095	945000	14201489.8994346	945000	14959505.3130847
947500	2310345.41021256	947500	16401525.4703771	947500	21593570.3618049	947500	5546234.44217213	947500	9147391.42511432	947500	10350802.5961881	947500	11409723.3432831	947500	12348556.5905523	947500	14079802.8536637	947500	14705415.4704086
950000	1579352.22879922	950000	17067118.8010544	950000	20592241.6597362	950000	6599746.65842961	950000	7791408.68151575	950000	9317178.98184119	950000	10810815.2015050	950000	13322947.5262525	950000	13448443.5413624	950000	14543286.5558530
952500	2601725.59811315	952500	15731590.1909337	952500	22019794.4224385	952500	5230786.66303253	952500	9165525.01136239	952500	10582248.2675445	952500	11613379.0297723	952500	12064982.7507287	952500	14220939.5516037	952500	15467296.5534075
955000	3360755.52437560	955000	15943484.1554146	955000	22761945.8060511	955000	6067011.21093680	955000	9213691.61037667	955000	11083059.5594330	955000	12011600.4487035	955000	12152976.2290793	955000	14480155.5406053	955000	16197164.0237132
957500	3149025.00373940	957500	16789761.6309779	957500	22106402.9066545	957500	6477203.66207361	957500	9571266.39623747	957500	10629252.6315823	957500	11870478.9538483	957500	13442816.8873338	957500	14220792.1751945	957500	16026761.0076163
960000	2236599.80977369	960000	17019367.9834275	960000	21320794.2396061	960000	6806176.29491283	960000	8393525.99808893	960000	10164422.2514347	960000	11280146.5310218	960000	13317154.7581612	960000	13808078.6552667	960000	14778412.8281123
962500	2406458.55971738	962500	16739568.3740470	962500	22186390.9442413	962500	6642010.01756762	962500	9044224.91181820	962500	10593618.5957775	962500	11670492.2250423	962500	12609131.6898190	962500	14332959.8015368	962500	16178528.8479935
965000	2594813.08750480	965000	16346204.7815870	965000	21281048.8179254	965000	5480058.83571209	965000	8300580.47409074	965000	9542461.43657410	965000	10851357.9552562	965000	12895598.0196860	965000	13717245.2943627	965000	14935755.1832670
967500	2521024.62778416	967500	16529568.2181878	967500	21993330.5806063	967500	6248432.74791240	967500	8849141.83131766	967500	10424576.8726063	967500	11780907.3754682	967500	12880278.7591008	967500	14623234.0952526	967500	15345426.9813798
970000	2466155.75127292	970000	16152408.8994353	970000	21891989.7223966	970000	6002043.63099559	970000	8969563.84706374	970000	10349438.8280394	970000	11720047.0650522	970000	12753885.2777991	970000	13813436.4590967	970000	15299770.3427827
972500	3039411.10247199	972500	16016528.4182401	972500	22159680.8183312	972500	6257143.08451359	972500	9841293.31481448	972500	11189198.2414831	972500	12397875.6602183	972500	12337743.8571513	972500	15195324.3558722	972500	16471033.0506438
975000	2954047.06147186	975000	16313850.8050644	975000	21668496.9165344	975000	6398242.55523587	975000	8724955.94440665	975000	9881947.25054985	975000	11635006.3130596	975000	11760114.3457708	975000	14429078.1717692	975000	14933944.4326017
977500	2527833.51116647	977500	16641678.1226143	977500	21521478.6174578	977500	6708121.89564967	977500	8900755.85059567	977500	10359993.9084135	977500	11240910.3657245	977500	12663395.7899265	977500	14117990.9837595	977500	15309913.3629597
980000	3070569.86916178	980000	16138105.6680391	980000	21747132.5718944	980000	5656692.44434641	980000	9146987.92481561	980000	10445335.5771234	980000	12175847.0264978	980000	13138008.2319826	980000	13961740.1626316	980000	15036293.4114514
982500	2298586.24370420	982500	17948309.5169630	982500	21595202.0565040	982500	6196139.46490262	982500	8726509.40313903	982500	10200452.1968318	982500	11301871.3005536	982500	13120144.3762893	982500	14017347.0174012	982500	15345070.5334671
985000	1723466.12901256	985000	17384551.0954625	985000	20639660.6996780	985000	6000417.41372026	985000	8167202.81813549	985000	9443569.52190612	985000	10457449.4782476	985000	13888542.6638935	985000	13044591.8161997	985000	14408622.1452771
987500	2242560.92943989	987500	16321454.6415643	987500	21407105.1612349	987500	5991646.82148020	987500	8707746.94444038	987500	10204886.2070084		987500	11553042.8722011	987500	13821478.4274652	987500	15176391.4240277
990000	3398407.57010287	990000	16754488.5641019	990000	22542036.3123484	990000	6625771.96900637	990000	9129880.06519767	990000	10876538.0295087		990000	13415875.3946895	990000	14380185.5346244	990000	15950469.3680043
992500	2295565.52869311	992500	17409780.4779088	992500	21456199.1058884	992500	5744330.53028334	992500	8688434.52483734	992500	10370306.3542375			992500	13596467.6608931	
995000	3637476.39536916	995000	15885241.4836785	995000	22571628.6963924	995000	6689324.72084171	995000	9719592.04225798	995000	10544204.5339793			995000	14662616.5209092	
997500	2290404.27578161	997500	16963454.2779666	997500	21577360.5654382	997500	5065641.70375167	997500	8555916.30185164	997500	10177323.0390423			997500	13702245.1727413	
1000000	2928414.30892092	1000000	15791731.9410024	1000000	21987856.7294284	1000000	5686161.77932934	1000000	9131713.15162143	1000000	9961098.58489934			1000000	14140042.3834916	
