#	SIM_20_0.05_-0		#	SIM_20_0.05_-10		#	SIM_20_0.05_-15		#	SIM_20_0.05_-2		#	SIM_20_0.05_-4		#	SIM_20_0.05_-5		#	SIM_20_0.05_-6		#	SIM_20_0.05_-7		#	SIM_20_0.05_-8		#	SIM_20_0.05_-9	
1	6003236.92720216	1	19172294.1610772	1	25893112.1147930	1	8480855.05567263	1	11307129.0536587	1	12633110.5613389	1	13959095.4594690	1	15194036.5578174	1	16611075.4271244	1	17937070.4966734
2500	7306350.66844394	2500	16474312.2865375	2500	21546650.2617916	2500	7338005.95727216	2500	11899093.0695129	2500	12960193.6551377	2500	13963754.7669368	2500	13691828.2122160	2500	15917294.8175652	2500	16806648.8699150
5000	5594627.55652947	5000	15564627.5298736	5000	19485715.9343783	5000	9162809.72906673	5000	9983724.20748876	5000	11000172.1682220	5000	12036660.7863925	5000	12900717.7178928	5000	13921388.7035182	5000	14770073.7763649
7500	5488442.96570299	7500	16295488.7494116	7500	19570919.7894314	7500	8464168.70666788	7500	10219120.6354281	7500	11360944.5275911	7500	12412378.1489956	7500	13753894.5052114	7500	14070131.1484011	7500	14885459.2065206
10000	5956422.69130921	10000	16015175.1807254	10000	20198445.5984268	10000	7879091.49932894	10000	10606562.7507233	10000	11746944.4418507	10000	12729029.8234957	10000	13555705.5127548	10000	14616319.8732670	10000	15486961.2715842
12500	5384143.23276133	12500	15476061.8209285	12500	19536687.3392692	12500	8531546.62808309	12500	10216462.8959452	12500	11170082.3654293	12500	12097398.9637349	12500	12777258.0178495	12500	13835627.9220569	12500	14683273.2362731
15000	6370965.65787002	15000	15281634.2277868	15000	20047709.6768546	15000	8743827.40931706	15000	11249735.3936624	15000	12189053.5007980	15000	13167606.4744509	15000	12866744.5420620	15000	14714148.5385103	15000	15610953.7584897
17500	6462088.32345030	17500	16260534.4958443	17500	20160441.9436659	17500	7538685.95898674	17500	10848883.4934897	17500	11875364.5497810	17500	12743228.2479591	17500	13260363.4611124	17500	14598171.1363603	17500	15272374.4631076
20000	5988083.14131553	20000	15459236.7821535	20000	19651609.1711608	20000	8665659.52024328	20000	10544614.7711292	20000	11439242.1273700	20000	12736700.3553285	20000	13032125.8295334	20000	14256971.1508870	20000	15383368.7131810
22500	6841268.75612363	22500	16673619.5839331	22500	19917224.7304439	22500	9273881.86474673	22500	11234738.6718780	22500	12142830.9087112	22500	13271478.5385318	22500	13901467.4611400	22500	15066727.5865956	22500	15732180.3075098
25000	5721013.76417470	25000	15978571.0069150	25000	20073938.0134237	25000	7362835.61292355	25000	10529771.9896226	25000	11851654.6944014	25000	12698353.0981641	25000	13750857.8718927	25000	14239870.1373546	25000	14827090.0949921
27500	6526949.02263985	27500	14973105.5154018	27500	19596647.2521656	27500	7896767.29505191	27500	9864182.25022623	27500	10418720.5036585	27500	11919687.8943255	27500	11996253.1252967	27500	13927611.3066989	27500	14327299.8984972
30000	6538693.39474861	30000	16769189.1140080	30000	20125400.0835789	30000	7967015.23030860	30000	10879626.1944491	30000	11804974.5875767	30000	13394318.5048830	30000	14090602.1110163	30000	14253700.6419094	30000	15328577.2914490
32500	7509384.93434845	32500	16651512.9302433	32500	21072280.1519479	32500	7611814.42441264	32500	11801171.1331572	32500	13488232.8941785	32500	14116033.8794226	32500	14338974.2093669	32500	15922651.8580989	32500	16652109.6398151
35000	5164382.64807176	35000	15938057.0133075	35000	19157010.1024186	35000	7259715.66211386	35000	9673490.79654242	35000	10317548.9356679	35000	11640061.4579786	35000	13296835.4503891	35000	13474899.5308751	35000	13728872.5453450
37500	6795745.61008380	37500	16160624.6226260	37500	20692788.9180279	37500	8276030.11034029	37500	11292680.2109893	37500	12275585.4454040	37500	13137647.1208410	37500	12974182.6131659	37500	15315603.2207908	37500	15922994.2189230
40000	6101844.51061277	40000	16336056.2765991	40000	19194485.0630016	40000	8766771.26707076	40000	10655598.5015143	40000	11979370.1715649	40000	12265728.8841627	40000	13957710.3647626	40000	13865339.5427655	40000	14640390.7424152
42500	5833569.82852292	42500	15593723.8042424	42500	19737993.5185957	42500	8213285.61925836	42500	10562601.1742946	42500	11828102.1088522	42500	12500479.5439942	42500	13176996.9971411	42500	14312623.0299595	42500	15082420.3736516
45000	5876100.29748654	45000	14421512.8414541	45000	19658165.4940011	45000	9359036.32090275	45000	10392826.0037000	45000	11256260.0306397	45000	11804580.6421948	45000	11820230.8657676	45000	14036110.3530130	45000	14647868.5413491
47500	5098537.92681350	47500	15281056.0871562	47500	19471119.8403803	47500	8686905.62169350	47500	9460172.34348836	47500	11302696.3489453	47500	11977271.6099573	47500	13024145.0165619	47500	13764249.9812670	47500	14174453.3951237
50000	5166470.85534628	50000	15685440.6701427	50000	19363169.4548486	50000	7545231.73023970	50000	9600682.84889035	50000	11084888.3915037	50000	12258467.7540547	50000	13376861.7331200	50000	14154694.2667946	50000	14166026.7154866
52500	5807172.37414310	52500	15313273.7533858	52500	19050001.8879230	52500	8801787.87242296	52500	10151882.8925445	52500	11540938.6038940	52500	12164574.9588043	52500	12278545.4419691	52500	14495471.0314676	52500	15200481.7439157
55000	5580865.10157585	55000	15765421.6126643	55000	19727269.4968951	55000	7440584.43447060	55000	9812708.97386627	55000	11438909.8537185	55000	12316804.1456350	55000	13282138.7254375	55000	14818433.4261367	55000	14931642.3474015
57500	5376931.33419920	57500	15401131.8835370	57500	19006665.3843059	57500	8312299.40506493	57500	10140860.3011757	57500	11593028.8238287	57500	12832958.8641063	57500	12939453.1953812	57500	14244749.6822032	57500	15235239.4731533
60000	6657893.51383635	60000	17103034.8217780	60000	20039074.5538530	60000	8394581.82518988	60000	10190792.0723426	60000	11841841.8819257	60000	12775456.9374769	60000	14251089.7366833	60000	14423908.8135666	60000	15336614.6555929
62500	6270305.45237389	62500	15827724.7036568	62500	19462112.7232233	62500	7282834.12718948	62500	10825732.2752202	62500	11716889.0102409	62500	12874041.4301874	62500	13261029.1165815	62500	14423294.0946594	62500	14944566.7089371
65000	5756560.12701747	65000	15500442.3154742	65000	19169176.4811137	65000	6731693.19028495	65000	9671952.44680662	65000	11193660.8120278	65000	11525244.5550509	65000	13084689.3615732	65000	13626498.2777839	65000	14045657.1288126
67500	5249401.13660691	67500	16459810.4154270	67500	19185997.2476163	67500	7535374.35190191	67500	9819453.51337219	67500	10983974.6936284	67500	11513365.1039617	67500	14351946.2424983	67500	13805554.8968609	67500	13867592.6490520
70000	5886475.35880780	70000	15364593.8460697	70000	19202754.7766649	70000	6999346.85344408	70000	9995371.27283013	70000	10814203.0887462	70000	12215010.4792544	70000	12963648.4917454	70000	13902763.2346369	70000	14524231.2452598
72500	5278790.17007305	72500	16832384.7488712	72500	19383493.3065805	72500	7591257.20294866	72500	9312712.04999183	72500	10426044.3214882	72500	11291693.4222295	72500	13387011.5607464	72500	13394413.8699447	72500	14290145.3687503
75000	6743522.41438398	75000	14206916.9020693	75000	20425826.0222831	75000	8224665.08955755	75000	10555383.3441578	75000	11776163.6972931	75000	12608814.3768207	75000	11560790.5015690	75000	14120842.1810298	75000	15582280.0891809
77500	5734043.67750299	77500	14928728.6435992	77500	19476841.8397604	77500	7634272.67919278	77500	9619190.14553784	77500	11052577.8055205	77500	11646456.9761771	77500	11732760.4493975	77500	13955427.7257697	77500	15118308.7980297
80000	5047672.90823504	80000	15689577.8719431	80000	19048530.3715641	80000	9219459.58420558	80000	9052882.96870843	80000	10641843.2954261	80000	12289827.3188867	80000	12734371.0865454	80000	13321839.9308041	80000	15089533.7128833
82500	5986550.02645186	82500	15507389.1979968	82500	18550596.2192366	82500	9018108.36545801	82500	10399308.9776558	82500	11133265.1727330	82500	11903405.0724911	82500	13181071.4981345	82500	13746805.7072757	82500	14273323.4586830
85000	6276832.95303402	85000	15767871.3969878	85000	19306671.8582973	85000	8550569.41473602	85000	11071034.6421954	85000	11651449.9442151	85000	12604961.1651705	85000	13404516.3742724	85000	14258196.9033438	85000	15495002.2785836
87500	5036974.34533357	87500	16449407.9635658	87500	18278979.7979327	87500	8788631.65857453	87500	8999123.35989412	87500	10244932.1911415	87500	11250360.3606589	87500	13263883.0600994	87500	12933817.8190900	87500	14162414.2463873
90000	5675342.88280735	90000	15762714.5809799	90000	19735177.5378611	90000	7502528.85423791	90000	10154729.2094943	90000	11068650.8034097	90000	12464491.1640807	90000	12685253.6845115	90000	14117219.4605634	90000	15015504.3300524
92500	4654958.47004338	92500	16051704.6328059	92500	19082650.7598947	92500	8918466.37050083	92500	10062615.3796195	92500	10201516.2598102	92500	12143071.0279383	92500	13774684.2324246	92500	13095733.6908215	92500	14129733.8060099
95000	6406288.41880734	95000	16410837.5540015	95000	20195706.8954070	95000	8288877.34909703	95000	10351439.3216109	95000	11493423.2000740	95000	12095648.1019388	95000	13216375.6260727	95000	14425143.4867945	95000	15799044.2494510
97500	5659296.48059264	97500	15295507.2215704	97500	18768664.2833394	97500	8146512.45507381	97500	10004725.7948407	97500	10960244.4315662	97500	11416075.4705431	97500	13195205.3858013	97500	13058381.3220359	97500	14926604.8408294
100000	4809837.82608255	100000	16249724.8948746	100000	18808115.4095428	100000	7507478.59383240	100000	9639010.98350215	100000	10388996.7046492	100000	11110637.8709919	100000	13445900.1908384	100000	12226390.5576342	100000	14010198.9509419
102500	5433236.46487377	102500	15427766.3334029	102500	20012108.2892233	102500	7105243.82093075	102500	10700024.3959289	102500	11921399.7197069	102500	12434737.6368632	102500	12295586.4887515	102500	13994445.3942337	102500	15574408.4387934
105000	5511922.26154231	105000	15883303.9583540	105000	19251813.7395004	105000	6771988.01057621	105000	10017219.4978378	105000	10809100.7293958	105000	12122037.4172751	105000	13062285.3006119	105000	13475986.2753543	105000	15070542.4852683
107500	4592359.72950447	107500	15533225.3432134	107500	18794671.0226806	107500	7521837.49732040	107500	9068254.85895396	107500	10350302.0275699	107500	11731752.9530678	107500	13837086.0901325	107500	12852693.5511502	107500	14099429.2817040
110000	5173218.85256723	110000	13247896.2448862	110000	18857122.3976857	110000	8132107.90396021	110000	9499001.61314073	110000	10423278.2876613	110000	11640503.2507047	110000	11656669.8326321	110000	13431814.8549755	110000	14247092.8777137
112500	5673713.69006792	112500	15454745.9568551	112500	19714268.8347476	112500	8178216.41035767	112500	10236482.9534527	112500	11440074.4940737	112500	12901341.5950904	112500	12193059.2528079	112500	14595863.0761864	112500	15651793.6210695
115000	5857401.35349926	115000	16046424.2869551	115000	19869854.7798022	115000	8460794.25761733	115000	9799318.34545368	115000	11834118.5153952	115000	12073576.9722656	115000	13304607.5219939	115000	13567754.7337166	115000	15098219.1566594
117500	5560576.61931743	117500	14757448.4805446	117500	19276968.1075341	117500	7333836.16629073	117500	9743935.94798402	117500	10668475.6247238	117500	11797132.8436210	117500	11886188.1708134	117500	14154728.7560494	117500	15178396.2295626
120000	5762951.77357776	120000	16932723.4558274	120000	19789702.9392431	120000	9213233.51061167	120000	10127526.9072411	120000	11488673.5574191	120000	12100718.5434281	120000	13902451.8462636	120000	13817037.8547531	120000	15402880.0388917
122500	6497096.60267982	122500	16341746.3401123	122500	20031739.7974263	122500	8176715.97077875	122500	10429290.4606183	122500	11138318.4137739	122500	11940585.6922412	122500	14186902.2044864	122500	14317355.4593483	122500	14345580.7402981
125000	6314556.25603800	125000	15235172.4888110	125000	19311838.6724881	125000	7481699.67129313	125000	9935925.52054965	125000	10639219.3218585	125000	11674450.9408180	125000	13127100.5064792	125000	14305175.0862534	125000	14950413.4410683
127500	5052532.94924850	127500	15992532.8174290	127500	19507995.5381273	127500	7877262.28515169	127500	9108581.24189117	127500	10538340.2444569	127500	11756633.2632574	127500	12953031.9987135	127500	13287185.0976917	127500	14151712.2280806
130000	5869944.82375532	130000	15453129.3062519	130000	19683487.7456425	130000	8258889.37032999	130000	10571068.3827436	130000	11659971.6319939	130000	12555197.9376245	130000	13334214.7698789	130000	14651165.3502407	130000	15452504.4180281
132500	5463448.82513170	132500	15408504.5046377	132500	19374416.5111886	132500	8216406.61043190	132500	9324520.06264323	132500	10620514.1990599	132500	11773860.5022844	132500	12763834.6725586	132500	13602795.6941154	132500	14280277.7906900
135000	6952055.07707860	135000	15758893.7361635	135000	20323235.5782973	135000	8255056.15705117	135000	10594262.7715965	135000	11559411.0765498	135000	12897818.8967106	135000	13318842.1394951	135000	14158224.0528880	135000	15081552.2700184
137500	4887587.74307070	137500	16111665.5720316	137500	19415233.3331830	137500	8446933.64980152	137500	9557127.27189858	137500	10952172.4241617	137500	11528973.5726857	137500	13644819.7069266	137500	13581813.2862704	137500	13951722.0499833
140000	6165421.24258580	140000	15225590.6017154	140000	19844814.5114749	140000	7612227.85342179	140000	10354387.5809662	140000	11349121.3264072	140000	12566310.2163685	140000	12653970.2766089	140000	14223258.1289454	140000	15241053.9609643
142500	6211734.31593708	142500	14201384.0000853	142500	19388368.5006038	142500	7637184.43608964	142500	10292508.7788435	142500	11171739.6412758	142500	12504730.8508286	142500	11416819.9504110	142500	13668532.8245147	142500	14464163.0131769
145000	5855157.03086010	145000	16491995.2819093	145000	19545490.7649654	145000	8299341.77357328	145000	9752021.68803797	145000	11425425.0069265	145000	12461855.1256093	145000	12900323.7126263	145000	14230575.4394002	145000	15137207.9453536
147500	6001859.71173844	147500	15948153.9897985	147500	19333192.2671937	147500	8375651.30777687	147500	11019216.4898739	147500	11279796.8748427	147500	12676491.9229558	147500	13169060.1885211	147500	14757664.0674432	147500	15254316.5512793
150000	5696781.84501202	150000	14742726.5978544	150000	18335371.4510867	150000	7219664.63248449	150000	9635121.67783744	150000	11012505.5530252	150000	11114252.0822383	150000	11401296.2686265	150000	13699436.8042964	150000	14283888.4454399
152500	6700282.37503367	152500	15785270.3336702	152500	19553557.1248993	152500	7728968.32470230	152500	9800549.14319550	152500	11073593.7553457	152500	12873998.9758309	152500	13222071.4393929	152500	13566407.0125807	152500	15043213.7888714
155000	5614601.63172228	155000	14414033.8259042	155000	19272880.7941635	155000	7196107.87047058	155000	10903151.3111647	155000	11270887.2762995	155000	11831263.2306204	155000	12642433.3818014	155000	14307157.0362008	155000	14449507.9015021
157500	5891769.00928403	157500	16384719.3059005	157500	19417332.3455110	157500	7912579.95594754	157500	9658626.15667709	157500	11121301.7808231	157500	11790514.2056164	157500	13705074.8846391	157500	13650574.5148719	157500	14932430.6892414
160000	5393577.57554215	160000	15240569.0051512	160000	19915391.0587784	160000	7526969.63007236	160000	10120355.3615264	160000	10856231.0482923	160000	12147932.2638433	160000	13177067.9960802	160000	13650280.3657731	160000	14388333.2178809
162500	5886868.69717862	162500	15283469.9030185	162500	19666897.2413435	162500	8864814.53684078	162500	10231732.1706788	162500	10756332.1791898	162500	12459313.7890129	162500	12650498.1474933	162500	14595313.3236504	162500	15065307.8882509
165000	5104069.48389301	165000	15533270.2278718	165000	19305947.6437388	165000	8369362.39884939	165000	9488218.39724777	165000	10614731.3929785	165000	11688843.7455636	165000	12810398.8850649	165000	13120894.6581417	165000	15077628.1599394
167500	4721733.46270313	167500	16665144.6903056	167500	18503285.1398857	167500	7368080.98531014	167500	8384376.71089901	167500	10221418.8014256	167500	10863091.4757095	167500	13533947.9988073	167500	12621744.5927908	167500	13399952.2692627
170000	4998813.68533664	170000	15095284.1601608	170000	18863505.7902700	170000	7764038.28035306	170000	8842886.88754998	170000	9866546.23456683	170000	11328262.6019513	170000	12920336.6024474	170000	12970179.9836695	170000	14714754.5668048
172500	3971877.94795381	172500	14905761.1927721	172500	17970579.5945595	172500	7959865.01689926	172500	8256287.09009953	172500	9797040.62296882	172500	11229475.3068043	172500	12274486.5981700	172500	12615463.9860700	172500	13627259.7859305
175000	5614321.11114932	175000	16315109.6195510	175000	19222900.6362250	175000	6032389.18128992	175000	9776891.24249816	175000	11101540.8423143	175000	11270709.9000297	175000	13657194.0417407	175000	13547748.0236817	175000	14396153.0719335
177500	6619188.00923763	177500	15654659.5140195	177500	19764816.0878986	177500	7982195.46417061	177500	10496803.1899631	177500	11296493.7896879	177500	12313334.1100827	177500	14069774.5064418	177500	13786110.9953796	177500	14994005.9622851
180000	5325599.55215427	180000	15096878.8378465	180000	19249088.9010721	180000	7900688.37649751	180000	10090667.3753120	180000	11051706.1064064	180000	11477747.7847989	180000	12161663.1767737	180000	13786834.7429015	180000	15151517.3682380
182500	4533903.02796423	182500	15914840.6732635	182500	19259667.7251878	182500	7589161.61102412	182500	9328926.60914334	182500	10274333.7870838	182500	11732546.7511349	182500	12939595.9852041	182500	13888562.2652742	182500	14639007.0188642
185000	6138675.55069877	185000	16149214.8434386	185000	19975056.6465008	185000	6674045.95284386	185000	10481164.9487641	185000	11703485.1177991	185000	12489083.7994153	185000	13091165.6270369	185000	14612154.9621223	185000	15583606.6610269
187500	5737469.84198405	187500	15639448.4028507	187500	19546909.8677263	187500	9372614.80994073	187500	10532512.6445858	187500	11075288.5630703	187500	12332216.6346111	187500	13418742.9023155	187500	13164076.6037739	187500	14817019.0962487
190000	5485165.81325649	190000	15576773.8096941	190000	20033020.3516168	190000	8740818.53087112	190000	10276462.9357970	190000	11137960.4021789	190000	11180819.9870816	190000	13242329.2601460	190000	13679289.3294650	190000	14967581.9855663
192500	5694075.82432488	192500	15462611.0687465	192500	19985535.9582962	192500	7700496.38340343	192500	10490413.6977075	192500	11051379.3477895	192500	12403197.6599769	192500	12537861.4243572	192500	13892970.9277167	192500	14991127.7131146
195000	6523106.58482511	195000	15263502.8823554	195000	21000288.2400826	195000	7817870.34534086	195000	11743018.3667386	195000	12673523.7975341	195000	14215805.6279977	195000	12724921.6146595	195000	15269555.0327763	195000	16258577.5041648
197500	6076906.63499638	197500	15764043.2968610	197500	19884265.5314518	197500	8136708.95801061	197500	10136679.6993372	197500	11415038.8703277	197500	12118886.6638552	197500	13182519.7709657	197500	14252776.3703260	197500	15438650.3108245
200000	6420350.82872627	200000	15776074.2720301	200000	19838711.2313630	200000	8417738.09370387	200000	9890400.77176686	200000	11867184.6879091	200000	12723225.9054406	200000	12685975.1751839	200000	14674436.2788884	200000	14180013.3707453
202500	5850685.68773980	202500	14766283.9158843	202500	19018480.7923117	202500	8219252.83270787	202500	9913396.89840090	202500	11351650.5959545	202500	11617232.1294691	202500	12600619.8092385	202500	13662540.7557740	202500	14903003.1914602
205000	5256870.85661968	205000	15664330.6849601	205000	18781527.8360419	205000	7417996.68115096	205000	9725920.73313074	205000	10190604.7286520	205000	11347688.5552131	205000	13244459.8287826	205000	12993640.8322271	205000	13903156.3642247
207500	6315486.20725794	207500	14849871.2753355	207500	19584777.8072640	207500	7537926.73453335	207500	10847808.6345731	207500	11355233.3294467	207500	12640024.3838243	207500	12679004.6001701	207500	14434802.8991783	207500	15318511.0350281
210000	5724963.21812792	210000	16839072.1470999	210000	19391540.9585371	210000	8300424.88245825	210000	10233949.9550582	210000	11933446.4788515	210000	12094360.0201631	210000	14661495.4583070	210000	14289066.9265767	210000	14647036.2287748
212500	5738076.86450403	212500	16732624.8212704	212500	19259881.0145858	212500	7389930.16403251	212500	10104048.6611107	212500	11287440.4660073	212500	12438061.9504838	212500	13189968.8964782	212500	13992093.8163448	212500	14311448.8436064
215000	5458004.04447985	215000	15148639.8193767	215000	18659983.3480155	215000	8554548.32369309	215000	9855249.31728904	215000	10911178.9091881	215000	12105852.6607264	215000	12731090.1175527	215000	13784044.1154021	215000	13733696.2700809
217500	5700396.91333326	217500	15933776.0294113	217500	19659988.6629382	217500	7462325.58296115	217500	10281008.2214574	217500	11087314.8153337	217500	12089454.8217417	217500	13218480.2208134	217500	14446224.6521358	217500	15067097.1778568
220000	5501300.65137510	220000	15487339.1173158	220000	19382609.8881755	220000	8115891.16528240	220000	10051982.2148890	220000	11152839.6607585	220000	12455823.8893952	220000	13178749.6537834	220000	14081008.4760225	220000	14921107.7591245
222500	5220785.60948196	222500	15250209.3976252	222500	19219154.2391925	222500	8273177.29516009	222500	9622235.09791992	222500	10917910.4868661	222500	11913260.3992681	222500	13472376.6524399	222500	14107914.9882058	222500	14690482.7944190
225000	5326544.53341511	225000	15760807.9546468	225000	19358928.4566645	225000	8281818.12258078	225000	10525568.9659375	225000	10697508.3533926	225000	11896427.6104166	225000	13430218.5415803	225000	13791225.7553136	225000	14977450.3700079
227500	5436409.63885550	227500	15834699.3677910	227500	19327832.4522945	227500	9228960.17205454	227500	10438826.8317801	227500	11191609.5917543	227500	12579428.0602125	227500	13737785.9065021	227500	14114269.9577874	227500	14805218.8668394
230000	5723414.67033730	230000	15507346.2538840	230000	19596250.0401083	230000	8190004.46200950	230000	11069735.4658640	230000	10734693.2612247	230000	12395098.0401458	230000	13051184.1125297	230000	14625155.6650056	230000	14434609.2598829
232500	4341979.86071264	232500	14463923.8969598	232500	18589976.4000735	232500	8207179.37416638	232500	9197322.99726942	232500	10963247.2536803	232500	11703027.2654857	232500	12227559.7496774	232500	13519189.7295459	232500	13759804.3015251
235000	5825602.27228701	235000	16950411.0133988	235000	19919163.3937150	235000	7713784.64862380	235000	10193583.5786510	235000	11528284.1662374	235000	12295492.3132452	235000	13570549.1582500	235000	14832575.2260702	235000	15749701.1936064
237500	5851261.87873853	237500	14454534.5255184	237500	20403826.2438451	237500	7925212.77855917	237500	10415991.5763825	237500	11485952.1862067	237500	13117136.6339386	237500	11585649.6839971	237500	14370247.9556919	237500	15135305.6636297
240000	5202196.29482061	240000	15736759.6605897	240000	19693265.6541712	240000	7971265.17409704	240000	10374642.4087925	240000	11088268.6876579	240000	11914829.8131815	240000	12467819.1794799	240000	13983418.4125043	240000	14697222.0390018
242500	5876408.71629909	242500	16108344.2238407	242500	19371754.4210187	242500	9139628.55286982	242500	10091325.2306726	242500	11188242.4758713	242500	11570835.0653772	242500	12522879.4461671	242500	14046836.1814376	242500	14569721.8335074
245000	7152732.79706856	245000	15191490.8687438	245000	20295422.1083934	245000	7668540.37032843	245000	11056320.5024617	245000	12198967.6580729	245000	13733664.4187813	245000	13007149.3997440	245000	14969859.0744539	245000	16020941.8690153
247500	5898197.11421540	247500	16234827.8184800	247500	19141452.0397209	247500	8198342.14159252	247500	9744863.88874868	247500	10772417.9299586	247500	12002343.9458014	247500	12470457.8893966	247500	14279717.8448570	247500	15031819.5961211
250000	6434546.44881561	250000	15980582.7484610	250000	19760325.7111265	250000	10383953.8259548	250000	11301104.1318749	250000	12121522.5511947	250000	12847236.4871311	250000	13745846.3445986	250000	14710315.5330382	250000	15603946.9558454
252500	5558039.03512024	252500	15504030.4961129	252500	19289076.8377335	252500	7925021.95646679	252500	10767365.8697467	252500	11440308.9189752	252500	12619388.2000965	252500	13038896.5333075	252500	14050811.8024669	252500	15071590.5795952
255000	4678811.86660086	255000	16000307.2809600	255000	18747508.6989812	255000	8053170.21115815	255000	9438248.17430413	255000	10727225.1260237	255000	11668627.0915660	255000	13279974.6400447	255000	13129457.7590097	255000	14841840.2249068
257500	5936978.04450800	257500	15206610.5670483	257500	20461408.7762768	257500	8131493.05239325	257500	10511199.1303829	257500	11898606.0072397	257500	12932131.2305709	257500	13123991.2317065	257500	14520845.8492664	257500	15328189.0761468
260000	6158578.18803838	260000	16115593.0964082	260000	19191668.7720129	260000	8584950.73713803	260000	10459356.4263316	260000	11709556.2834607	260000	12639024.8360618	260000	12941191.3101934	260000	14249886.1123837	260000	15862705.7658576
262500	5718960.81304491	262500	15931670.6037080	262500	19171890.2279688	262500	8106054.65153860	262500	9492789.66521096	262500	11257647.8974352	262500	11669952.2053700	262500	13909721.5666450	262500	14351981.9913487	262500	14254693.2828167
265000	5633985.17699724	265000	15522941.3272115	265000	18531153.6573875	265000	7838300.94110906	265000	9944179.34691254	265000	11071124.0943378	265000	11964783.6370114	265000	13722734.8797948	265000	13876771.7718664	265000	14268828.1327915
267500	6571770.02003610	267500	15597961.1286610	267500	20244926.0407821	267500	8679212.47318869	267500	10732486.3092035	267500	12193770.5426838	267500	12918881.6316170	267500	13312301.8971310	267500	14081585.5774632	267500	15632651.8891833
270000	5801674.30415319	270000	14905515.1050645	270000	19026471.1707024	270000	7912276.89427856	270000	10854848.2151882	270000	11937801.2032799	270000	12656916.1619230	270000	11693117.7528296	270000	13788270.9163077	270000	15211494.6848096
272500	6328575.08323282	272500	15886831.6450789	272500	20927027.8082614	272500	8144971.24865836	272500	11010720.8808524	272500	12599864.5923407	272500	13415115.3225875	272500	13032015.6076689	272500	15274840.1389617	272500	16356353.6426482
275000	5495644.85442533	275000	15864974.2388085	275000	19042804.5859759	275000	8655335.14390474	275000	9745681.31175989	275000	10588219.7150742	275000	11418898.1553942	275000	12911196.5350865	275000	13493238.6808314	275000	14760683.3696536
277500	5825037.47526309	277500	16102033.2538133	277500	19492261.3654989	277500	7979126.06188619	277500	10040485.3705021	277500	11492835.7333664	277500	11921267.0832609	277500	13124344.1338540	277500	14247232.0318020	277500	14420651.8603144
280000	5312979.25764395	280000	15937044.5440460	280000	19583294.5347531	280000	6792120.96875673	280000	10128754.3973664	280000	11592227.7007898	280000	12385971.9660580	280000	13766576.6555459	280000	13940983.9775887	280000	15202908.8484957
282500	4398564.29160182	282500	15065233.1586363	282500	18243336.9231348	282500	8373576.64293947	282500	9127164.67360796	282500	10663194.1018486	282500	11368531.6192027	282500	13045477.0531443	282500	12899178.8614176	282500	13940847.1842563
285000	5925943.33966829	285000	16127494.3752711	285000	19327048.9987713	285000	9187974.17504552	285000	10360920.5595922	285000	10874835.6800523	285000	11706269.7230414	285000	13632811.2931409	285000	13575181.5546168	285000	14825581.5529280
287500	6562649.36163380	287500	15020540.9335639	287500	19258141.6884716	287500	8271399.69620410	287500	10584169.7591236	287500	11253114.1465436	287500	12806676.8534051	287500	12478495.3189561	287500	13786113.0096150	287500	15873327.7870554
290000	7222435.38459684	290000	15364242.4179078	290000	19908408.5624121	290000	6934532.89871868	290000	11137887.8685839	290000	12392439.6736676	290000	13699774.4110234	290000	12745693.2083817	290000	15216360.3988205	290000	15812385.7449940
292500	4697539.29837877	292500	15373930.2143324	292500	18138429.7810401	292500	7944118.41547969	292500	9172545.52340680	292500	9993538.35448010	292500	11687112.8208009	292500	13367595.9352553	292500	13120851.1354604	292500	13853639.6996134
295000	6331158.76806169	295000	15922634.5106835	295000	20553239.5311010	295000	8542324.11852663	295000	11535265.2688040	295000	12481577.9013196	295000	12800807.8164515	295000	13704537.8487978	295000	14313594.3760727	295000	15995102.1519360
297500	5262609.34192536	297500	15591028.7365545	297500	19507329.8123924	297500	8878700.58612222	297500	10254061.9994747	297500	10634203.8732356	297500	12429117.7423348	297500	12787917.3094270	297500	13914499.4009532	297500	14431377.3528844
300000	7395059.53367512	300000	16913386.8545865	300000	20744275.3850842	300000	8382115.81478556	300000	11301730.9639963	300000	13055500.3738840	300000	12971988.2143461	300000	13813745.7649086	300000	15365350.2258917	300000	16262074.3365472
302500	5078975.55163566	302500	14926745.9784671	302500	18775651.5994770	302500	7873151.39962915	302500	9546432.24904542	302500	10732897.8551082	302500	11183043.0913111	302500	12684380.8277653	302500	13216478.9799191	302500	14216910.3123505
305000	5746765.82335973	305000	14306507.8590822	305000	20243700.0155545	305000	8759624.50328484	305000	11269398.7115036	305000	12091637.2833045	305000	12829337.5285291	305000	12428688.7530263	305000	14204835.6600601	305000	16124227.3681562
307500	5932404.29346590	307500	14728584.4451150	307500	19757256.7166074	307500	7211121.03346195	307500	10344579.7910263	307500	11357762.7281425	307500	13019416.5506543	307500	13170318.4688562	307500	14230901.3169163	307500	14786159.8043162
310000	5600895.13767856	310000	14574892.3827047	310000	19026903.6177833	310000	8094282.36719627	310000	9280415.50235508	310000	10927022.6190658	310000	12194430.7138324	310000	12141327.5597596	310000	14232113.3159515	310000	14247352.4312662
312500	5824369.87906141	312500	15323433.3030054	312500	19420238.3210826	312500	8136902.92632013	312500	10554017.9824911	312500	11204992.3045503	312500	12186265.1148012	312500	12480128.2759084	312500	13822405.8801197	312500	15254670.0222263
315000	6466401.84840543	315000	14982747.1216053	315000	20243404.1170995	315000	7886009.48069338	315000	11088011.1588131	315000	11846826.7096547	315000	13310093.5162077	315000	13156895.7377604	315000	14703090.4926395	315000	15614252.3511766
317500	5078099.30307983	317500	15405809.1854506	317500	19629211.1312934	317500	8192331.26307267	317500	9507619.68537975	317500	11260421.0973628	317500	11846043.3104238	317500	13346450.4091041	317500	13383904.3447970	317500	14036716.0199369
320000	6199880.25314825	320000	14776566.3621014	320000	19983757.1871323	320000	7647811.50184794	320000	9640039.58960794	320000	11461519.9235764	320000	12137996.0306919	320000	12692316.4903568	320000	14461514.2354709	320000	15103831.0930279
322500	6189986.60878095	322500	16210730.2952344	322500	20375298.1396750	322500	7094670.33668846	322500	10907799.7763553	322500	11690556.1684185	322500	13133732.6950831	322500	13141141.3410196	322500	14676208.4669285	322500	15699225.9371404
325000	5705403.32501768	325000	15584880.3803088	325000	19825506.7632699	325000	7587488.93982797	325000	9997151.77019158	325000	10879289.0435750	325000	12193774.5370496	325000	13209163.8289453	325000	14217195.2368027	325000	14658281.5925213
327500	5307854.60512053	327500	16544724.8668482	327500	19216551.4867417	327500	6895767.10318504	327500	10095951.5321044	327500	10964330.5113511	327500	11710254.3872640	327500	12978254.4241669	327500	14548830.2724610	327500	14058748.3646268
330000	6226745.99476387	330000	16701077.2324203	330000	19568908.9749927	330000	8860092.73789865	330000	10218003.8973539	330000	11681041.7938228	330000	12417715.4091593	330000	13634891.6972883	330000	14121552.8900553	330000	14730677.9693128
332500	6149510.37361188	332500	15250736.6190643	332500	19614521.1410556	332500	8024947.25694157	332500	9670644.58364511	332500	10912557.2013828	332500	12390346.3409189	332500	12302449.0803275	332500	14041947.4278879	332500	14814063.4816021
335000	5375806.06422172	335000	15637873.3847340	335000	18956735.2177341	335000	8074196.82642002	335000	9151462.63974432	335000	10488762.5115986	335000	11634325.9680414	335000	13137263.6033418	335000	13410942.3753716	335000	14733765.2206515
337500	5453086.74678662	337500	14428103.7749649	337500	19125626.9817091	337500	7316349.96989299	337500	10366471.2443055	337500	11003258.2256242	337500	12295151.2723719	337500	11185391.6807472	337500	13817697.3165925	337500	14687184.0143748
340000	4102048.73561979	340000	15174883.4945325	340000	17983188.7018975	340000	8387116.82703751	340000	8818109.09807924	340000	9244648.79747837	340000	10948266.5585087	340000	12742699.4642194	340000	12700166.8183820	340000	13296505.6755151
342500	5727540.84972622	342500	15257178.2675439	342500	19972670.2238335	342500	7951638.74438580	342500	10623531.0619003	342500	11256537.4121178	342500	12238106.6136851	342500	12690520.9614742	342500	14300413.8997675	342500	14998085.3160245
345000	6236821.37127843	345000	16650947.6645304	345000	20237922.3102094	345000	6587634.93734593	345000	10807461.6820958	345000	11331299.0840522	345000	12917465.1057458	345000	13725999.8566935	345000	14856224.4301561	345000	15503909.2012960
347500	5810736.41395541	347500	16596388.2876639	347500	19583757.5912843	347500	7791251.01203066	347500	10244759.7020714	347500	10459461.1399204	347500	12009753.3316774	347500	14073943.8035605	347500	14570532.4380076	347500	15018679.6669815
350000	5774164.11591766	350000	16586880.7302190	350000	19440409.6998462	350000	8638878.32057210	350000	9847239.37918737	350000	10606716.5977922	350000	11952613.2084793	350000	13928060.5152497	350000	13811376.0448064	350000	14899072.4356637
352500	4998026.32916596	352500	15313548.6162076	352500	19271497.1506823	352500	8191564.48032994	352500	9812880.90825657	352500	11164179.5463617	352500	12046822.6726983	352500	12928731.2970435	352500	14259115.9802283	352500	15110232.2872286
355000	6076802.99042893	355000	16475339.8783509	355000	20305706.1762562	355000	7575469.56632773	355000	10634358.8988219	355000	11759472.8769087	355000	13281000.7288748	355000	14049314.0727465	355000	14524740.5495342	355000	14856402.0781635
357500	5307923.34889383	357500	16083326.4623163	357500	19239085.0719747	357500	9576277.61289101	357500	10258853.4131434	357500	10386607.0586971	357500	12309166.4184244	357500	13083380.5742484	357500	13030718.4654883	357500	14337166.0570413
360000	5617104.58246285	360000	15944762.5192309	360000	18816914.8865233	360000	8861144.44797389	360000	9978143.24224641	360000	9913206.76464835	360000	11344851.2532505	360000	13281105.1489972	360000	13505192.1311906	360000	14233577.3060117
362500	4853329.01015246	362500	15822106.7447719	362500	19036108.1592860	362500	8211315.36338870	362500	9719749.99884967	362500	10379237.5762369	362500	11942660.1379964	362500	13271481.3720605	362500	13126431.9616495	362500	13943544.4756268
365000	5191161.90918043	365000	15797959.3244147	365000	19681571.0128506	365000	7875556.63781450	365000	9554067.17298869	365000	10605390.5109558	365000	12721087.4317066	365000	12735414.2775537	365000	14110136.4507289	365000	15022575.8023409
367500	5121197.60993274	367500	16335599.8984702	367500	19539915.8492165	367500	7572946.05879664	367500	10506063.9189495	367500	11658939.9614898	367500	12477226.2216666	367500	13256368.3648669	367500	14409853.0343298	367500	14977006.4571952
370000	5602775.92993042	370000	15723850.2894788	370000	19690375.9012137	370000	8935954.01742351	370000	10602101.8456313	370000	11704917.9764790	370000	12914489.0969494	370000	12737874.0533875	370000	14006070.4925022	370000	14799956.6849520
372500	3995514.72323412	372500	16444713.0486516	372500	18117424.6675060	372500	7750325.12446925	372500	9031604.43405075	372500	9918582.65704153	372500	11232395.2539510	372500	13350430.1420026	372500	12927391.8476876	372500	13204372.3521801
375000	5860621.40859212	375000	17845494.1131026	375000	19432622.5271486	375000	8505005.26069324	375000	10715133.4610447	375000	11529798.0585369	375000	13108406.7840847	375000	14225750.8907524	375000	13401524.4628051	375000	14584799.0777492
377500	5598418.05053005	377500	15476396.2824394	377500	19329538.4293127	377500	7024078.59961667	377500	9785530.64880392	377500	11411076.4496646	377500	12175940.4725814	377500	13861052.5018853	377500	14345050.3779900	377500	14368658.8812267
380000	4824283.91498284	380000	15810533.9464740	380000	19025966.0427572	380000	8117221.23924709	380000	9943192.84411201	380000	10404592.5283922	380000	11246509.9913098	380000	13345042.1881636	380000	13799655.6746209	380000	13914400.6294568
382500	5178622.77420610	382500	15689945.9581230	382500	19085322.4529453	382500	7714705.76216762	382500	10175117.0138034	382500	11217323.3457272	382500	11933651.2520323	382500	12211958.2761325	382500	14260544.7223828	382500	14783214.5907478
385000	5611916.73839201	385000	14493920.9366989	385000	19470215.5314838	385000	8675248.41381284	385000	9923924.67030940	385000	10229609.0129543	385000	11893542.8992820	385000	12765710.0316133	385000	13529501.2211732	385000	15132021.1175790
387500	5101693.97553015	387500	14473032.7405504	387500	18942649.6205020	387500	7870252.20734620	387500	9245853.00648910	387500	10814799.1335060	387500	11587561.6219472	387500	11779494.5066474	387500	12831838.4266559	387500	13554870.6586804
390000	6075376.87200311	390000	15795141.9096143	390000	19328065.6368922	390000	7599361.70598899	390000	10555606.3937278	390000	11378365.3979326	390000	12595603.4207674	390000	13569454.6567481	390000	14332085.1019588	390000	15245416.7469524
392500	4776914.70340379	392500	15692741.1262692	392500	18803569.5327109	392500	8333180.28731703	392500	9126620.93412115	392500	11228788.5447952	392500	11398841.3961179	392500	13013080.2127361	392500	13714947.3235460	392500	14150722.3085030
395000	5917458.79150504	395000	16702386.5809969	395000	19867097.7111326	395000	8167000.15880114	395000	10284292.7536940	395000	11710125.5045328	395000	12862998.3855340	395000	13469896.0350911	395000	14644681.0022942	395000	15963207.9547816
397500	5360971.48100055	397500	15986792.3338949	397500	19674113.6894625	397500	7998087.55357335	397500	10157142.7607557	397500	11147281.4121387	397500	11858027.9986020	397500	13112668.0730596	397500	14126550.2425121	397500	14842469.7260625
400000	5385830.76568526	400000	16247537.7733042	400000	19005768.8030700	400000	8401007.06017809	400000	9539998.09237383	400000	10719928.5688593	400000	12386813.5512666	400000	13950970.8781279	400000	13350803.8969427	400000	14793219.5254972
402500	4251986.03683010	402500	16012181.3233555	402500	18526086.7025056	402500	8248815.15196065	402500	9585137.21953114	402500	10080427.7932260	402500	11165916.7907541	402500	13375833.0792271	402500	13121684.5504175	402500	13985232.0216263
405000	6399741.34861690	405000	14690420.1069642	405000	19343118.2287872	405000	8985448.39975766	405000	10628460.4724363	405000	12047683.3751986	405000	12753178.6595842	405000	11888689.3377236	405000	14525127.1035485	405000	15316312.5163020
407500	6811214.75647636	407500	15378956.9566344	407500	20524763.2037420	407500	8484613.13418008	407500	11683437.6212164	407500	12115841.5627325	407500	13444206.4236293	407500	12745452.5163522	407500	14891742.7723539	407500	16290911.4736524
410000	4691755.61981548	410000	16111492.6197928	410000	18347270.3097200	410000	8813265.47735342	410000	10968333.2608617	410000	10572017.3790557	410000	11832706.0714180	410000	13236486.2648765	410000	13111838.8899958	410000	14152229.2225406
412500	6253945.65440749	412500	15517681.7164824	412500	20318181.8197114	412500	7842760.93875091	412500	10430195.4586389	412500	11787822.0815897	412500	12810861.7995016	412500	12903509.1910185	412500	14622354.6832429	412500	15606002.8417272
415000	5572162.44182522	415000	17561851.3446014	415000	19637882.5222769	415000	7546937.55568505	415000	9919113.01447352	415000	11091593.5561137	415000	11870555.5997706	415000	14816742.4237400	415000	14173646.0850362	415000	14735690.6772802
417500	5919669.81168862	417500	16633694.6541993	417500	20332903.8621478	417500	8281197.84894700	417500	10852741.5406600	417500	12065888.9515590	417500	12704224.5509040	417500	14208545.9432021	417500	14596975.0711126	417500	15945814.5669980
420000	5827309.92606926	420000	15892628.8598876	420000	19501013.3954534	420000	8708960.57980158	420000	11000602.4812272	420000	11721232.2038407	420000	12220084.2009232	420000	13447911.8845531	420000	14392540.4062817	420000	15447223.8792974
422500	5371489.79500494	422500	16478647.9941762	422500	19780092.5168876	422500	8574214.57147061	422500	10357187.0490766	422500	11683896.8124336	422500	12180040.0937382	422500	13541523.7052238	422500	14079759.5111305	422500	14775043.4736672
425000	6783462.00897190	425000	15427940.8994748	425000	19218125.6827330	425000	8058548.68819864	425000	9591643.57684729	425000	11471581.7486413	425000	12152969.6161801	425000	12694193.7683528	425000	14080263.6558359	425000	15221501.6888972
427500	4270193.24434329	427500	15580102.8684249	427500	18175592.7933593	427500	8790967.14514234	427500	8650114.68468660	427500	9780219.07172768	427500	11540882.3363396	427500	13214857.4744967	427500	12960901.5882911	427500	13869010.5288685
430000	3829985.17481524	430000	16415628.3355384	430000	18835336.5111902	430000	7606042.61877244	430000	9772011.79827902	430000	9833028.15911664	430000	11698141.8128236	430000	13770207.2697713	430000	13505762.3318827	430000	13704445.2918654
432500	5313623.72526492	432500	15901268.3577142	432500	19386610.7296583	432500	7392340.81090065	432500	9955198.87095979	432500	11445785.3875734	432500	12553276.3983852	432500	12950619.1460763	432500	13742343.4615378	432500	14364601.5055495
435000	6607695.73224941	435000	15863670.8223878	435000	19760157.3305353	435000	7233715.76741148	435000	10541884.4054042	435000	11233709.5889192	435000	12535647.8085657	435000	13120737.5226958	435000	14605681.5150372	435000	15031329.1015274
437500	4954907.33999486	437500	16720114.5572693	437500	18917239.0335804	437500	9077359.49442762	437500	9636526.96425689	437500	10731745.0933445	437500	12404481.5020783	437500	12536823.8447993	437500	13636866.8883426	437500	14642963.8731534
440000	4887632.17495143	440000	16833353.3349307	440000	19345052.2382089	440000	7460062.80780551	440000	9691034.01491327	440000	11403946.1845843	440000	11720992.2195129	440000	13330713.4390917	440000	13550266.6594842	440000	14285839.1869304
442500	5921514.18607062	442500	15172604.8804986	442500	19528805.8734561	442500	8151804.32766047	442500	10328221.5902332	442500	11042955.5925845	442500	11973186.7773867	442500	12121767.7355274	442500	14679986.2148771	442500	15056866.0112544
445000	4381867.18447779	445000	14888403.1969271	445000	18359202.5230816	445000	7497312.22501357	445000	8952778.56447382	445000	10560663.0234559	445000	11566314.3743652	445000	13015196.3340866	445000	13271627.3107539	445000	13576804.4273647
447500	5515973.76305224	447500	15529417.5612390	447500	19710088.3011749	447500	6937899.25335165	447500	10816569.8313839	447500	11770410.0294576	447500	12106819.1538879	447500	13285290.1617229	447500	13819685.9129021	447500	14518590.3910399
450000	5894218.51362230	450000	15714729.5590886	450000	20198006.9625514	450000	7340711.90955765	450000	10476948.2536167	450000	11336103.4907426	450000	12402943.3246696	450000	13466447.8025527	450000	14756670.5561439	450000	15503170.3668784
452500	5901841.02279070	452500	16505932.7703361	452500	19451932.3782749	452500	7353031.15683565	452500	10740534.9750805	452500	11453884.9713874	452500	12752348.3281804	452500	13320146.1831921	452500	15025625.8779597	452500	15575722.4608940
455000	7215833.80876161	455000	14467781.3014220	455000	20252800.6057418	455000	7588425.85444811	455000	11563291.0698567	455000	12359119.7527171	455000	13349493.2393482	455000	11317013.4116277	455000	15043653.6802547	455000	16715267.1952021
457500	5768881.29591866	457500	16206856.2321733	457500	19139669.0423821	457500	8317228.87806296	457500	9908318.05243830	457500	11344822.9575938	457500	12825804.2821918	457500	13538016.4440131	457500	13377921.8574473	457500	14645616.9581842
460000	5409661.36350923	460000	16162350.6115776	460000	19565918.4645768	460000	8784510.41019942	460000	10547906.6437658	460000	11248940.4468601	460000	12115766.2362117	460000	13547902.2522950	460000	14001234.8351329	460000	15194207.0482883
462500	5291951.96779244	462500	15412354.8779790	462500	19390562.1852535	462500	8062022.94331858	462500	10170401.6341190	462500	10834678.0533496	462500	12712593.6541117	462500	13398254.8268066	462500	14070899.4892852	462500	14963613.6913742
465000	4496666.90777896	465000	15924293.4725050	465000	18622786.7619295	465000	8735666.18802004	465000	9445982.57513556	465000	10633895.1263455	465000	11367739.0509095	465000	13275804.3698975	465000	13585995.6071431	465000	14352001.7878999
467500	4942578.33787853	467500	14860948.1805711	467500	18774891.8385046	467500	7923185.91248040	467500	10065840.3974868	467500	10459182.5428485	467500	11147043.1045492	467500	12493158.6095415	467500	13461821.1892861	467500	14408491.6935683
470000	5724939.16506990	470000	13484427.3563704	470000	19713164.9627120	470000	8072469.55125792	470000	10074356.2992624	470000	11332152.2952479	470000	11691121.0656366	470000	11651345.8581780	470000	14393057.4242595	470000	14938753.5886520
472500	5603987.40862156	472500	16756271.2688423	472500	19033573.0061642	472500	9689018.56576349	472500	9430433.17756878	472500	11331156.4049457	472500	12196752.5480048	472500	14330049.9143190	472500	13961376.8202581	472500	14838806.4672110
475000	5453185.05648918	475000	16707221.5560689	475000	18669394.6566242	475000	7923794.87674310	475000	9578042.17750390	475000	10547425.3327792	475000	12018940.1823758	475000	13894900.3201180	475000	13561436.0811708	475000	14026101.6277089
477500	6234608.13396832	477500	16163742.6333627	477500	20459035.7621899	477500	8694973.40377396	477500	11449300.4546254	477500	11851528.4461803	477500	13007435.9847283	477500	13213808.0013036	477500	14860258.5358225	477500	15483883.2563424
480000	6440636.21135817	480000	16386811.5059968	480000	20303768.6382290	480000	8160646.40031600	480000	10533001.0937806	480000	12636471.3284524	480000	12958648.4220106	480000	14334072.7751124	480000	15492363.8478915	480000	15447053.5114379
482500	5530930.91284563	482500	17336377.2366943	482500	19391387.2636975	482500	8237011.92890604	482500	10553783.2122808	482500	12666289.1141154	482500	12321049.6144662	482500	14917204.4525960	482500	14138873.6524441	482500	14827584.2302639
485000	5268624.82402870	485000	15460583.4328886	485000	19798202.1265254	485000	7470577.58515894	485000	10410434.4494001	485000	11161526.1293120	485000	12221392.4272703	485000	13204226.9604756	485000	13744764.5348308	485000	14884726.1049381
487500	5755830.68309737	487500	15328344.0646526	487500	19888409.4929793	487500	7614124.30178097	487500	11895278.8369714	487500	12519796.9413223	487500	13805925.7042340	487500	13076355.7391305	487500	14843847.1355389	487500	15588139.6616329
490000	5382294.78739027	490000	16265233.6891220	490000	19238357.6483065	490000	8890974.87135732	490000	9996366.94573321	490000	11577769.3359562	490000	12351822.5874640	490000	13095745.0086010	490000	14446640.2835087	490000	14855021.9684105
492500	6603297.97082162	492500	15397089.7639973	492500	20002294.0564668	492500	8454906.16585761	492500	11293208.2587927	492500	11422765.0977457	492500	13000706.3546321	492500	12373927.2924707	492500	15174307.1741790	492500	15750224.8391287
495000	6852960.60196180	495000	14513625.4663827	495000	20401016.7364942	495000	7528703.94896897	495000	11167459.5139771	495000	12256366.8105407	495000	13009927.7926850	495000	11732271.4866140	495000	14705647.3288191	495000	16138827.9310704
497500	5259709.71873783	497500	16399711.4645872	497500	20000633.2832476	497500	7358698.68678148	497500	10607888.4159852	497500	11460980.2140758	497500	12374073.1025167	497500	13242401.3114435	497500	14202087.5721082	497500	15147549.2177305
500000	4204532.86438842	500000	15009081.9222989	500000	19110730.1942072	500000	7984899.81679058	500000	9084439.38400688	500000	10083726.1142107	500000	11063550.1845893	500000	12900271.3576281	500000	12982715.2401141	500000	14183518.6640787
502500	5513167.91362882	502500	16449309.6829227	502500	19204905.7996476	502500	8301854.52053702	502500	9514823.87602156	502500	10686333.0188671	502500	12188779.7847135	502500	13364850.7403819	502500	13653816.3530184	502500	14501031.5947237
505000	4981348.72888523	505000	15914949.9101872	505000	19163455.6611820	505000	8706326.48704955	505000	9304592.64674379	505000	10569371.0977589	505000	11655003.3863418	505000	13686782.9956375	505000	14100448.4100635	505000	14430781.3252886
507500	5906932.46800862	507500	14929057.5627734	507500	19718995.0534384	507500	9269413.14232680	507500	10701972.2817247	507500	12502990.0662826	507500	12575520.0769032	507500	12836702.5927877	507500	14785442.0190760	507500	14825145.0455904
510000	5007001.24338677	510000	15203490.5190196	510000	19176049.6866020	510000	7216125.83371578	510000	9867695.57560463	510000	10965811.9431259	510000	11198622.9235358	510000	12618240.5058975	510000	13718763.0000776	510000	14406364.0084823
512500	6215393.33745872	512500	17244703.9086862	512500	20301337.9253320	512500	7623905.00414220	512500	10943788.7708097	512500	12041737.8548579	512500	13266297.1730412	512500	14612983.1688931	512500	15240919.5474060	512500	15906882.7582045
515000	4692298.10169656	515000	16582262.4985701	515000	18582151.2163763	515000	8882209.50462616	515000	9000940.32815043	515000	10274108.3196360	515000	10989536.5306389	515000	13764065.4942143	515000	13726307.8783798	515000	14900668.3720838
517500	5466704.84567635	517500	14459310.8260538	517500	19586113.9776995	517500	7638133.25694460	517500	10207770.6266444	517500	10632646.3533155	517500	12426981.8138896	517500	12210353.1778790	517500	13470505.0220544	517500	14832111.7356076
520000	5406309.04641734	520000	15871453.0449768	520000	19079235.1214043	520000	7711780.54686506	520000	9396691.86440495	520000	10161793.2037701	520000	11475295.1654504	520000	13480571.9868560	520000	13337995.6820869	520000	14021403.7315182
522500	6280653.04765538	522500	15790904.3539982	522500	20180400.9384504	522500	8762041.08438292	522500	11070710.7595974	522500	11741677.0314063	522500	12727192.0723151	522500	12701509.4952564	522500	14583689.6220756	522500	15594371.2815630
525000	6427495.25397527	525000	15595420.7947905	525000	19964057.6637437	525000	8018153.04144800	525000	10239866.3559896	525000	11659414.5628680	525000	12550845.6516439	525000	13358137.5183789	525000	14228781.1033302	525000	14892907.6437632
527500	5869619.81051861	527500	15318391.3700876	527500	19315084.2870063	527500	6549565.64449149	527500	9705019.19045688	527500	10790004.4601483	527500	11586907.7084957	527500	12831137.8806404	527500	14009046.0330797	527500	14480764.2667724
530000	6074426.21778295	530000	16503684.2206781	530000	19398297.3394648	530000	7966578.13660676	530000	10509052.6879924	530000	10869056.1444443	530000	11696859.7449663	530000	13872689.5015923	530000	13322729.2518820	530000	15140584.4352522
532500	5768499.93809744	532500	16500594.1383297	532500	19806500.3466313	532500	8772102.70878440	532500	9864583.16783886	532500	11196265.5978071	532500	12411234.7811245	532500	13487374.5548867	532500	14237272.3776687	532500	15340570.6729120
535000	5467740.86653209	535000	15211510.2030024	535000	19364434.2663981	535000	8805625.64593451	535000	10262240.0591748	535000	10747832.9184636	535000	12482652.7453177	535000	12646890.7769497	535000	13674281.2037567	535000	14752358.3279873
537500	6709303.06478359	537500	16958152.7359617	537500	19983008.7623208	537500	8304171.02244756	537500	10552260.1414093	537500	11605034.5342493	537500	12488372.9759305	537500	14444774.0430665	537500	14284672.6121466	537500	15606807.6976566
540000	6136901.14931297	540000	16235996.9063428	540000	19438221.9887820	540000	8165303.95503880	540000	10767060.9635386	540000	11027951.0232897	540000	12098815.1402143	540000	13240033.5223673	540000	14126571.3584373	540000	15021370.1188823
542500	5660860.29402969	542500	15599774.5111715	542500	19577512.7567965	542500	8159217.99010627	542500	10247042.4593765	542500	11189440.5551100	542500	12158068.6705470	542500	12559433.1297696	542500	14252039.4190325	542500	14802209.0720515
545000	6060396.76113607	545000	15482808.2181416	545000	19387491.4261839	545000	8424201.13030751	545000	10343904.9382691	545000	11646683.6839573	545000	12490169.6245626	545000	12389149.6056239	545000	14065901.9666147	545000	15100842.5541193
547500	5741588.44549662	547500	15797408.6951323	547500	19974442.1209806	547500	8485898.64493372	547500	10029554.1322172	547500	10631677.0473445	547500	11874879.7422590	547500	13225451.7189049	547500	13988757.4266381	547500	14754602.5039198
550000	5906302.23210998	550000	15985602.9419933	550000	19665056.3588551	550000	7922141.16177321	550000	10353946.9115936	550000	11287154.7351290	550000	12313465.0828286	550000	14139102.6078440	550000	14962986.5579503	550000	15160510.7627282
552500	6524025.41900510	552500	16092117.6042440	552500	20519244.5717722	552500	8357426.65312060	552500	10727813.4460652	552500	12707841.2179900	552500	12865974.0830670	552500	13163156.8484307	552500	14939341.6676664	552500	15993205.9957339
555000	5902141.25484530	555000	15870097.5575297	555000	20146703.2901553	555000	8655082.68910779	555000	10938742.8840510	555000	11392731.1734292	555000	12643846.2050960	555000	13688616.7202588	555000	14646478.0409272	555000	15577081.1591605
557500	6644710.24689930	557500	16914608.5942060	557500	20498050.6392714	557500	7669346.58997281	557500	10160422.2442321	557500	11176019.3181122	557500	12683704.9275711	557500	14490237.5953799	557500	14111608.7575576	557500	15514564.9058720
560000	5784834.86019253	560000	15705146.4620872	560000	19813802.1845584	560000	8552608.82279515	560000	10420764.7363794	560000	11733907.7740540	560000	12606491.1532788	560000	12519462.8232835	560000	14593623.5114787	560000	15665198.3161700
562500	7067333.60814035	562500	15792059.5601726	562500	20892624.9615068	562500	8419061.95810181	562500	11431914.5158213	562500	11469111.6091068	562500	13927660.9504926	562500	12529390.9863734	562500	14616619.0851558	562500	16085829.0025784
565000	4973653.18637885	565000	16416851.2037656	565000	18870602.1230506	565000	8438646.00385816	565000	10064531.9608862	565000	10549369.4751952	565000	12136836.5871255	565000	13957553.6819232	565000	13939095.1603789	565000	14356605.4553223
567500	5991941.90322187	567500	16034523.4457840	567500	18598637.1657866	567500	8742417.77950271	567500	9889082.28816767	567500	11247006.9764442	567500	11605858.8496785	567500	13006536.8484017	567500	13852390.3791528	567500	14847407.0610771
570000	6713648.01588456	570000	16190388.9851263	570000	19917843.3394502	570000	7121441.89885648	570000	11689604.5981364	570000	12196661.2492508	570000	13219502.6126959	570000	14170585.1534905	570000	15551899.4097157	570000	16097942.0808869
572500	5416660.60049881	572500	16538150.7427128	572500	18926509.0931091	572500	7645721.81238174	572500	9804209.57689457	572500	10376493.3871503	572500	11018603.4142484	572500	13902381.3762156	572500	13365029.9279346	572500	14289717.8354960
575000	4816465.70491652	575000	15845551.2472333	575000	18351684.2650149	575000	7345521.97636973	575000	9771447.53641890	575000	10651457.1090855	575000	11730651.7795800	575000	13224661.6439939	575000	13224210.4327040	575000	14435244.9858242
577500	6029306.49650854	577500	14244765.3935043	577500	19309031.4339780	577500	7394031.29785456	577500	10133750.3964479	577500	11207240.7762092	577500	11454876.7364070	577500	12508731.0583043	577500	13538037.4366787	577500	14736566.6683820
580000	6920643.13521482	580000	16436344.7852151	580000	19772225.7328495	580000	8207863.04810775	580000	10756363.9042192	580000	11412053.6638846	580000	13473363.9266546	580000	13139779.8125037	580000	15208586.1767068	580000	16164730.3237538
582500	6552378.63284887	582500	15704306.1891083	582500	20333568.6486121	582500	8266595.68054775	582500	10286804.3363975	582500	11803228.0997720	582500	12576879.5685755	582500	12708334.3295664	582500	14802702.3290859	582500	15632153.0272463
585000	5299493.76284763	585000	15454952.9170856	585000	18712362.9569930	585000	7225121.43857058	585000	9841634.49357912	585000	11022991.2832125	585000	11596709.6548857	585000	12758724.4075754	585000	13425668.4084892	585000	14252470.7959499
587500	6396513.56333722	587500	17295241.9424954	587500	20387694.4228596	587500	7170165.74591849	587500	11017489.9701827	587500	11785683.7675479	587500	13005797.8099516	587500	14850247.7435384	587500	15403302.0705318	587500	15338335.3039744
590000	5843717.44749415	590000	15803635.5994920	590000	19515891.4141089	590000	7978291.23604106	590000	10106471.6379811	590000	11090658.6178379	590000	12057656.3944028	590000	13050434.4705158	590000	13925001.8430699	590000	14802820.2817820
592500	6007030.12435605	592500	16141372.7556396	592500	19744380.2331558	592500	8083645.80406876	592500	10167730.5308310	592500	12086917.0619438	592500	12565174.9256518	592500	12498378.1822248	592500	14396083.9350749	592500	14466741.8917886
595000	5968482.45607853	595000	15844264.8445840	595000	19105579.5014948	595000	7341448.21094062	595000	10553666.0516348	595000	11534590.3283638	595000	12099511.0618005	595000	12409827.0265407	595000	14166735.0481261	595000	14827325.9604584
597500	5224598.81142126	597500	15959465.3765436	597500	19352218.1919671	597500	7183033.40753306	597500	9742323.73528359	597500	11107343.5723767	597500	12239484.3138468	597500	13718699.6973051	597500	13396381.7246734	597500	14571591.5129539
600000	5825353.73004005	600000	16104079.4272334	600000	18935141.3641037	600000	8554877.25068487	600000	9492408.60914628	600000	10568656.7578845	600000	11592537.2037248	600000	12755741.1489223	600000	13039327.3779125	600000	14595143.2535917
602500	5222933.00121562	602500	15399275.3227998	602500	19070596.2889658	602500	7168425.52105050	602500	10013712.1340877	602500	10658810.0924601	602500	11299552.5247189	602500	13083649.9091612	602500	13087495.0979775	602500	14795965.3837817
605000	5438892.21955093	605000	15797701.6268756	605000	19631095.0169133	605000	7350964.13360412	605000	10334521.3336608	605000	11330192.8968978	605000	11873002.9773548	605000	13479339.7606376	605000	14253511.3846413	605000	14353689.8185723
607500	5548443.75572709	607500	15746215.9441335	607500	19167582.6991803	607500	7705466.09588429	607500	10332259.3335245	607500	10565295.1849908	607500	11784013.2892324	607500	13461532.6351205	607500	13847542.0548040	607500	15127350.3324231
610000	7133590.12583244	610000	16584600.5943191	610000	20538436.6946249	610000	8347746.76590473	610000	11491553.2035631	610000	12108871.9835504	610000	13288450.0783137	610000	13743000.1546889	610000	15082110.3825843	610000	15961219.5914683
612500	5739349.26627026	612500	15660804.3156492	612500	19474795.1560864	612500	7783142.07994397	612500	9812212.45762443	612500	11361023.4331579	612500	11845967.5629708	612500	13042303.2057424	612500	13735540.7693940	612500	15299055.8589926
615000	5707448.23591918	615000	15504607.3534255	615000	19229998.2656230	615000	7897134.13608222	615000	10433578.1190225	615000	11569003.2380687	615000	11691696.0326522	615000	12398496.5277343	615000	14196580.0097696	615000	14706105.7906671
617500	5667138.51794783	617500	15499222.7363826	617500	19508743.8906445	617500	7384572.17080314	617500	9768975.79631303	617500	10873743.1199537	617500	12289288.1781450	617500	13162112.4498318	617500	14085991.0387932	617500	14640983.0032785
620000	6549559.03133432	620000	15713347.0776264	620000	20656570.2095269	620000	8537093.89132258	620000	11356436.0923152	620000	12240716.1056497	620000	12877051.0265090	620000	13195955.0747468	620000	14258175.3033336	620000	15019265.3172894
622500	4939723.20225665	622500	14693715.7142912	622500	19708646.0639145	622500	8881899.79278653	622500	10509064.2192729	622500	11549503.3151645	622500	12051384.7577384	622500	12271742.0463970	622500	14166934.8532033	622500	14634658.0515429
625000	5796252.26793113	625000	16060956.5519522	625000	19966287.6925873	625000	7822034.06687722	625000	10478142.3210376	625000	10540291.4350369	625000	12139689.8207702	625000	13260945.6356424	625000	13547376.7369141	625000	14884038.5644184
627500	5745441.97947704	627500	16124397.6964961	627500	19508146.1850271	627500	7590886.18061086	627500	9686712.62405853	627500	10875996.8221034	627500	12160912.3306641	627500	13302975.8929990	627500	13459919.2814508	627500	14416125.5610402
630000	5870925.00742109	630000	16368065.4525852	630000	19628252.5611335	630000	7247399.91106542	630000	10501296.7045794	630000	11690380.7229976	630000	12665168.7384356	630000	14129237.4046944	630000	14519488.8906250	630000	15471809.8754949
632500	5789511.20016362	632500	16753055.2255321	632500	19419481.1200794	632500	8595225.72898962	632500	10313413.5925550	632500	11193512.4560106	632500	12111069.4031291	632500	13642863.1869118	632500	14296738.5484538	632500	14737961.3432859
635000	4775741.23939346	635000	16242442.0388759	635000	17978546.0719671	635000	7546442.23025419	635000	9145989.92643663	635000	10682602.5034300	635000	11179783.1802447	635000	13957330.4875185	635000	12760723.5345247	635000	13771856.7728098
637500	4555756.60017596	637500	17566619.7358123	637500	19525550.3711749	637500	7740767.32072854	637500	9398660.21721066	637500	11715402.6680769	637500	11534399.7307266	637500	14455761.7466713	637500	13553972.1573605	637500	14272561.0451237
640000	6441606.85702120	640000	16303677.1917941	640000	19571096.6476182	640000	8196863.49314981	640000	11068691.4281597	640000	11877965.5410389	640000	12742211.3792056	640000	13535647.6913973	640000	15007048.9647248	640000	15790078.7480472
642500	4916795.48159492	642500	15350830.1129853	642500	18680268.8428314	642500	7337399.21334935	642500	9646225.66904474	642500	10275571.5006564	642500	11089946.6213713	642500	12350638.7463573	642500	12987219.1329148	642500	14029943.2884708
645000	4361315.24056820	645000	15823904.1690948	645000	18653866.5498736	645000	7364310.47633829	645000	9349805.89121939	645000	10430745.9167189	645000	10957648.4043645	645000	12215666.6980013	645000	12922333.2829853	645000	14563425.4500262
647500	5454562.56697208	647500	16669768.3242566	647500	18905865.4502806	647500	8202178.79203018	647500	9497951.38172535	647500	10361852.8257543	647500	11204349.6778324	647500	13810285.6900067	647500	13835723.4999813	647500	14926104.2532306
650000	5809657.82509311	650000	15175278.5712991	650000	19082503.6127678	650000	8750512.58029799	650000	8955466.58918406	650000	11130742.2238146	650000	12009179.9993816	650000	12534758.8348046	650000	13930588.2463394	650000	14420804.4969775
652500	6496137.02059720	652500	15271164.9522920	652500	20175243.8048516	652500	8173853.49359077	652500	11209619.4276107	652500	12124716.0960197	652500	13067851.9678393	652500	12958459.4831571	652500	14446912.4684394	652500	15662839.7754442
655000	6504880.71233142	655000	15757741.1841401	655000	20089510.3489531	655000	8265952.73296355	655000	10553893.9935156	655000	11938946.4263571	655000	11909533.2881944	655000	12591748.2376584	655000	14680427.5871436	655000	15786931.3472564
657500	7034190.27816796	657500	14815718.9413699	657500	21234085.1634488	657500	8885017.67003498	657500	11928625.2772322	657500	12672752.0595134	657500	13666214.0847124	657500	12152124.5885696	657500	15379963.8733457	657500	16046845.9499862
660000	6110298.28434477	660000	17462548.6718307	660000	20432900.8557029	660000	7468441.59562103	660000	10668154.8509648	660000	11372496.0618989	660000	12507460.4593728	660000	15623648.3210190	660000	14615081.8655078	660000	15563104.7798945
662500	5002191.41319136	662500	16198142.2465301	662500	19176043.2577247	662500	7514174.92528601	662500	9744366.89752051	662500	10333004.1414072	662500	10848477.6633100	662500	13754181.9868217	662500	13871235.5823438	662500	14485657.2269049
665000	5518069.48021027	665000	14267249.9505387	665000	18779518.5122415	665000	8324903.46777823	665000	9016233.32423112	665000	10284044.5764595	665000	11904376.5096407	665000	12179463.4030637	665000	13743647.5280669	665000	14799619.1976997
667500	4429398.76696156	667500	14979925.5603664	667500	19467192.9302322	667500	8360260.45937413	667500	10204866.0437282	667500	11001053.6342095	667500	12093504.4560231	667500	12359414.8739024	667500	13655668.7707337	667500	14393688.9186551
670000	6159903.40954920	670000	15680252.8250747	670000	19554663.1858843	670000	8043252.26254315	670000	10296942.2099562	670000	11627162.6246321	670000	11827086.5567554	670000	13838940.6220867	670000	14423719.5726905	670000	14226666.7323388
672500	4860018.03985270	672500	15589445.8045378	672500	19352943.2002615	672500	8424390.05534554	672500	9538208.21966677	672500	10521651.2842401	672500	11993965.2991812	672500	13402396.0928034	672500	13738159.2000272	672500	14628901.3483059
675000	5818535.95620830	675000	15538845.4310015	675000	19463522.1063729	675000	7646115.84871160	675000	9789080.48709113	675000	11063223.6025161	675000	12136286.8387488	675000	12966635.0311152	675000	13719276.0527557	675000	14973752.9188097
677500	5128124.77629677	677500	15547953.7877465	677500	18722741.7480909	677500	7811630.15573095	677500	9934367.64548532	677500	10664115.3782789	677500	11856184.7361527	677500	12351043.9472210	677500	13468722.3160359	677500	13953232.1570887
680000	5983333.86976574	680000	14972416.0582276	680000	19374489.1256610	680000	8595575.93433246	680000	10093690.5880608	680000	11227317.4761768	680000	12109658.1216677	680000	12701878.5481183	680000	14580179.8931589	680000	15701852.2445357
682500	5364742.55172511	682500	16085424.5433548	682500	19017174.2165108	682500	7836611.68694610	682500	9701941.05576221	682500	10260332.9812477	682500	11422566.9336700	682500	13400244.2225132	682500	13121543.5331822	682500	14511661.0606429
685000	5306596.32775947	685000	16629477.0060130	685000	19130043.3483342	685000	7919082.28857590	685000	9396173.72052122	685000	10628668.1437344	685000	11891037.5761775	685000	13338868.6531096	685000	13619275.7791608	685000	14397799.4965950
687500	6880877.55162774	687500	15394991.6192783	687500	20012474.4504393	687500	8453907.02181790	687500	9942688.58346153	687500	10999548.9485139	687500	12854930.6755689	687500	12633100.8633669	687500	14772554.0305139	687500	14851076.4563092
690000	5691024.83938532	690000	16369564.9412944	690000	19448852.8672946	690000	6905307.61258150	690000	10204983.8983706	690000	11490888.4105100	690000	12457140.0084465	690000	14087068.2650745	690000	14552869.1048810	690000	15528457.1006200
692500	5757898.33754599	692500	16114930.5282635	692500	19701923.6060377	692500	8481595.58992949	692500	10146093.1905764	692500	11524158.1628662	692500	12282058.2428688	692500	13026708.0648304	692500	14140708.5248817	692500	14748506.8828504
695000	5544233.64071785	695000	16125532.1312074	695000	19035517.7105383	695000	7859727.29410090	695000	9255692.15419857	695000	10788552.7089727	695000	11545276.7792630	695000	13034521.1557769	695000	13476988.1281468	695000	14288533.6189974
697500	4304134.18880463	697500	15209105.2331687	697500	18273781.1148690	697500	7784012.14591651	697500	8726093.87921481	697500	10120284.9757768	697500	10876896.1978174	697500	12605577.5289300	697500	13059341.8746437	697500	12728230.6371484
700000	5956093.79997040	700000	16485321.2675042	700000	19794823.0373985	700000	8570268.17542554	700000	10568712.6958497	700000	11091911.2848850	700000	12416991.4684387	700000	13254974.6687145	700000	14653029.8184505	700000	15319027.6083165
702500	5310592.63262821	702500	16185895.4164070	702500	19691451.9727216	702500	7483806.75066323	702500	9793168.21024818	702500	10877763.9354567	702500	11807502.4555800	702500	13263751.4196032	702500	13902862.2777124	702500	14275195.7714346
705000	6323917.55633739	705000	15330154.7590374	705000	20725661.0843797	705000	8264957.77081403	705000	10542085.6354993	705000	12368851.3639269	705000	12607667.6453323	705000	12485387.8596893	705000	14958991.3259711	705000	16050522.9363986
707500	5332297.43310395	707500	17037305.0186280	707500	18950767.2059153	707500	7960281.91349501	707500	10587788.4548825	707500	10783704.0109268	707500	12187269.8806216	707500	14199439.8736314	707500	14235401.2048960	707500	14890666.2597473
710000	6087923.56284624	710000	16152169.5234620	710000	20492184.1046119	710000	8197263.19237974	710000	11605634.8285384	710000	11561314.6310207	710000	12384217.0834000	710000	14141322.3455089	710000	14059190.6591744	710000	15033157.6201455
712500	6039945.96982499	712500	16518685.7910308	712500	19533820.5275061	712500	7981432.98419118	712500	11113005.9293771	712500	12212045.6325192	712500	13211705.2318999	712500	13682610.0270757	712500	14931035.8906467	712500	16325324.6727093
715000	5743755.11034820	715000	14619953.7751609	715000	19669250.1679209	715000	7300615.37667989	715000	11005566.1904371	715000	11478737.7148923	715000	12267282.4011398	715000	12776667.8098798	715000	13768549.2311979	715000	14916770.7924742
717500	5515079.77707843	717500	15152213.9522799	717500	19523139.3766125	717500	7410677.17298294	717500	10388631.7598185	717500	11470453.6568733	717500	11648680.8065797	717500	12495960.8004036	717500	13961247.0965365	717500	14619541.3500763
720000	6812940.03777095	720000	17061762.1287600	720000	20263017.8685460	720000	9006072.31406869	720000	10943380.9634823	720000	12223257.6202519	720000	12630333.8384684	720000	14611282.9947070	720000	15078649.9572471	720000	15765723.4776288
722500	6179553.52459591	722500	14650347.2238197	722500	19359476.0269261	722500	7193402.89987443	722500	10009702.1949703	722500	11410688.3907711	722500	12559981.3141004	722500	12239895.8027162	722500	14671535.0513458	722500	14735753.5475533
725000	5431029.59009770	725000	14967361.2063187	725000	19399924.7439472	725000	7728546.06200633	725000	10136687.1130822	725000	10946437.6049732	725000	12298153.7518480	725000	12383529.2323036	725000	13978682.0538408	725000	14593891.4254297
727500	5224160.46945738	727500	14264189.9567171	727500	19102244.9402594	727500	7408614.15145122	727500	9551994.60603908	727500	11275178.8747155	727500	11615834.1665465	727500	12323965.4470392	727500	13465839.0355655	727500	14175523.2693879
730000	6064870.72811385	730000	16423958.7782609	730000	20343331.8405966	730000	8054317.37589723	730000	11213429.3399984	730000	12130549.7055629	730000	13353032.7579993	730000	14201176.7619728	730000	14215547.7386875	730000	15638328.3596033
732500	4434693.09386253	732500	15822788.9220164	732500	18395866.4279837	732500	6930482.00638189	732500	8863739.50485817	732500	10060445.7962783	732500	11360012.3838317	732500	12935979.4983247	732500	12461398.7017506	732500	14170808.5657665
735000	5341218.43447585	735000	15628014.5701821	735000	19393499.1737996	735000	7933759.71262007	735000	9460884.29655265	735000	10623659.9109249	735000	12035155.6844865	735000	13506674.6186170	735000	13554231.0578135	735000	14192204.1597208
737500	6654781.06783782	737500	14157637.4381715	737500	20467193.9196050	737500	8458278.37364792	737500	11625197.7786898	737500	12730352.2945832	737500	13535396.5695469	737500	10670396.7984837	737500	14983353.9579557	737500	15578222.2918772
740000	5825605.30700940	740000	14614750.8348895	740000	19684206.2527586	740000	9000673.01983517	740000	10809512.0637385	740000	11062434.1371055	740000	13066851.9775660	740000	11480980.7011537	740000	14294649.7992569	740000	15321690.8132128
742500	5129712.55159874	742500	16813001.3012822	742500	19724400.6397483	742500	7972703.21684199	742500	9841473.58470108	742500	10996528.1091719	742500	11727182.0551407	742500	13950760.0839209	742500	14174952.4146088	742500	14728369.7844099
745000	5158633.32739241	745000	15309995.6788744	745000	18412641.9323711	745000	8051726.17488199	745000	9212864.50202681	745000	10181891.0178924	745000	11318699.2161672	745000	12578743.1141671	745000	13313111.1991269	745000	13915332.6145059
747500	5290483.77611954	747500	15883574.0177325	747500	19058010.2248476	747500	7955657.09162259	747500	9803356.54900711	747500	11347094.1512867	747500	11894324.7757823	747500	13292093.2694311	747500	14110479.2335325	747500	14673612.1492205
750000	5992353.55170371	750000	14318958.0780828	750000	19931082.9577209	750000	7424615.08270741	750000	10826106.6409181	750000	11347990.6287486	750000	13027119.5892925	750000	12413375.3227341	750000	14386176.7195368	750000	15709467.0041614
752500	5412206.29626412	752500	16823895.2639823	752500	19498078.3559498	752500	7561051.68051942	752500	10037022.8876547	752500	10705378.2417995	752500	12091503.3584749	752500	12765636.5350189	752500	14123729.3379852	752500	14739019.2850751
755000	6389600.22019961	755000	16995307.3322769	755000	20385986.3406361	755000	8556914.65525708	755000	10066943.7768036	755000	11890607.2769548	755000	12849528.4653791	755000	13822129.3788210	755000	14075152.7649983	755000	15489883.3392893
757500	7153049.72436126	757500	15482281.8934690	757500	20844651.5831163	757500	6892005.05569346	757500	11429561.7827532	757500	12241748.8354463	757500	13213334.4512337	757500	12711274.5835626	757500	15541564.4958194	757500	16807869.3166678
760000	6044313.57115444	760000	16413102.4431341	760000	19824672.6880051	760000	7745429.58576057	760000	10193832.2539809	760000	10953340.6640442	760000	13197000.0619410	760000	14637199.4566262	760000	14036224.9768761	760000	15037976.2515877
762500	6486888.28451960	762500	16158212.6063823	762500	20548775.0808673	762500	8064891.48875470	762500	11631309.2323662	762500	11963391.4621760	762500	12919695.2918769	762500	13525968.0421168	762500	14782394.8007993	762500	15470137.3375212
765000	6401808.58158221	765000	16169757.5908184	765000	19993073.2892949	765000	8513829.45723271	765000	11008806.7831573	765000	11966004.8707323	765000	13086269.8885863	765000	13112916.4330678	765000	13988266.7959249	765000	15133897.9342976
767500	5376894.18502837	767500	15814011.0922367	767500	19434947.2516006	767500	7278487.35499977	767500	9982602.20987364	767500	10966049.0982985	767500	11262134.9127364	767500	12907930.9414286	767500	13844116.9704571	767500	14640150.4365781
770000	5078486.64769430	770000	15097554.9425127	770000	18983558.4745108	770000	7361572.03803846	770000	9927985.92092500	770000	10822611.7466583	770000	11071925.9092967	770000	11597060.4047874	770000	13148332.5494941	770000	14852328.3337494
772500	5596897.30301617	772500	14383067.4379928	772500	19455129.6770292	772500	9268540.80670190	772500	10122685.9981106	772500	11310932.0163438	772500	12025918.3745351	772500	12157422.8948591	772500	13918189.3277456	772500	14520858.6365891
775000	6376442.70658328	775000	15565686.5552068	775000	20249761.8162800	775000	6052455.33977953	775000	11053849.3575445	775000	11609729.5445239	775000	12457132.1678656	775000	12258151.9602673	775000	14511741.8346177	775000	16113209.9047215
777500	4703735.99854349	777500	16662730.8110641	777500	18968313.8573640	777500	9388324.35551699	777500	9290645.63282508	777500	11010204.6566753	777500	11159292.3809577	777500	14040083.8806448	777500	13188938.0999394	777500	13891992.1484652
780000	5882606.55747269	780000	15514310.8731906	780000	19370793.2207038	780000	10009946.0402664	780000	9874957.22324021	780000	11275225.8523598	780000	12122922.4473005	780000	12629359.8485283	780000	14012870.4037516	780000	15190346.7397194
782500	5994290.93754786	782500	16171569.6666863	782500	18879448.1078373	782500	8240076.10531858	782500	10634316.3902973	782500	10656925.7862102	782500	12162527.1020720	782500	13230904.5214853	782500	13672260.2975116	782500	14711095.1674668
785000	4745461.52679795	785000	16272928.5140959	785000	19905583.8056282	785000	8299142.12976899	785000	9448977.28174079	785000	10762713.5982065	785000	11644416.5347470	785000	12625931.0176844	785000	13767282.8479954	785000	14476529.0551859
787500	5303592.77752494	787500	16169706.3351503	787500	19668114.6527539	787500	7406050.49345396	787500	10208083.6834014	787500	10902532.8590452	787500	12047024.2540732	787500	13503962.8878633	787500	13666765.2070737	787500	15151411.3448609
790000	4725113.99344114	790000	14334847.6779163	790000	18207883.2294469	790000	8122251.36047021	790000	9158476.19049386	790000	11113201.4306159	790000	11681567.5279449	790000	11556644.6452468	790000	12748390.0385311	790000	14328973.9349699
792500	4990747.89272913	792500	16131337.8793599	792500	18836421.5397332	792500	8316818.96641697	792500	8899641.04903839	792500	9972908.17787394	792500	11295883.6716702	792500	13885970.1237533	792500	13397253.5280382	792500	14673362.2417841
795000	4860846.84181268	795000	16650906.3543020	795000	18617656.3773870	795000	6440912.27232746	795000	8942717.91144883	795000	10002247.5421476	795000	11170537.0491060	795000	14163576.8573279	795000	13071429.1515253	795000	13859858.6372957
797500	5283032.88414689	797500	15375097.7008922	797500	19112675.7656009	797500	8748827.15069027	797500	9564208.66511579	797500	11343103.9974383	797500	11997028.7515834	797500	13213805.7052315	797500	13862926.0380214	797500	14557617.9690029
800000	6541566.04209679	800000	15190056.9293331	800000	20378234.3022829	800000	8356820.13086525	800000	10505682.5816350	800000	11729464.2757538	800000	12135875.2118874	800000	13401938.7126994	800000	14300981.5509514	800000	15364473.2880146
802500	5480531.73351512	802500	14294411.4307461	802500	20439485.0073398	802500	7997941.05003253	802500	10836082.8815980	802500	10810208.6446793	802500	12049344.5596838	802500	11431550.7284179	802500	14480403.5972455	802500	14852734.9907365
805000	5921519.48078871	805000	15079246.7257108	805000	19625211.8623612	805000	7355146.00916278	805000	10045685.6158246	805000	10519673.1905788	805000	12237696.2040295	805000	12786897.6949431	805000	13803847.3975529	805000	14637347.7227461
807500	5558944.81387732	807500	16205114.4577691	807500	19451097.1032669	807500	9026061.50862627	807500	9929566.58571802	807500	10777347.7617153	807500	11537790.9517077	807500	13182170.4171899	807500	13800997.2832773	807500	14226017.8619213
810000	5797782.74306197	810000	16155291.9219193	810000	19523594.5821666	810000	8335906.63045680	810000	10493224.5993468	810000	11381032.4472130	810000	11852546.5363441	810000	13717530.7281069	810000	13643284.9488573	810000	15127641.5929038
812500	6842398.58065218	812500	15778855.1747596	812500	20126691.1961887	812500	9822150.64129608	812500	10845382.3240492	812500	11692299.8938099	812500	13316205.6391458	812500	13466445.1555071	812500	15238379.3334753	812500	15198797.7693528
815000	5488028.79704450	815000	14078665.5182453	815000	20141280.1539689	815000	8297975.90783129	815000	10318067.7540512	815000	11632950.2229502	815000	12253645.2022810	815000	12120168.6655534	815000	14074847.7687576	815000	15439190.0578582
817500	6290510.75026802	817500	15802407.6751673	817500	19850773.9298347	817500	8008243.22440954	817500	10781423.2123872	817500	11973762.1389300	817500	12521500.9072659	817500	13011329.6403668	817500	14493664.3773218	817500	15750337.9352401
820000	5636849.76334230	820000	15830812.9902299	820000	19912144.3818811	820000	8557411.39013522	820000	9986463.71204920	820000	10474983.3012019	820000	12233852.1179965	820000	12850794.5941535	820000	14039219.0035394	820000	14783367.4295935
822500	6269914.70112043	822500	15403227.3227321	822500	19437542.4080810	822500	8287121.17093341	822500	9725660.87014109	822500	11437598.0607693	822500	11825763.1370992	822500	12563028.9349468	822500	13718616.6173080	822500	15336214.9757843
825000	3643985.74723096	825000	15959233.0312135	825000	17799462.0054832	825000	8254337.57849032	825000	8313187.51465806	825000	9793617.19386805	825000	10419828.7896555	825000	13368196.5870199	825000	12327045.9210200	825000	12875044.8866542
827500	5645893.01745174	827500	15445894.9674575	827500	18870549.3753156	827500	8946169.85217713	827500	9834440.44055109	827500	11267821.0243847	827500	12083538.2975545	827500	12521111.4112977	827500	13879406.2335087	827500	15062728.5090929
830000	4545645.31451801	830000	15967306.5627473	830000	18899281.0620928	830000	9404174.94887764	830000	9116066.89093350	830000	9669716.85755817	830000	11330405.2403942	830000	13363590.6796728	830000	13220655.2250083	830000	14118966.6975135
832500	4433519.99666104	832500	14035028.8938363	832500	18418802.4766180	832500	8778963.98149257	832500	8871482.56041460	832500	9820184.79641466	832500	11227669.6544113	832500	11490355.3424896	832500	12737761.1682676	832500	13921446.3860856
835000	5498909.20360850	835000	15579248.1763410	835000	19672360.3110616	835000	8187499.34852582	835000	10200613.3863210	835000	10888847.6302321	835000	12652911.4991341	835000	13488105.8201858	835000	13876718.5614459	835000	15314648.9898179
837500	5233381.99424401	837500	15222964.0072653	837500	19117924.5855312	837500	7438589.83416184	837500	9366205.02533749	837500	10676224.0610002	837500	12086569.5000772	837500	12884205.8868529	837500	13221344.7798988	837500	14050776.1765496
840000	5613588.25722500	840000	15582093.2931841	840000	19430968.5946852	840000	8488622.69133907	840000	9850680.67029135	840000	11123930.2239688	840000	11690067.5234684	840000	12774050.2016816	840000	13336659.1350837	840000	14410873.9120374
842500	5227616.39312455	842500	15852587.8642185	842500	19299920.0391877	842500	9371037.38578095	842500	9508589.93082446	842500	10995061.2717575	842500	11464174.9152410	842500	13592063.0680988	842500	14253946.2255582	842500	13869563.1759156
845000	5709424.63684503	845000	15579272.8822133	845000	19740761.4754417	845000	8641200.31007478	845000	10459516.3200923	845000	12278056.1478281	845000	12496757.4634400	845000	13420306.1705662	845000	13531035.4516560	845000	14402371.5808985
847500	5096345.83442080	847500	14848617.6322705	847500	19105967.4274627	847500	7692698.76550040	847500	9775819.31701491	847500	9702583.20341008	847500	11837041.7679165	847500	12672809.1629480	847500	13083243.3960529	847500	14109332.7812860
850000	5816317.49535650	850000	15785229.4916508	850000	18715416.3203993	850000	7971194.72425222	850000	9521124.60728024	850000	10530890.4932781	850000	12232621.4727337	850000	13241680.8229443	850000	13851047.6775129	850000	14993210.8699721
852500	6606905.49432987	852500	14455601.5918266	852500	20128886.5930545	852500	6924661.23168011	852500	10506268.9668969	852500	11198260.0860429	852500	13079739.6422771	852500	11948945.3238899	852500	14405236.3686832	852500	14483129.0436516
855000	6293100.33225535	855000	15382428.1438891	855000	20172669.3726729	855000	7411032.87803519	855000	10348048.5093776	855000	11425598.4772578	855000	12534022.7531481	855000	12798863.6767891	855000	14035117.5550256	855000	15362875.4708702
857500	5761752.84201567	857500	15433991.9360848	857500	19356881.6007004	857500	7959074.63769445	857500	10058831.6258570	857500	10713041.6286546	857500	12013112.8495288	857500	12944159.9308486	857500	13171561.1703253	857500	14842350.3096679
860000	6640037.17182881	860000	14974214.3724466	860000	19577446.2473627	860000	8151679.62366870	860000	10441375.1051151	860000	11929415.9124843	860000	12608854.2213346	860000	13016595.6070121	860000	14550287.1100984	860000	15325299.8979308
862500	5196979.55694784	862500	16245959.5167385	862500	19203785.9124705	862500	7811508.87947204	862500	10236870.1620164	862500	10702749.5210150	862500	11689102.0358070	862500	13778281.5261750	862500	13612182.8134880	862500	14625504.8241664
865000	5879997.86441675	865000	15426108.6892102	865000	20109516.9429751	865000	7733538.17220906	865000	10036215.7151202	865000	11216428.4095857	865000	12581185.9947947	865000	12876509.1815796	865000	14241456.4927619	865000	15069286.9817597
867500	5298202.87180077	867500	16707464.6715102	867500	18867584.4205018	867500	7808872.57573798	867500	9931533.91126849	867500	10679066.6196227	867500	11648647.8442538	867500	13959257.0741339	867500	13337575.9556252	867500	14086819.6767574
870000	6534142.03131171	870000	15986521.8057760	870000	20300572.8637379	870000	9051389.38483075	870000	11192878.2057189	870000	11648541.9696456	870000	13059246.2218489	870000	14142209.4714422	870000	14472529.0353660	870000	15056058.6178517
872500	6034741.26350818	872500	15256154.2318209	872500	20459812.5664307	872500	7540849.08445938	872500	10727726.5130407	872500	11418665.1896035	872500	13014578.6229237	872500	12616944.1444758	872500	14469399.3923235	872500	15650237.4172433
875000	6098869.75404608	875000	16441760.5065672	875000	19696116.5080700	875000	7106868.20893446	875000	11053191.7709910	875000	11965730.7908640	875000	13490818.9267107	875000	13063503.2750531	875000	14099519.3068545	875000	15217955.4163651
877500	5914809.73248670	877500	15516563.7170813	877500	19785993.9367716	877500	7773252.50908563	877500	10520685.0270629	877500	11544306.8434059	877500	12182092.1641642	877500	13089953.8124940	877500	14140091.3983477	877500	14816544.1805981
880000	6768117.44063512	880000	15473605.8816598	880000	20657981.4303047	880000	8017833.02524189	880000	10622918.2109974	880000	12187521.7057546	880000	12906501.3738486	880000	12727940.7047029	880000	14637243.7340487	880000	15653868.2443898
882500	5413542.03362987	882500	14462336.1260937	882500	19478654.6480246	882500	8127609.16648815	882500	10149086.3991501	882500	10715160.3598433	882500	12207779.3590860	882500	12457660.5226438	882500	14009475.9940132	882500	15093882.1037350
885000	5330618.74176422	885000	15211967.4336785	885000	19884736.2947440	885000	8841046.76257236	885000	10436239.1777674	885000	11602007.6352279	885000	12568498.7055749	885000	12130142.2454114	885000	14074465.7601155	885000	15231285.0357190
887500	5347483.58075027	887500	15245708.1633523	887500	20108444.2287729	887500	8453741.17705115	887500	9802139.02289034	887500	11254634.2251892	887500	11861197.3051331	887500	13459539.2526107	887500	14817589.2530990	887500	15327808.2336941
890000	5423682.97428491	890000	16624085.7043996	890000	18837353.8507289	890000	8303369.65623759	890000	9775445.51318083	890000	10532767.5300133	890000	11882036.2241121	890000	14339497.6003559	890000	13543485.7036241	890000	14124331.0860297
892500	5700280.19219117	892500	16872214.3659616	892500	19591466.1784960	892500	8096476.61792468	892500	10625262.0338937	892500	11466800.8010992	892500	12298758.3000123	892500	14243791.5430592	892500	13814489.3166107	892500	15013124.5145306
895000	5314257.39806740	895000	15697480.7194063	895000	19438161.0763694	895000	7630912.90452073	895000	9710172.51055198	895000	10436694.9281026	895000	12431507.1438038	895000	12488067.3733263	895000	13484648.7996845	895000	14870467.9575773
897500	6232064.57048213	897500	15453826.8232367	897500	20318213.8764645	897500	7891951.05709256	897500	11612631.6400250	897500	11912522.9069203	897500	12470832.9138814	897500	13220858.7518982	897500	14425367.1676960	897500	15914946.4636618
900000	4716629.09105337	900000	16330863.0452887	900000	18528930.6983912	900000	7866835.85083123	900000	8924334.26548618	900000	10554859.2213757	900000	11296391.7545191	900000	14083211.4932304	900000	13584207.1452865	900000	13647643.6516282
902500	5570856.64678945	902500	16450322.0333088	902500	19051673.0379488	902500	7643146.44027608	902500	9503566.78282371	902500	10610507.9872305	902500	11145660.2992267	902500	14162758.7910087	902500	13155227.7094755	902500	14185002.1779789
905000	3947986.30275783	905000	16348557.6035125	905000	17801947.5559152	905000	7738003.12222983	905000	8872130.81295470	905000	10187141.0014300	905000	10854640.0932273	905000	13921259.2487595	905000	12775941.8330127	905000	13420319.2313485
907500	4990171.40802731	907500	15064457.4691946	907500	19510427.9062877	907500	7310236.44185088	907500	9738865.70955826	907500	10850921.2184468	907500	11592424.7066456	907500	12317745.7761013	907500	13696371.9294895	907500	15290938.1495631
910000	5787843.03191497	910000	15452622.3437770	910000	19345496.2273280	910000	7564245.16515812	910000	10515348.1024389	910000	10905511.0829301	910000	12026233.6644688	910000	12548408.8331535	910000	13684128.3362503	910000	15119039.7177974
912500	6821504.02794824	912500	16474796.7995514	912500	20026860.3517987	912500	7817135.40577112	912500	10841818.0915629	912500	11364065.8897714	912500	12727469.2727273	912500	13890083.7205584	912500	14472750.4174708	912500	14526627.8754113
915000	6794426.15046635	915000	15474816.3776829	915000	20367299.1596641	915000	7999046.80354355	915000	11286199.8301172	915000	12410125.0051635	915000	12243064.7371348	915000	12346009.9253154	915000	14950797.9743496	915000	15352621.4018648
917500	6307113.10090128	917500	15204647.6648705	917500	19722413.2565803	917500	8556454.96384341	917500	10025216.2486941	917500	11068788.9899766	917500	12445510.6677987	917500	12347387.8788711	917500	14351723.7034888	917500	15000386.5133351
920000	5882563.49419244	920000	15210398.8447291	920000	20053583.5062291	920000	8362819.37691210	920000	10125086.6420526	920000	10861194.7242325	920000	12607371.5673690	920000	12958088.2392837	920000	13442403.8383524	920000	15309126.8861998
922500	5540148.95309970	922500	14540799.0604787	922500	19206174.7909981	922500	7782391.95576527	922500	9754898.25553933	922500	10639875.6561615	922500	11896484.5856322	922500	12342908.5617686	922500	14236406.3743596	922500	15066409.7629003
925000	4564333.60921717	925000	16102662.1116202	925000	18751174.5950343	925000	8160952.30465894	925000	8888050.58464836	925000	10886560.7820075	925000	11537794.4478188	925000	13812122.1317622	925000	13252858.2311365	925000	13871275.7574405
927500	7283420.78343719	927500	15034771.4879409	927500	20267420.4983774	927500	9456069.37498711	927500	10665752.2640491	927500	12562982.6244794	927500	12470859.2101189	927500	12137304.2589982	927500	15070154.9899645	927500	16057300.5607122
930000	5246455.56576507	930000	14791131.9527913	930000	19387562.4646749	930000	7702608.52398246	930000	9556808.49658137	930000	10648761.2718088	930000	11297307.0135989	930000	11660521.8384924	930000	13632312.3767956	930000	14269690.8087547
932500	6486104.28061667	932500	15675703.3562843	932500	20208946.0679504	932500	7929883.33217909	932500	11090416.9227926	932500	11682085.8343023	932500	12654281.3462381	932500	12262072.2612494	932500	14230550.0595022	932500	15593220.5324672
935000	4321283.43874161	935000	15743781.6895048	935000	18274941.2768430	935000	8650688.75138555	935000	8978587.19730319	935000	9990301.97647598	935000	10867637.2733392	935000	13453632.0576485	935000	12925673.0061239	935000	13288992.4255433
937500	4670912.27419585	937500	16488731.4915205	937500	19607776.0558617	937500	8193400.02025371	937500	9742412.80344473	937500	11437566.3482986	937500	11960206.4569284	937500	13179823.3324116	937500	13928313.9473631	937500	14687569.5623187
940000	5873845.31426647	940000	16970320.2706033	940000	19097596.9255053	940000	7939320.13383314	940000	9716231.22682822	940000	10311684.9779651	940000	11494513.6774782	940000	14227562.1730043	940000	13380600.7621163	940000	14593964.9215106
942500	5770848.13042410	942500	15501107.2587313	942500	19561071.9082959	942500	6741220.82714020	942500	9147010.84872119	942500	11179491.5725885	942500	11745394.5387358	942500	13096833.2664074	942500	14056618.2066383	942500	14632762.2358996
945000	6342766.15744598	945000	15760542.4697529	945000	19208023.9530610	945000	5991933.41992977	945000	10661118.2510271	945000	11164608.0338382	945000	12630102.0054206	945000	13237925.9008496	945000	13920079.8040227	945000	14661089.3700876
947500	5689396.66643039	947500	14934425.4028646	947500	19769431.8856285	947500	7544606.80909200	947500	11318335.9051209	947500	12127914.1616102	947500	12871280.6167098	947500	12035375.8039055	947500	14990843.3300034	947500	15323253.2429976
950000	6280106.17472477	950000	15934831.1294907	950000	19836943.1757443	950000	8298453.64702326	950000	10456832.5349671	950000	11674702.5201897	950000	12740415.8822464	950000	13456833.9269405	950000	14777990.2125592	950000	16050242.3592010
952500	6294332.14155051	952500	15796553.3661529	952500	20133004.0549136	952500	7352052.38676337	952500	10946099.1225634	952500	12373038.8416249	952500	13389020.7883939	952500	12557176.6957450	952500	14412359.8339056	952500	15596850.1893755
955000	7140613.45248552	955000	15107636.6033047	955000	20678263.7219254	955000	7550540.77827447	955000	10701679.3420864	955000	11838092.6598504	955000	12807133.8297455	955000	12347298.9065503	955000	14389379.6469840	955000	15264912.3731530
957500	6493208.24587357	957500	16895735.2569128	957500	19844871.8532561	957500	7961671.70171472	957500	10882132.9575640	957500	10931735.6618445	957500	12783205.2494584	957500	13695597.7528325	957500	13883012.4656663	957500	15621811.3187476
960000	5274461.39002937	960000	15473969.1059783	960000	19166434.1767590	960000	9084440.40156480	960000	9623098.02021915	960000	11008757.1671195	960000	11777492.9940757	960000	12816790.7145951	960000	13763983.9655021	960000	14942368.1976073
962500	5782055.73796378	962500	16156001.4139978	962500	20359244.9292029	962500	7853440.22648201	962500	10599570.0524732	962500	11830466.6593366	962500	12507200.6912703	962500	12507632.2044059	962500	14609263.7000991	962500	16260183.9070840
965000	4355176.11221128	965000	15719512.2178902	965000	17657740.5444814	965000	6292132.32732703	965000	9055601.14888120	965000	10030149.8548581	965000	11164453.1168949	965000	12904989.2945118	965000	13249398.6261510	965000	14550568.9692723
967500	5451655.77083151	967500	15076136.9417187	967500	19813104.8627873	967500	7786729.78267906	967500	10911312.0792287	967500	11676056.5172189	967500	12690686.6841485	967500	12898322.5690615	967500	14751176.7793887	967500	15678053.5569083
970000	5430927.76313746	970000	16131340.1839127	970000	19259073.3942220	970000	8280935.82842255	970000	10123242.0769533	970000	11253882.6033501	970000	12296687.3986093	970000	13235074.0851040	970000	13956683.7518627	970000	15124466.9751667
972500	5650839.48673003	972500	15391171.2753445	972500	19301932.4655989	972500	8021351.94800404	972500	9976052.67012264	972500	11653387.1466077	972500	12660078.0715378	972500	12545713.3148682	972500	14228322.2319576	972500	15495269.1903416
975000	6210425.55026661	975000	15424305.5042804	975000	19271456.8798942	975000	8846021.72933234	975000	10669668.1483868	975000	10571636.2601066	975000	12448482.9789007	975000	12045764.3097502	975000	14009782.6851956	975000	14957559.4522319
977500	5435309.92067406	977500	16080926.6889281	977500	19261277.4871169	977500	8788971.00258298	977500	9852248.24164291	977500	11180598.2444944	977500	11907863.6825618	977500	13280769.9915014	977500	13857002.5345896	977500	14388709.8575755
980000	5639335.85007548	980000	15969225.4273843	980000	19366438.4349354	980000	8379995.21646932	980000	10032935.3561455	980000	11073637.3322082	980000	12597274.2750204	980000	14113820.9733551	980000	13354444.7220529	980000	14355965.3695020
982500	5661549.37573301	982500	17651368.1586195	982500	19428964.3543573	982500	7985930.50849553	982500	10009179.6839000	982500	11230027.9128662	982500	11883757.7399902	982500	13822975.3085594	982500	13973256.0088032	982500	15004357.5697769
985000	5185007.19021281	985000	16627880.8758653	985000	19394648.4516375	985000	8206233.99988989	985000	9697509.36155747	985000	10870761.9977095	985000	11686713.3997676	985000	13920837.9458330	985000	13365361.1896950	985000	14607669.3948974
987500	5070946.93813051	987500	15468308.9939415	987500	19566016.9857789	987500	8071625.90786470	987500	10485966.6963639	987500	11642188.1213432		987500	11630629.0279365	987500	13488995.7265737	987500	14853586.5433164
990000	6407679.75317578	990000	16855820.0426893	990000	19584747.8066690	990000	8692616.28600599	990000	10125723.6736373	990000	11116631.9816988		990000	14233880.0497787	990000	13815116.5065085	990000	14747585.4079627
992500	5822241.72987403	992500	16540683.1581864	992500	19383078.7823177	992500	7792577.48007985	992500	10881531.9992355	992500	11994665.9587328			992500	13940860.9723861	
995000	6366574.44896290	995000	15135144.2737611	995000	19996527.0832746	995000	8501223.02170060	995000	10483201.2156617	995000	10783857.5891565			995000	14093843.8735014	
997500	5176671.03810809	997500	15658070.3302838	997500	19685180.8401275	997500	6582352.12716007	997500	9849662.43997597	997500	11070927.4934770			997500	13396442.0150584	
1000000	6126273.91778722	1000000	15916516.3344354	1000000	20241099.3260186	1000000	7593163.47976617	1000000	10923124.4420123	1000000	11584218.3268915			1000000	14224218.0649842	
