#	SIM_0		#	SIM_-10		#	SIM_-12		#	SIM_-15		#	SIM_-2		#	SIM_-4		#	SIM_-5		#	SIM_-6		#	SIM_-7		#	SIM_-8		#	SIM_-9	
1	197288005.214306	1	203304222.699355	1	204840989.739055	1	206030823.972226	1	198034273.871784	1	200590347.382128	1	201341618.035861	1	202923334.392542	1	203281599.582471	1	201944780.544646	1	202734262.360242
500	196093170.426935	500	202487203.481497	500	203120704.954784	500	204692341.051095	500	198951744.568581	500	200172490.147755	500	200137317.859936	500	200567182.132034	500	201822831.609644	500	202357329.639270	500	202327251.997042
1000	196074182.351822	1000	202972530.260930	1000	203267780.321248	1000	204375373.723562	1000	198374191.988813	1000	199227791.945647	1000	199952024.323941	1000	200604849.098473	1000	201426357.282365	1000	202251048.278211	1000	201586519.308229
1500	196137225.118704	1500	203032627.153133	1500	203547628.965767	1500	205444816.001735	1500	198413336.124232	1500	199385750.988203	1500	200667846.936078	1500	200841296.570949	1500	200956386.395635	1500	201730403.471154	1500	201278208.462173
2000	196082101.552738	2000	203913390.781334	2000	204000940.669907	2000	204748062.361040	2000	197786713.763720	2000	200430681.228717	2000	200654654.957212	2000	200986011.196519	2000	201673913.948640	2000	202016657.588442	2000	202025300.489245
2500	196352028.195236	2500	203054009.201482	2500	202823098.313959	2500	204317700.919340	2500	198741030.949024	2500	199073348.429018	2500	200678257.563195	2500	200777957.689589	2500	201579206.014524	2500	202827629.832002	2500	202021164.449847
3000	196492544.391196	3000	202889409.693202	3000	204305208.134965	3000	204227351.484316	3000	198450173.367841	3000	198713790.263805	3000	199997197.626220	3000	199848507.141256	3000	201055248.608268	3000	201489660.478958	3000	202146324.033264
3500	196739199.369834	3500	203428907.345972	3500	204517300.806960	3500	204514584.384556	3500	198568742.052693	3500	199844237.546496	3500	199743975.780140	3500	201394744.255103	3500	201847639.012452	3500	202262401.791558	3500	202540302.114421
4000	196174477.922475	4000	203838919.060547	4000	203701820.492355	4000	205037901.535434	4000	198325560.796349	4000	198344193.434732	4000	200538916.278627	4000	201024058.057726	4000	201442838.797100	4000	202698706.657978	4000	202086582.149392
4500	196540503.363002	4500	202962139.044090	4500	203219543.911562	4500	205168771.976531	4500	199099130.351019	4500	200189834.368289	4500	200200494.236195	4500	201328940.025190	4500	200951988.023793	4500	201964685.292332	4500	202263909.496165
5000	196580302.640024	5000	203691482.087735	5000	204919747.601181	5000	205070852.182838	5000	198326635.147116	5000	199827281.747541	5000	199632170.880152	5000	200805066.671223	5000	201266895.411475	5000	202238624.380490	5000	202514280.024457
5500	196618543.420308	5500	203003083.725233	5500	203810084.542980	5500	205906275.011702	5500	197933658.107270	5500	199536363.243663	5500	200731955.451057	5500	199820887.033098	5500	201108844.447541	5500	201740652.013950	5500	202504160.143832
6000	196543144.651591	6000	202112746.870354	6000	203837756.041326	6000	204879761.011732	6000	198364261.120594	6000	198803522.012615	6000	200211424.360253	6000	200785774.691364	6000	202197101.738812	6000	201809285.901416	6000	202539663.488214
6500	196885753.369739	6500	202297802.168713	6500	203404446.983763	6500	204921387.152065	6500	197462445.718703	6500	199396403.416555	6500	199852496.877124	6500	200563379.633459	6500	200873416.683568	6500	201792916.695487	6500	201440647.651307
7000	195829708.709318	7000	203045735.003937	7000	203611046.683235	7000	205020064.687735	7000	197846881.389909	7000	199442804.006399	7000	200749757.361410	7000	200702304.841253	7000	201743764.043107	7000	202490623.211039	7000	202878718.678776
7500	196586299.053071	7500	202591777.493726	7500	204631392.245686	7500	206242420.362479	7500	197916615.791956	7500	200140697.815774	7500	200226301.124455	7500	200388093.510502	7500	201690483.058933	7500	201812199.129950	7500	201858231.459204
8000	196582027.249717	8000	202369569.671387	8000	203692563.817618	8000	205453546.973510	8000	197651392.434788	8000	200048070.752659	8000	200310319.746797	8000	200666432.113922	8000	201532193.713456	8000	200727897.256438	8000	202368654.021564
8500	195971628.338108	8500	202702759.978858	8500	203598162.405708	8500	205104378.173139	8500	197699530.346076	8500	199225549.514339	8500	200065177.800055	8500	200722259.183952	8500	201670150.830520	8500	202162080.290981	8500	202867917.158091
9000	196507340.133814	9000	203193763.482390	9000	203789654.358760	9000	205225964.528959	9000	198014130.926412	9000	199888166.587563	9000	200192383.685683	9000	201060089.398585	9000	201849236.617590	9000	202537367.980201	9000	203071654.238687
9500	196900377.888505	9500	203359416.926990	9500	203763523.554103	9500	205059921.346215	9500	197692413.590585	9500	199315550.955724	9500	199525133.767124	9500	201258614.587556	9500	201607019.120231	9500	203143487.601173	9500	203065964.327579
10000	196363512.655197	10000	202087148.686703	10000	204523494.369606	10000	204644229.546510	10000	197914148.665898	10000	199896728.854239	10000	199956655.742499	10000	200803042.771777	10000	201583259.122200	10000	202248994.422012	10000	202450402.312558
10500	196201973.994347	10500	202014756.802061	10500	203097450.462090	10500	204911867.906190	10500	197855826.408883	10500	199093093.958761	10500	200193191.376822	10500	200948414.470947	10500	200850097.323691	10500	202172792.772877	10500	201838875.956227
11000	196402068.388075	11000	203174280.556543	11000	204859491.445681	11000	205159621.326728	11000	198247731.232843	11000	200267161.682055	11000	200532737.362086	11000	200729898.890658	11000	202065587.040233	11000	202767144.614440	11000	202969371.000960
11500	196790989.818626	11500	203219588.718403	11500	204139863.027651	11500	205352062.338571	11500	197899094.743073	11500	199795441.177643	11500	199380279.162506	11500	200348589.782969	11500	200877344.137390	11500	202570724.158173	11500	202885602.809414
12000	196044227.067484	12000	203897598.173533	12000	204143034.349106	12000	205396691.714373	12000	197228541.315503	12000	199854637.768900	12000	200954513.246997	12000	200609207.546858	12000	201305255.188634	12000	201612061.006494	12000	202214482.085967
12500	196094398.375342	12500	203525451.993827	12500	204076767.099561	12500	205215632.865191	12500	197847346.899458	12500	199502021.370359	12500	198993447.403903	12500	201201791.618729	12500	201232719.995723	12500	202483271.156301	12500	202574283.383076
13000	196111321.627631	13000	203610241.013088	13000	203930905.310305	13000	204704283.659494	13000	197615626.705995	13000	200089247.953474	13000	200807820.607344	13000	201137609.185381	13000	202295880.222247	13000	202013098.542513	13000	202818411.048295
13500	196101632.889227	13500	203857369.972941	13500	204197065.780690	13500	204881687.568718	13500	197395591.966326	13500	199752867.349069	13500	200254584.560871	13500	202000894.935663	13500	201307516.848554	13500	201908576.790003	13500	203095863.618156
14000	195539153.510507	14000	202930960.450850	14000	204031065.448668	14000	204433172.117230	14000	197725699.557005	14000	199804127.362928	14000	199892355.857037	14000	200978078.844902	14000	200731665.240612	14000	201721001.427780	14000	202010686.443063
14500	195740814.542352	14500	202882387.416055	14500	204317617.094537	14500	204304382.200060	14500	197557880.871943	14500	199144020.107962	14500	200412398.034786	14500	201209373.694350	14500	201540856.856094	14500	202281186.157135	14500	202511374.937105
15000	195270227.967881	15000	202520762.790625	15000	203959835.503701	15000	204583602.663552	15000	197750369.784340	15000	199936431.112159	15000	199961666.297439	15000	200451838.434432	15000	201785627.999820	15000	202254434.499845	15000	202608820.187172
15500	195830873.681818	15500	202702021.645461	15500	204422428.774531	15500	205333518.455407	15500	198427007.490597	15500	200286821.218387	15500	200081596.631626	15500	201336686.799206	15500	200933249.618618	15500	202046445.183125	15500	202959088.782513
16000	196467062.280569	16000	203427599.304175	16000	204372620.212164	16000	205758057.784000	16000	198324354.076466	16000	199864613.366787	16000	200654348.465704	16000	201091458.976463	16000	200837190.585359	16000	201796151.853305	16000	202461621.882381
16500	196166839.864913	16500	203138938.278001	16500	204145609.889790	16500	205642861.148302	16500	198405200.431202	16500	199861127.629111	16500	200686835.306146	16500	200483161.393548	16500	201832965.955405	16500	201969725.398817	16500	201792864.768586
17000	196495922.556449	17000	202693790.835292	17000	203932923.652798	17000	204254826.609040	17000	198465377.975623	17000	198866935.159559	17000	200639854.247635	17000	200898771.597484	17000	201544928.799130	17000	202434070.842995	17000	202410139.484728
17500	196119059.218755	17500	203233247.404669	17500	203940221.520804	17500	204782782.015428	17500	199257868.283965	17500	199915612.465178	17500	200810184.571765	17500	200536661.964940	17500	200989332.811087	17500	202436827.617804	17500	202679850.218040
18000	196747609.557457	18000	203290378.665714	18000	203960085.304237	18000	205762520.942533	18000	197482145.066734	18000	198897200.917427	18000	200037058.188830	18000	200609038.036129	18000	201784403.715696	18000	202131119.247537	18000	203007304.080766
18500	196173297.996975	18500	203054636.109275	18500	205048185.543183	18500	204985306.192525	18500	199017380.353128	18500	200005271.198120	18500	199814437.262283	18500	199814229.716608	18500	201207946.631863	18500	202040930.535345	18500	202579408.711619
19000	196115152.027069	19000	203163658.229951	19000	203260744.943465	19000	204787778.837279	19000	198587873.478751	19000	199250106.526734	19000	200594047.618840	19000	201301716.803508	19000	202257683.318588	19000	202233268.536581	19000	202468665.363219
19500	196147291.388555	19500	203053864.477246	19500	204152779.111052	19500	204451468.235169	19500	197201144.578401	19500	199289828.910335	19500	200714353.992603	19500	200036785.179556	19500	201361246.107303	19500	202301076.138311	19500	203361480.495478
20000	196682971.170498	20000	202855786.043369	20000	204232142.827186	20000	204759457.107246	20000	198043759.330930	20000	199226237.516088	20000	199969752.915450	20000	201048587.499516	20000	201286041.541115	20000	202400178.058840	20000	202651976.461297
20500	196826082.778137	20500	203420234.213750	20500	203097748.003421	20500	205162877.299244	20500	197851406.498081	20500	200015759.391376	20500	199451309.025102	20500	200437297.951334	20500	201894819.981798	20500	202412331.656175	20500	202491586.124882
21000	196645744.859658	21000	202918294.399462	21000	203653057.300471	21000	205294054.739742	21000	198698307.396272	21000	200240516.754528	21000	199454839.371111	21000	200919087.896371	21000	200692331.676712	21000	202631665.974433	21000	202638281.796915
21500	196586211.224291	21500	202710009.635256	21500	203687438.257149	21500	206138050.427760	21500	198908395.718713	21500	199500578.383830	21500	198857377.108553	21500	200569247.546610	21500	200156281.665129	21500	202308400.839831	21500	202301414.990037
22000	195878910.187829	22000	203848362.926069	22000	203116824.019932	22000	205072369.530879	22000	199104471.500297	22000	199754613.467740	22000	199267789.661427	22000	200471550.389160	22000	201921480.797429	22000	202205545.827867	22000	202391610.819537
22500	196191209.244723	22500	203175501.432061	22500	203631583.136521	22500	204709669.611267	22500	198275798.130868	22500	199482152.339708	22500	198990849.059640	22500	200976547.676101	22500	201676185.761647	22500	202030567.582540	22500	202211226.860924
23000	196238573.923717	23000	202880964.013208	23000	203802841.433503	23000	206165142.291308	23000	199158996.924519	23000	199251249.023779	23000	199432952.344223	23000	201150151.804199	23000	202641718.991347	23000	202610564.017011	23000	201947767.245515
23500	196609644.237900	23500	202736945.035309	23500	204617292.595120	23500	204468185.191569	23500	198219609.756018	23500	199534840.135913	23500	199348516.735228	23500	200985851.794818	23500	200566920.359717	23500	202153611.080126	23500	201838036.096891
24000	196628283.805255	24000	203493217.630813	24000	202633443.764978	24000	204869834.240869	24000	198543676.914756	24000	199078110.993124	24000	201410956.931588	24000	200448111.903329	24000	202323247.678155	24000	202592805.819662	24000	202769747.712914
24500	197320963.800174	24500	203050634.247203	24500	203819102.559764	24500	204943180.507133	24500	198917768.257118	24500	199730939.365137	24500	199900593.258918	24500	200961136.541976	24500	201388462.404390	24500	202453560.922422	24500	201758577.350914
25000	196133120.157102	25000	202964061.374468	25000	203783598.357946	25000	205026084.721291	25000	199031213.689213	25000	199954336.808758	25000	199959990.948435	25000	201029262.791260	25000	200882643.962567	25000	201807952.957454	25000	203072473.943811
25500	196760174.276753	25500	203013420.938364	25500	203889841.051359	25500	205517184.808233	25500	197872617.911549	25500	199800563.392150	25500	199657278.245434	25500	200186646.945528	25500	201321983.671968	25500	202850952.754773	25500	201992781.276083
26000	197143080.487883	26000	203540469.713631	26000	204263519.972714	26000	205948548.188271	26000	198488373.983926	26000	200260699.067899	26000	199610131.672840	26000	201169864.377439	26000	201694404.432219	26000	202355521.197045	26000	202429112.155191
26500	195798580.141052	26500	202719657.506642	26500	202937983.503092	26500	204529614.130901	26500	197409381.751136	26500	200119611.217599	26500	198982098.560097	26500	199594703.569026	26500	201342156.640342	26500	201848790.905517	26500	201802021.585670
27000	196951517.142602	27000	202113768.436021	27000	203272838.357054	27000	205557947.289606	27000	198337763.043693	27000	198827145.054328	27000	200179386.049871	27000	200469420.862516	27000	201620034.365202	27000	202612870.935417	27000	202619111.727760
27500	197020587.416504	27500	203865496.435291	27500	204654549.667049	27500	205490486.104778	27500	198230861.905627	27500	199905998.685422	27500	200539002.644345	27500	201310577.532622	27500	201006794.565514	27500	202606736.094287	27500	202485799.261859
28000	196676882.317005	28000	203160072.093855	28000	203031604.138549	28000	205280521.110034	28000	197823675.835871	28000	199496797.552344	28000	199891179.647814	28000	201163864.990084	28000	201673542.232133	28000	201789464.454699	28000	202624685.766451
28500	196045278.148420	28500	202994549.943391	28500	203801226.448395	28500	204436046.295574	28500	197690531.019570	28500	199131967.858061	28500	200716934.027814	28500	200565523.005553	28500	201387444.696994	28500	202275416.831895	28500	202221009.374774
29000	195517666.094735	29000	201993602.189530	29000	202944922.630351	29000	203996124.287132	29000	197899007.103261	29000	198982788.033373	29000	200036625.015428	29000	200804359.683724	29000	201092765.127397	29000	202437934.491396	29000	201868327.357751
29500	196068023.604225	29500	203287845.778654	29500	204049972.561626	29500	205776822.426290	29500	198263946.114505	29500	199457132.945963	29500	200533897.278744	29500	200941730.165803	29500	201118006.458901	29500	202201917.793558	29500	202307249.653085
30000	196347688.545593	30000	202866190.848780	30000	203252853.934661	30000	205195903.214981	30000	198199852.945559	30000	198838284.986565	30000	199893304.258188	30000	200736840.166350	30000	201265164.284746	30000	202660437.482482	30000	202562953.042125
30500	196143834.198083	30500	203018856.938541	30500	203460091.256462	30500	204412529.180024	30500	198311925.679201	30500	199334880.421582	30500	200353721.885186	30500	200952967.566345	30500	202701044.004487	30500	202381682.550249	30500	202257231.617827
31000	194447519.372801	31000	202802607.665747	31000	203691416.031551	31000	203565707.435627	31000	198520462.468830	31000	199522096.541807	31000	200026244.184999	31000	201834816.163353	31000	201491519.328579	31000	201968774.152822	31000	202751637.360860
31500	196749469.892286	31500	202791568.844181	31500	204044913.890119	31500	205406639.372043	31500	198313113.087570	31500	199954880.846313	31500	199700074.022005	31500	200989840.650271	31500	200667854.276455	31500	201935063.039274	31500	202462798.851487
32000	195968374.330136	32000	203006925.541824	32000	204141959.178581	32000	204701717.508501	32000	199086179.504628	32000	199075615.417625	32000	200389508.236411	32000	200908337.051688	32000	202190948.208538	32000	202004464.677060	32000	202778195.926796
32500	195330070.924733	32500	203391451.227551	32500	203971585.562528	32500	203938521.183274	32500	198031895.644995	32500	199637922.111090	32500	200096496.764792	32500	200454396.335419	32500	201360935.996351	32500	202120313.625423	32500	202594195.230099
33000	196949246.805712	33000	203464669.802729	33000	203336903.551064	33000	205303292.494511	33000	197530941.102008	33000	199708229.009387	33000	200647418.713932	33000	201382239.043015	33000	201441410.905388	33000	201781144.782796	33000	202511995.443029
33500	195750986.562345	33500	203653249.781710	33500	203057237.561147	33500	205012507.631229	33500	197431053.703933	33500	198970222.394914	33500	199894513.805597	33500	200879603.346748	33500	201134575.919582	33500	202400520.707471	33500	202450657.775479
34000	196484943.275588	34000	202607339.889786	34000	204129448.169303	34000	203829286.201066	34000	198365490.548944	34000	198154540.198150	34000	201142767.550050	34000	201193809.672387	34000	201280148.511347	34000	201751309.823046	34000	202209797.120187
34500	196630097.439718	34500	203076111.980885	34500	204646005.595640	34500	205120683.550011	34500	198547480.548564	34500	199605935.572386	34500	200116869.204905	34500	200729108.947921	34500	200961456.329181	34500	201221977.191539	34500	203138813.123678
35000	196603309.253247	35000	203701449.657988	35000	203361769.991379	35000	205183664.975982	35000	197542189.639321	35000	199801275.496564	35000	200359467.160757	35000	201659695.253535	35000	200990584.657357	35000	202006230.950360	35000	203005804.914222
35500	196516621.851745	35500	203020234.076139	35500	204020410.631622	35500	205011835.886182	35500	198149904.535025	35500	199307104.880589	35500	200251222.436867	35500	201032742.311872	35500	201347870.307784	35500	201645670.070488	35500	202325438.846558
36000	196837621.908144	36000	203463686.760197	36000	203779041.928040	36000	204907619.268857	36000	197526422.997815	36000	200010090.247815	36000	199803822.094812	36000	201235751.333623	36000	201101981.436627	36000	202261454.384195	36000	202711979.113336
36500	195631488.536328	36500	203244746.464747	36500	203962056.474261	36500	203905117.048425	36500	198213560.316792	36500	198924467.053992	36500	200673937.050292	36500	201135612.158174	36500	200567542.193496	36500	202331490.652960	36500	201552667.652097
37000	196151852.678979	37000	202928319.056913	37000	203659798.943607	37000	204161548.985486	37000	198011397.066809	37000	199979383.857775	37000	199874447.623981	37000	200240139.928058	37000	201504296.042003	37000	202072757.879223	37000	202182892.255303
37500	196963092.544199	37500	202685969.217077	37500	204118274.053021	37500	205217828.867247	37500	197507397.451487	37500	199604648.133727	37500	199921228.737209	37500	201324312.263655	37500	200917642.474908	37500	201477502.989167	37500	202609690.851730
38000	196750150.833881	38000	202752701.665400	38000	203418643.728045	38000	205203850.276198	38000	197727892.300630	38000	199140142.659569	38000	200500536.155631	38000	200819297.414455	38000	200517679.151937	38000	202437071.492079	38000	202434176.652772
38500	195661138.662125	38500	203010125.318665	38500	204078671.374419	38500	204254678.213817	38500	198353721.816901	38500	199035094.213976	38500	199669865.415006	38500	200894077.811570	38500	200871814.477308	38500	202227474.053322	38500	202074793.297659
39000	196018204.320879	39000	203230616.455494	39000	204020259.350317	39000	204470737.066993	39000	197268122.207641	39000	199155910.233997	39000	200866466.081767	39000	201064183.893083	39000	201364126.657084	39000	201498258.000047	39000	203150297.402832
39500	195744258.683205	39500	203269587.109675	39500	203481575.783875	39500	204644914.456403	39500	198390012.122098	39500	199209423.184060	39500	200131996.125040	39500	200662521.662476	39500	201532333.210650	39500	201293042.903434	39500	201837408.154422
40000	195058334.900350	40000	203335576.391756	40000	203733747.960069	40000	204123035.796074	40000	198610358.482053	40000	198997975.262545	40000	200306051.351425	40000	200965580.502001	40000	201095661.770601	40000	202429067.095396	40000	201870138.636357
40500	196191160.176365	40500	203135861.788423	40500	203274571.144379	40500	204786639.164629	40500	198659278.135625	40500	199281970.686437	40500	200336369.216460	40500	200601490.899352	40500	200841694.423406	40500	201434528.847113	40500	202699417.566869
41000	196549961.911050	41000	202762355.154915	41000	204045070.858535	41000	205270243.068493	41000	198657020.205742	41000	200243588.989312	41000	200548756.340129	41000	201138446.496641	41000	201705841.884098	41000	202145330.623721	41000	202304649.911520
41500	196321063.491209	41500	202627865.764897	41500	204154330.073768	41500	205551614.095421	41500	197903326.060526	41500	199385583.300401	41500	200464462.175851	41500	200855038.827006	41500	201379243.807989	41500	202162393.070836	41500	201911194.618954
42000	197072257.585032	42000	203553757.936961	42000	204038822.187894	42000	204951883.140330	42000	198630863.704957	42000	200176269.750149	42000	200131988.934717	42000	201321313.045211	42000	201973211.800833	42000	202096581.236847	42000	201990757.716218
42500	196812183.517391	42500	203684384.828447	42500	203618643.479781	42500	205227258.248628	42500	197770282.968238	42500	200325660.495111	42500	200446244.571319	42500	201068101.170873	42500	202652812.177810	42500	201573837.155562	42500	202668218.243299
43000	196453526.667724	43000	201831269.440533	43000	203882155.752903	43000	204526837.087148	43000	197500527.620393	43000	199401653.340045	43000	200405645.746448	43000	200906670.247172	43000	202440586.751908	43000	201909121.137127	43000	201993769.893705
43500	196717401.266599	43500	203298404.497640	43500	203970367.916661	43500	204500602.855636	43500	197005463.202530	43500	200074995.546685	43500	199978215.067253	43500	200327337.135101	43500	201533158.392278	43500	202058354.078918	43500	202750282.992235
44000	196874836.860553	44000	202738784.343838	44000	204406338.884669	44000	205772311.737982	44000	197699334.272580	44000	199636841.209483	44000	199786539.634118	44000	200660305.855220	44000	201749661.605650	44000	201797643.821867	44000	202239202.258780
44500	197424127.568965	44500	202332447.000675	44500	203559287.576228	44500	205374584.921856	44500	198085346.480265	44500	200085312.019656	44500	200223034.992305	44500	200462158.958612	44500	201730691.258683	44500	200750279.681638	44500	202409539.796896
45000	196166534.803534	45000	203161694.520131	45000	204057622.209038	45000	205495381.300975	45000	198048548.430681	45000	200020537.247436	45000	200315854.450025	45000	201233773.590411	45000	200609495.644406	45000	201687802.973893	45000	202356009.098322
45500	195829417.733269	45500	202292367.094812	45500	204129702.603055	45500	204702339.655692	45500	197575702.169058	45500	199618697.289597	45500	199983700.351714	45500	199960163.922935	45500	201451923.808734	45500	201731959.387817	45500	202587068.544057
46000	196953236.271029	46000	202858329.148734	46000	203049105.831156	46000	206573836.364178	46000	197679128.687896	46000	199877512.430239	46000	200118086.791119	46000	201507773.318616	46000	201488097.431195	46000	201674909.648281	46000	202554208.068879
46500	196911261.987504	46500	202339583.276581	46500	204567438.476742	46500	205078278.086232	46500	198151158.694827	46500	199910376.392139	46500	200062041.579615	46500	200800769.445223	46500	201197674.090569	46500	200831463.854699	46500	202201234.597765
47000	196630188.203948	47000	202018700.385132	47000	204764725.978241	47000	204692102.219006	47000	198461551.868003	47000	200094752.900721	47000	200943940.616492	47000	201302720.269140	47000	200875596.740881	47000	201494347.796193	47000	202438730.614287
47500	195853050.938788	47500	202008194.688520	47500	204949343.956449	47500	204351697.123091	47500	197565012.243273	47500	198665103.875832	47500	200058127.512010	47500	201218720.338648	47500	201608001.113941	47500	201437049.299009	47500	202133515.580439
48000	196209731.853281	48000	202705838.271817	48000	203929737.157540	48000	205368851.389633	48000	198970636.671321	48000	200935898.147864	48000	199460543.183522	48000	200945830.386058	48000	201521884.145845	48000	202496942.283186	48000	202230523.019418
48500	196625990.295354	48500	203051456.966081	48500	204035231.258914	48500	205667211.864473	48500	197107997.920456	48500	198872537.787155	48500	200303988.333414	48500	200360471.406103	48500	200846874.494948	48500	201813238.561448	48500	203133531.418964
49000	196135966.929234	49000	202952042.712843	49000	202894006.972513	49000	205640775.644541	49000	198233039.695361	49000	199240805.547495	49000	200106780.934738	49000	201773100.194394	49000	201439175.499251	49000	201681702.008273	49000	202563515.445923
49500	195426949.874141	49500	203639202.420335	49500	203420151.544973	49500	204142197.743930	49500	197323350.157802	49500	199268951.997902	49500	200960417.909452	49500	201318907.058842	49500	202085775.402627	49500	202069556.385672	49500	202526010.897202
50000	197068121.580142	50000	202105083.794939	50000	204023161.059069	50000	205139411.075816	50000	197107058.055366	50000	199151398.897447	50000	199193966.202102	50000	200917312.968784	50000	201606455.888917	50000	201377411.126486	50000	201801534.035330
50500	197009701.854614	50500	202647134.836493	50500	202981667.404444	50500	205207733.649980	50500	196955088.842117	50500	199680969.878130	50500	200643852.923859	50500	201488721.973596	50500	201868402.628718	50500	201294778.621675	50500	202694923.350534
51000	196815815.190358	51000	203754266.857235	51000	203687199.968758	51000	205847574.949177	51000	199383037.165212	51000	199319980.909072	51000	199826907.263822	51000	201830905.743392	51000	201714204.546696	51000	201925955.793141	51000	202431970.449837
51500	195847699.040238	51500	203456845.158243	51500	203193063.832252	51500	204511983.992926	51500	197769825.043212	51500	199852030.321262	51500	199432803.683357	51500	199994354.941600	51500	200778202.187800	51500	202271436.852850	51500	202422730.300369
52000	196743115.606649	52000	202541926.234790	52000	203397891.773371	52000	204573156.802110	52000	197407819.961271	52000	199315995.776692	52000	200506151.977093	52000	200502637.248194	52000	201953012.406577	52000	202392921.309110	52000	202450458.714064
52500	195217751.381336	52500	202659434.005331	52500	204233151.945159	52500	204409264.727633	52500	197554933.104813	52500	199293464.746888	52500	199725412.418053	52500	202091284.128635	52500	201767376.144693	52500	201903467.508620	52500	202612170.219456
53000	196195385.283577	53000	202453440.590825	53000	204204177.954558	53000	204131197.036468	53000	197757665.730542	53000	198862863.547241	53000	200143379.828720	53000	200694283.448469	53000	200875114.831654	53000	202189344.757732	53000	203357878.662599
53500	196340301.568231	53500	202929631.719107	53500	204052836.365663	53500	205195976.891986	53500	198200413.296728	53500	199207007.251119	53500	200678963.466059	53500	201200323.134053	53500	200420017.086795	53500	201720615.932594	53500	202790003.921011
54000	195802805.922624	54000	202981704.198488	54000	204291270.471345	54000	204955700.645985	54000	197670638.846434	54000	199471531.358096	54000	200025161.214937	54000	200009458.460279	54000	201445158.677528	54000	201987262.222628	54000	202119877.581316
54500	196149553.457770	54500	202429692.548377	54500	203313518.575063	54500	205336453.593071	54500	197402647.667639	54500	199793144.727014	54500	200093999.396516	54500	200368308.663499	54500	200927869.114092	54500	201725628.728437	54500	201544897.788554
55000	196399051.195296	55000	202180133.385599	55000	203672918.464163	55000	205071621.185116	55000	198735051.116695	55000	200684923.347520	55000	200155721.141404	55000	201145312.330272	55000	201676202.502006	55000	201842020.780067	55000	202649961.682448
55500	196004713.078137	55500	202899182.262591	55500	203828454.750131	55500	205056514.676154	55500	197772189.482560	55500	199584199.847724	55500	200966008.598407	55500	201079668.571279	55500	200012661.773101	55500	201138455.871695	55500	202239930.757939
56000	195127675.481219	56000	202215535.261289	56000	204276769.998480	56000	204673045.322227	56000	197803528.007495	56000	199235970.211925	56000	199596737.273796	56000	201070624.278220	56000	200678035.055328	56000	201708952.341507	56000	202455833.881813
56500	196266596.203720	56500	201753952.433932	56500	203413964.214137	56500	204307933.771161	56500	197068158.886401	56500	198668051.706277	56500	200131150.277278	56500	201226098.907814	56500	201310365.764692	56500	201014676.829878	56500	202057312.610436
57000	197343599.558753	57000	202015344.797730	57000	203417690.920168	57000	205560017.046836	57000	198064384.895533	57000	198998272.770413	57000	200381877.045056	57000	201268419.871699	57000	201428015.390588	57000	201725632.097546	57000	202312866.234568
57500	195754067.270002	57500	202876628.128466	57500	204436548.356254	57500	204525278.458649	57500	198209308.250711	57500	199461022.161836	57500	199648522.263747	57500	199985755.585555	57500	201553808.964194	57500	201713943.307109	57500	201879287.653344
58000	197075936.020695	58000	203001623.100596	58000	203542623.445570	58000	206156228.055312	58000	197297363.100939	58000	199996798.225517	58000	200484402.802162	58000	201139856.499220	58000	201312059.288331	58000	201321113.667630	58000	202980313.673831
58500	195841606.554183	58500	203386232.228598	58500	203639552.482252	58500	204889998.333494	58500	198504653.889001	58500	199749022.558891	58500	201055542.721918	58500	200899239.617520	58500	201327199.689903	58500	201949362.133624	58500	201662775.020220
59000	196121382.515063	59000	202914304.865228	59000	203839497.696458	59000	204629788.700940	59000	197844237.932298	59000	199144355.695615	59000	199605363.431708	59000	200774901.813336	59000	201955832.430413	59000	201927648.072846	59000	202403431.328916
59500	195709005.670503	59500	203163781.420839	59500	203723519.953242	59500	204665444.921809	59500	197490328.758494	59500	198710357.529632	59500	201303331.811914	59500	200451610.957698	59500	200843197.622489	59500	201887517.336604	59500	203455085.662618
60000	196344499.675046	60000	203511358.791980	60000	203569180.040770	60000	204892793.085015	60000	198334627.574236	60000	199404641.260057	60000	200736906.380769	60000	200051455.237208	60000	201979282.246788	60000	202495102.028960	60000	202755988.459008
60500	196918041.283870	60500	203176562.116500	60500	203356486.724420	60500	204791062.059639	60500	198284838.319015	60500	200002943.616836	60500	199916548.595809	60500	200672085.330335	60500	200379950.240096	60500	201795680.916798	60500	202038064.458899
61000	197110318.684850	61000	203034055.106689	61000	203998009.847024	61000	204950153.442498	61000	198497953.318936	61000	199044451.307192	61000	200180206.569578	61000	200737031.302262	61000	200980649.414615	61000	202306258.070045	61000	202128773.737406
61500	197079916.877161	61500	202882142.510337	61500	204190356.980516	61500	205064943.208879	61500	198164693.795040	61500	199350479.326934	61500	199754624.464686	61500	200517152.246348	61500	201918771.465942	61500	201584561.966766	61500	202140174.235560
62000	195518276.101924	62000	203284531.207558	62000	203802801.186552	62000	205092867.522919	62000	198901265.260386	62000	199964879.709173	62000	200074890.830746	62000	200069267.604602	62000	201974166.665540	62000	201291344.580732	62000	201637130.934404
62500	195944699.708704	62500	203013773.094896	62500	203812452.739630	62500	205201776.586003	62500	197775987.715203	62500	199515460.716170	62500	200303972.558161	62500	201568645.201148	62500	201428454.000785	62500	202414468.832743	62500	202896315.638821
63000	195482269.032278	63000	201943013.952648	63000	204029136.600268	63000	205185718.234073	63000	197967251.505587	63000	199647334.622456	63000	199510742.047969	63000	201152983.504730	63000	201040802.520142	63000	201576233.041561	63000	202323739.529002
63500	195242211.839500	63500	202625107.867530	63500	203599514.200647	63500	204718855.624480	63500	198218337.168447	63500	199201423.114259	63500	199972485.666069	63500	201186800.563805	63500	201647082.003456	63500	202000120.881117	63500	201304500.503480
64000	196133439.903953	64000	201530769.436923	64000	203990834.158825	64000	204880498.653964	64000	198154511.936267	64000	199163405.741993	64000	200029803.772603	64000	200294249.354016	64000	201571985.419683	64000	202465122.552827	64000	201797175.803462
64500	196076590.704271	64500	202704381.004314	64500	203412855.170927	64500	205386637.376746	64500	197892706.851715	64500	199569036.206366	64500	200781103.046014	64500	201066611.351730	64500	201453933.117460	64500	202061675.150133	64500	202025792.793233
65000	196389921.513591	65000	202946407.030079	65000	203963728.815964	65000	205235457.338544	65000	197558544.674223	65000	200468220.174467	65000	199839881.427357	65000	200329562.643366	65000	201626049.747732	65000	202613218.211302	65000	202949718.790635
65500	195098241.223238	65500	203219056.569446	65500	204338171.305780	65500	204419529.701374	65500	197662850.964874	65500	199361444.138635	65500	199571915.922931	65500	200445804.010144	65500	201924606.260316	65500	202038341.870768	65500	202124272.063797
66000	196084622.044503	66000	203036941.908713	66000	204328176.003666	66000	204705362.186596	66000	197659111.448302	66000	198736951.083846	66000	200571277.358956	66000	201308555.437709	66000	202132279.429713	66000	202743802.629955	66000	201950004.962289
66500	196236008.054612	66500	202614986.196396	66500	203808145.319584	66500	204728398.624466	66500	198187689.234957	66500	199591332.022168	66500	200617873.192370	66500	200501906.440002	66500	201025647.326221	66500	202706673.775793	66500	201955125.392989
67000	196824438.712017	67000	203202222.718716	67000	203165115.395093	67000	204965706.829829	67000	197107408.601168	67000	199858894.908945	67000	200376609.367467	67000	201452956.309310	67000	201466074.536768	67000	201853907.393912	67000	201760647.316982
67500	196733881.115942	67500	203252197.569427	67500	203793738.569464	67500	204900431.321700	67500	197998678.146357	67500	199396354.499085	67500	200701006.433201	67500	200584712.288706	67500	202069845.127613	67500	201823129.600134	67500	201779635.430354
68000	196395323.429188	68000	203020093.336051	68000	203670023.661409	68000	203919526.034285	68000	198527964.727631	68000	198802298.401498	68000	200365394.929439	68000	200985949.496844	68000	201083812.516930	68000	202055911.884522	68000	202161886.420354
68500	196499632.277780	68500	202214581.858889	68500	204101183.902159	68500	204530192.684191	68500	197043068.274209	68500	199540138.827752	68500	200335005.182266	68500	201351242.131569	68500	200982277.397546	68500	201823510.261705	68500	202483255.308782
69000	196164492.963880	69000	204132710.140407	69000	203645734.834537	69000	204770127.427805	69000	198024576.966151	69000	198848685.689127	69000	200546716.348047	69000	200165482.896115	69000	202235584.214432	69000	202043149.216912	69000	202407239.959524
69500	196010492.222100	69500	202974423.480212	69500	203665994.612990	69500	204517151.566694	69500	198438841.453086	69500	200355898.507022	69500	200627916.539089	69500	200021555.398438	69500	200643770.758306	69500	202411119.967287	69500	202711557.567358
70000	197000563.395723	70000	202986210.006333	70000	204441389.545689	70000	205364407.851695	70000	198471407.111354	70000	199137041.670445	70000	200287906.201078	70000	200994584.860135	70000	201788994.501932	70000	202187177.409795	70000	202967284.080647
70500	196327717.905679	70500	202907208.587872	70500	203486477.513075	70500	205240055.302785	70500	197534139.581785	70500	199202136.742894	70500	200663610.538169	70500	200980574.208670	70500	201798607.914680	70500	201961799.808871	70500	203051437.067960
71000	196241754.406308	71000	203089631.463213	71000	204190123.592204	71000	205430574.876918	71000	197146479.584747	71000	200563015.916614	71000	199775297.468236	71000	200605108.047018	71000	201918287.639804	71000	201684339.039910	71000	202703131.642959
71500	195865177.487878	71500	203500701.581060	71500	203934470.029666	71500	204299352.823717	71500	198745117.936627	71500	199344325.230740	71500	200417623.904339	71500	201612253.912676	71500	201501821.649944	71500	203197979.961280	71500	202204146.706980
72000	195678915.964255	72000	203353380.268512	72000	203714232.807530	72000	205050902.857882	72000	197682538.921661	72000	199301335.011055	72000	199942498.116650	72000	200125416.134132	72000	201191958.165197	72000	202011649.708549	72000	202195455.239023
72500	195946113.939906	72500	203433099.363564	72500	203810359.197425	72500	204578085.242035	72500	197724317.335023	72500	198884155.131288	72500	200002392.770004	72500	201237151.739836	72500	201755804.024134	72500	202285628.656802	72500	203099523.763187
73000	196356000.725973	73000	203014665.124928	73000	203555969.969099	73000	204992549.577616	73000	197539102.564443	73000	198704080.432791	73000	200786664.979771	73000	199844603.389433	73000	201423338.850024	73000	201885252.187312	73000	202579102.691693
73500	196124979.165628	73500	203759051.333424	73500	202942779.419018	73500	204535110.121124	73500	197575727.042508	73500	199031172.494688	73500	200229044.549475	73500	200610513.937856	73500	201569654.172740	73500	201601189.374273	73500	203299324.785316
74000	196710775.275732	74000	202730328.542074	74000	203917951.710634	74000	205014874.495554	74000	197788793.437024	74000	199352254.470227	74000	199669136.281262	74000	200957166.781646	74000	201556786.493384	74000	202547900.122927	74000	202791052.401611
74500	196275947.023195	74500	202426837.966658	74500	203851379.284357	74500	204054154.565434	74500	198544987.305110	74500	199479139.024188	74500	200427678.584939	74500	200843376.115174	74500	200749042.590725	74500	201601910.709995	74500	202053546.427260
75000	197251228.543449	75000	203799316.491232	75000	204942381.048014	75000	205852694.810108	75000	198587254.252937	75000	200518458.518227	75000	200000727.094840	75000	200351779.999250	75000	201751736.421361	75000	202174120.647688	75000	202935195.046350
75500	195491666.588824	75500	203056305.761092	75500	204289000.278548	75500	205331274.583465	75500	197756443.420025	75500	199592303.783836	75500	201386929.610906	75500	200863648.594858	75500	200998695.603812	75500	201435484.894041	75500	202820050.856036
76000	196033594.166083	76000	203173526.747958	76000	204005086.034544	76000	204531674.480595	76000	197681027.913373	76000	199515262.005807	76000	200688097.527585	76000	200015673.058735	76000	201181304.860288	76000	202321984.889934	76000	202669990.417482
76500	196261903.093285	76500	202733756.428378	76500	203821127.036561	76500	204688057.890673	76500	197762482.385467	76500	199506995.041843	76500	200265983.225937	76500	200753190.678222	76500	200876161.487062	76500	201768500.330048	76500	202168433.113361
77000	197198726.295989	77000	203589203.259291	77000	204471256.464738	77000	204954077.496595	77000	198302933.986675	77000	199486238.982663	77000	200511099.762264	77000	201244821.411876	77000	201521277.101585	77000	202086187.634145	77000	203716734.546506
77500	195324777.776703	77500	203526261.292801	77500	203729332.856748	77500	204709355.009649	77500	198016045.684946	77500	199621652.825059	77500	200268544.911084	77500	200296299.024803	77500	201852939.672959	77500	201782310.876437	77500	201424715.524161
78000	196111711.188801	78000	203169658.528736	78000	203917742.990928	78000	204761892.605692	78000	198851500.321560	78000	199601327.841600	78000	200184656.915422	78000	200481854.085182	78000	201502958.759272	78000	202391008.061532	78000	201377248.594553
78500	196460755.448672	78500	203085836.472202	78500	203453835.077386	78500	205172643.294714	78500	196879258.345564	78500	199767540.701118	78500	201075828.146574	78500	200745768.531800	78500	201513295.721091	78500	202802506.901542	78500	202455739.489792
79000	195516626.836585	79000	202930178.829006	79000	203215264.549637	79000	204527033.937447	79000	198152642.050320	79000	198592235.893716	79000	200459468.620845	79000	201707825.972089	79000	201204844.536952	79000	201738793.588462	79000	202435912.983272
79500	196894551.304031	79500	203773516.284070	79500	203238721.343189	79500	205196663.493378	79500	198169427.075756	79500	199405319.286939	79500	199173950.760867	79500	200700270.495680	79500	200709106.062446	79500	201440057.607525	79500	203016235.251113
80000	196685973.780882	80000	202843704.697901	80000	204039668.639121	80000	205179870.984770	80000	197868169.818922	80000	199355288.461937	80000	199943699.002054	80000	201584612.176532	80000	201273756.443448	80000	202194868.469457	80000	203253641.696052
80500	195815231.476310	80500	202640988.817720	80500	202938346.125956	80500	203880386.294785	80500	196774930.558201	80500	199508032.248506	80500	200108593.318627	80500	200665988.787208	80500	201804837.184180	80500	202173892.227108	80500	202150785.159743
81000	197065741.766300	81000	202927294.187357	81000	203354068.589227	81000	205500028.182034	81000	198461365.290625	81000	199232755.991069	81000	199719921.912277	81000	200221599.590766	81000	201190650.048267	81000	200974359.665013	81000	202791387.523016
81500	196232995.880445	81500	203228886.481656	81500	203761086.669070	81500	204864577.405362	81500	198032087.110978	81500	199100771.912193	81500	200375285.113664	81500	200259377.671368	81500	200976411.888673	81500	201528129.445724	81500	202418773.846806
82000	197125222.827012	82000	203168650.889115	82000	204695984.373983	82000	205205105.835971	82000	197328548.455946	82000	199199534.443508	82000	200327177.997648	82000	200610325.623769	82000	201868426.877225	82000	201801831.183689	82000	202493090.184663
82500	196145977.664982	82500	202859881.799926	82500	202903252.714053	82500	204487595.610134	82500	198762563.678496	82500	199201459.427964	82500	199143510.399635	82500	200360273.071428	82500	201667971.297655	82500	202954260.618688	82500	202840186.016650
83000	196211448.702244	83000	202757848.532801	83000	203695339.741624	83000	204613441.319113	83000	198257034.860452	83000	199109179.524470	83000	200061274.045714	83000	200645210.132495	83000	202166174.304845	83000	202219997.773450	83000	202926676.821232
83500	196834424.875753	83500	202461222.750437	83500	203515336.892379	83500	204487964.732438	83500	198038338.687466	83500	199387592.588314	83500	199411506.568662	83500	199969216.014599	83500	202009031.265848	83500	202593855.138440	83500	202515931.577784
84000	196101042.190947	84000	203327852.223205	84000	204460099.093677	84000	205461785.901716	84000	197584807.334904	84000	199742425.918673	84000	199866304.344614	84000	201151890.196783	84000	201556056.588008	84000	201864992.111742	84000	201881604.746106
84500	196802396.046891	84500	202876581.538698	84500	204164334.730422	84500	205391830.760934	84500	197955594.215980	84500	200306627.194088	84500	200670845.970592	84500	200881000.720565	84500	201697547.830273	84500	201826933.660000	84500	202519426.722023
85000	195663886.863220	85000	203040491.611912	85000	205140584.712275	85000	204588221.358990	85000	198969864.504601	85000	199516216.838457	85000	200349469.563144	85000	200914896.584909	85000	201706885.546668	85000	201791198.600164	85000	203807405.369565
85500	195724082.562129	85500	202700098.518196	85500	204137570.274738	85500	204802392.551489	85500	198321040.282841	85500	199100334.519518	85500	200476067.965519	85500	201095536.797255	85500	201730478.545232	85500	202282300.751123	85500	202221543.274552
86000	196821051.546210	86000	202442073.997869	86000	203850498.684738	86000	205257110.049088	86000	198657802.278812	86000	199761121.855853	86000	200024966.108863	86000	200459029.648936	86000	202133000.495585	86000	202307460.425242	86000	202059818.117542
86500	196253742.212477	86500	203018735.127244	86500	204375699.481106	86500	204755429.548824	86500	197421208.772941	86500	199288075.724777	86500	199778758.722536	86500	200714473.434048	86500	202040643.639483	86500	201673556.417176	86500	203097805.632947
87000	196342263.598051	87000	203041820.595735	87000	204261449.418028	87000	205092010.957863	87000	199117802.839966	87000	198873734.990050	87000	200455183.112649	87000	200818597.006661	87000	201523170.834565	87000	202238343.257511	87000	202838936.212344
87500	196439247.861031	87500	203263154.510486	87500	204649078.160230	87500	204265664.996662	87500	198262621.066958	87500	199766990.758880	87500	199925869.302195	87500	201450395.271584	87500	202175362.028642	87500	202451442.609240	87500	202032644.879201
88000	195866458.314450	88000	203091732.767139	88000	203442838.181812	88000	205222482.864570	88000	198171216.604114	88000	198767092.163999	88000	199769937.722369	88000	201874081.346290	88000	201550966.397166	88000	201493533.219700	88000	202414497.081527
88500	196083148.380094	88500	202913923.172912	88500	204671541.591412	88500	205212228.808887	88500	197015979.912500	88500	199817889.109489	88500	199877268.247511	88500	201970090.068549	88500	202022743.145772	88500	201316601.583788	88500	202288049.412169
89000	195867421.085899	89000	203859055.421383	89000	203780505.255883	89000	204208572.852927	89000	198279808.580870	89000	199699981.892507	89000	199569175.752157	89000	201023403.860880	89000	201832623.767360	89000	201819057.461516	89000	203044624.811931
89500	196408157.707270	89500	202941287.712098	89500	203924446.487012	89500	205483029.041149	89500	198185652.115180	89500	199439697.834208	89500	200505547.301996	89500	200988277.750839	89500	201655132.119809	89500	202083364.938533	89500	203639272.467369
90000	195646617.169160	90000	203759797.547509	90000	203605088.823513	90000	204645332.514365	90000	198411973.847072	90000	199733306.892470	90000	200060171.449274	90000	200460777.083665	90000	201804425.856787	90000	202123902.916495	90000	202389224.629637
90500	196068639.082342	90500	203499774.599970	90500	204484385.263673	90500	204977871.587199	90500	198168810.689688	90500	199540910.902076	90500	199954473.756667	90500	201087035.741248	90500	201909759.100458	90500	202150831.285465	90500	201969378.311063
91000	196094097.328086	91000	202660155.603457	91000	204427974.347136	91000	204730419.594251	91000	197536935.363862	91000	199889166.041134	91000	200222792.222032	91000	201404764.547158	91000	201056431.030221	91000	201660609.975312	91000	203714088.706497
91500	195621735.172200	91500	202937074.609980	91500	205101663.194846	91500	204572978.041453	91500	197561985.082013	91500	200139530.529073	91500	200870072.038645	91500	200430770.374562	91500	201358237.601541	91500	200746938.563660	91500	202239608.201690
92000	196307989.999707	92000	202655395.326183	92000	204497348.546984	92000	204758125.113009	92000	198833132.745030	92000	198726717.636912	92000	199894326.571581	92000	200818490.506938	92000	200836311.581927	92000	202777817.631534	92000	201738728.160244
92500	196479109.824602	92500	202862377.122766	92500	204172439.561935	92500	205630344.233701	92500	197517565.679734	92500	199984121.817026	92500	200711405.973419	92500	200672200.518266	92500	201209279.952966	92500	201915979.692395	92500	202529900.496318
93000	196155011.196069	93000	202998646.356169	93000	203555847.811532	93000	204756598.381324	93000	198221359.112881	93000	199479982.307602	93000	200699542.178784	93000	200761776.625612	93000	200910078.422479	93000	201618030.465905	93000	202577458.910997
93500	195774629.728396	93500	202591408.557505	93500	203637946.185197	93500	204570437.448087	93500	197563321.174082	93500	198763261.807407	93500	200017869.637940	93500	200651225.076827	93500	201357876.989344	93500	201499784.117019	93500	202965937.698347
94000	195423099.443335	94000	203060526.461181	94000	203815244.162547	94000	204599795.169681	94000	197917739.019032	94000	199945584.578574	94000	200528833.596966	94000	200875553.762956	94000	202617195.108635	94000	202281143.317613	94000	203257110.142443
94500	196667169.007374	94500	202815584.036807	94500	204462557.940459	94500	204372156.172605	94500	198063089.224704	94500	200098701.172119	94500	200284277.100312	94500	200142301.467583	94500	201883395.784550	94500	201377942.404252	94500	202310042.508902
95000	195856208.420275	95000	202792456.211743	95000	203304066.775862	95000	204237703.011479	95000	197425250.278343	95000	199455831.248719	95000	200369002.550058	95000	201522559.253025	95000	200648149.605208	95000	202182161.900525	95000	202749815.485281
95500	196433866.175317	95500	203094821.830778	95500	204651787.656351	95500	204307978.424178	95500	197120121.624054	95500	199231953.068274	95500	200260190.854352	95500	201001388.380542	95500	201413358.342353	95500	202455639.494965	95500	203145008.059725
96000	195855599.356480	96000	202372668.481010	96000	203956651.800228	96000	204789264.225715	96000	197295554.980220	96000	200438373.084886	96000	199708577.979844	96000	201005722.567811	96000	201419239.801355	96000	201915779.546530	96000	202773975.919411
96500	196097255.076725	96500	202375244.242914	96500	203072833.395626	96500	204931213.342012	96500	198820445.464477	96500	199285439.060321	96500	200306871.984477	96500	201460457.521928	96500	200908270.261531	96500	201546928.380060	96500	202651194.490498
97000	196120400.625964	97000	202643676.542362	97000	204417108.690712	97000	204083670.493149	97000	197892687.237668	97000	199646772.118022	97000	200141332.564185	97000	201310237.090173	97000	201155392.055382	97000	201970015.410977	97000	202407134.820818
97500	195655437.186138	97500	203663315.088654	97500	204298384.878289	97500	204687553.125546	97500	198346105.779265	97500	199510070.600918	97500	200359343.701482	97500	200746729.745680	97500	200898474.781815	97500	202160475.029200	97500	202213809.209948
98000	196529209.458623	98000	203499189.004280	98000	203514166.137883	98000	204709718.144282	98000	198072131.645672	98000	199783075.124193	98000	199139671.835558	98000	200859113.087060	98000	201482242.092982	98000	202350389.335101	98000	203317168.977220
98500	195904497.769717	98500	202823571.121181	98500	203533045.052825	98500	204386513.134351	98500	198228643.557733	98500	198875005.701926	98500	199311570.303795	98500	201207529.753599	98500	200551726.615844	98500	201711631.515710	98500	203038975.739588
99000	195181093.725685	99000	203045758.123128	99000	204817697.295235	99000	205209464.468399	99000	198688202.354617	99000	199423565.435398	99000	200224311.054850	99000	200071214.718893	99000	201857897.669037	99000	202080705.987381	99000	201741231.755235
99500	196866379.356531	99500	203634598.261863	99500	203830109.157179	99500	204911561.923782	99500	197999332.230301	99500	200177604.319388	99500	200698302.745978	99500	201701284.139301	99500	200952346.983302	99500	201468182.594746	99500	203057055.579365
100000	195933651.946017	100000	204775317.924884	100000	204874502.952283	100000	204651404.341191	100000	198083379.115400	100000	199435022.611741	100000	200962714.046709	100000	202072361.847400	100000	201527661.380579	100000	203057259.615241	100000	203504792.205557
