#	SIM_20_0.05_-6.23	
1	1027.63597657481
500	1026.75544491563
1000	1026.42233306757
1500	1026.30678923120
2000	1026.17390571777
2500	1026.03436008240
3000	1025.82750452348
3500	1025.74279469254
4000	1025.77754022843
4500	1025.82252488197
5000	1025.91697233201
5500	1025.93004183321
6000	1025.93673588330
6500	1026.03997065295
7000	1026.11773330494
7500	1026.19923970168
8000	1026.33663010267
8500	1026.42575447982
9000	1026.58732268263
9500	1026.66021006697
10000	1026.79951224118
10500	1026.81216641164
11000	1026.79204364889
11500	1026.78971790049
12000	1026.99976666460
12500	1027.09358500092
13000	1027.13385158250
13500	1027.17642352988
14000	1027.33328993923
14500	1027.45115640188
15000	1027.54666630193
15500	1027.63414206205
16000	1027.68101868511
16500	1027.71373482470
17000	1027.79521410223
17500	1027.81206603199
18000	1027.95916689231
18500	1027.98916129084
19000	1027.92835060651
19500	1027.88705479060
20000	1027.95040932696
20500	1027.85038605542
21000	1027.79301679824
21500	1027.89629511917
22000	1027.98318513050
22500	1027.97148063184
23000	1027.89859036868
23500	1027.82589983601
24000	1027.84628117908
24500	1027.98131483566
25000	1027.82458169423
25500	1027.80030948476
26000	1027.89137540446
26500	1027.79926556075
27000	1027.75792916913
27500	1027.67263858694
28000	1027.64872016410
28500	1027.56461872013
29000	1027.51200688464
29500	1027.44388137133
30000	1027.38929712105
30500	1027.30016242895
31000	1027.25420608808
31500	1027.25088438833
32000	1027.11671800319
32500	1027.13298022626
33000	1027.15652724738
33500	1027.14290131624
34000	1027.27448098471
34500	1027.36785927583
35000	1027.34554659999
35500	1027.35113167172
36000	1027.39107941587
36500	1027.40707649487
37000	1027.42447896330
37500	1027.57778219831
38000	1027.72851959209
38500	1027.77672283116
39000	1027.74022873052
39500	1027.68184408022
40000	1027.56096193497
40500	1027.57916931702
41000	1027.63979249526
41500	1027.61569404792
42000	1027.62049691392
42500	1027.71409296354
43000	1027.71408944343
43500	1027.79627222163
44000	1027.91109154323
44500	1027.84053995439
45000	1027.81416953706
45500	1027.77654950234
46000	1027.71018093964
46500	1027.72750900767
47000	1027.86524576626
47500	1027.90171170991
48000	1027.98327375404
48500	1028.01861940680
49000	1028.08089430605
49500	1028.03468340133
50000	1027.95468570068
50500	1028.01609267336
51000	1028.00368696919
51500	1027.89543937012
52000	1027.87736517011
52500	1027.81452139868
53000	1027.71347182061
53500	1027.77095037107
54000	1027.75565862083
54500	1027.77102318069
55000	1027.81977099584
55500	1027.73791585383
56000	1027.74121486764
56500	1027.69483514635
57000	1027.74165418392
57500	1027.74371587211
58000	1027.81281359750
58500	1027.80369617331
59000	1027.82160733415
59500	1027.84400975619
60000	1027.84580346472
60500	1027.75343621531
61000	1027.78760819502
61500	1027.69763918456
62000	1027.73621758675
62500	1027.78680494854
63000	1027.76231918596
63500	1027.70688117776
64000	1027.65085897003
64500	1027.81712947193
65000	1027.82800545825
65500	1027.84381899678
66000	1027.83148839911
66500	1027.75980544700
67000	1027.79186899335
67500	1027.78471775819
68000	1027.77798218441
68500	1027.77590881780
69000	1027.73862550162
69500	1027.65344771041
70000	1027.82271297098
70500	1027.91440876813
71000	1027.97570999278
71500	1027.90067866163
72000	1027.80170187050
72500	1027.76717609259
73000	1027.87475976231
73500	1027.83406174439
74000	1027.92602148272
74500	1027.90864840375
75000	1027.93898299164
75500	1027.96854890255
76000	1027.97342400288
76500	1027.99850777449
77000	1027.97759623295
77500	1027.89199972572
78000	1027.97468050144
78500	1028.05028405614
79000	1028.04747178725
79500	1028.06350216537
80000	1028.12434004137
80500	1028.18055747226
81000	1028.23013464424
81500	1028.25578044251
82000	1028.25537139274
82500	1028.18157459401
83000	1028.16722284482
83500	1028.14392354107
84000	1028.18955572371
84500	1028.25068590333
85000	1028.16898648814
85500	1028.08977622892
86000	1028.11992471670
86500	1028.09164060218
87000	1027.95792726041
87500	1027.94139982202
88000	1027.91734869806
88500	1027.88858952447
89000	1027.95429390410
89500	1028.00160248484
90000	1028.07350536190
90500	1028.27113564932
91000	1028.27830614939
91500	1028.32485558799
92000	1028.41208769682
92500	1028.48282704617
93000	1028.45158878931
93500	1028.49573116196
94000	1028.49889787194
94500	1028.27296294802
95000	1028.21447557712
95500	1028.17562924618
96000	1028.08498712574
96500	1028.04724710419
97000	1028.02271878487
97500	1027.82399189159
98000	1027.76738004336
98500	1027.74115485603
99000	1027.69496366060
99500	1027.71584607853
100000	1027.54415091817
