#	SIM_20_0.05_-0		#	SIM_20_0.05_-10		#	SIM_20_0.05_-15		#	SIM_20_0.05_-2		#	SIM_20_0.05_-4		#	SIM_20_0.05_-5		#	SIM_20_0.05_-6		#	SIM_20_0.05_-7		#	SIM_20_0.05_-8		#	SIM_20_0.05_-9	
1	14.0000000000000	1	14.0000000000000	1	14.0000000000000	1	14.0000000000000	1	14.0000000000000	1	14.0000000000000	1	14.0000000000000	1	14.0000000000000	1	14.0000000000000	1	14.0000000000000
2500	14.0000000000000	2500	14.0000000000000	2500	14.0000000000000	2500	14.0000000000000	2500	14.0000000000000	2500	14.0000000000000	2500	14.0000000000000	2500	14.0000000000000	2500	14.0000000000000	2500	14.0000000000000
5000	14.0000000000000	5000	14.0000000000000	5000	14.0000000000000	5000	14.0000000000000	5000	14.0000000000000	5000	14.0000000000000	5000	14.0000000000000	5000	14.0000000000000	5000	14.0000000000000	5000	14.0000000000000
7500	14.0000000000000	7500	14.0000000000000	7500	14.0000000000000	7500	14.0000000000000	7500	14.0000000000000	7500	14.0000000000000	7500	14.0000000000000	7500	14.0000000000000	7500	14.0000000000000	7500	14.0000000000000
10000	14.0000000000000	10000	14.0000000000000	10000	14.0000000000000	10000	14.0000000000000	10000	14.0000000000000	10000	14.0000000000000	10000	14.0000000000000	10000	14.0000000000000	10000	14.0000000000000	10000	14.0000000000000
12500	14.0000000000000	12500	14.0000000000000	12500	14.0000000000000	12500	14.0000000000000	12500	14.0000000000000	12500	14.0000000000000	12500	14.0000000000000	12500	14.0000000000000	12500	14.0000000000000	12500	14.0000000000000
15000	14.0000000000000	15000	14.0000000000000	15000	14.0000000000000	15000	14.0000000000000	15000	14.0000000000000	15000	14.0000000000000	15000	14.0000000000000	15000	14.0000000000000	15000	14.0000000000000	15000	14.0000000000000
17500	14.0000000000000	17500	14.0000000000000	17500	14.0000000000000	17500	14.0000000000000	17500	14.0000000000000	17500	14.0000000000000	17500	14.0000000000000	17500	14.0000000000000	17500	14.0000000000000	17500	14.0000000000000
20000	14.0000000000000	20000	14.0000000000000	20000	14.0000000000000	20000	14.0000000000000	20000	14.0000000000000	20000	14.0000000000000	20000	14.0000000000000	20000	14.0000000000000	20000	14.0000000000000	20000	14.0000000000000
22500	14.0000000000000	22500	14.0000000000000	22500	14.0000000000000	22500	14.0000000000000	22500	14.0000000000000	22500	14.0000000000000	22500	14.0000000000000	22500	14.0000000000000	22500	14.0000000000000	22500	14.0000000000000
25000	14.0000000000000	25000	14.0000000000000	25000	14.0000000000000	25000	14.0000000000000	25000	14.0000000000000	25000	14.0000000000000	25000	14.0000000000000	25000	14.0000000000000	25000	14.0000000000000	25000	14.0000000000000
27500	14.0000000000000	27500	14.0000000000000	27500	14.0000000000000	27500	14.0000000000000	27500	14.0000000000000	27500	14.0000000000000	27500	14.0000000000000	27500	14.0000000000000	27500	14.0000000000000	27500	14.0000000000000
30000	14.0000000000000	30000	14.0000000000000	30000	14.0000000000000	30000	14.0000000000000	30000	14.0000000000000	30000	14.0000000000000	30000	14.0000000000000	30000	14.0000000000000	30000	14.0000000000000	30000	14.0000000000000
32500	14.0000000000000	32500	14.0000000000000	32500	14.0000000000000	32500	14.0000000000000	32500	14.0000000000000	32500	14.0000000000000	32500	14.0000000000000	32500	14.0000000000000	32500	14.0000000000000	32500	14.0000000000000
35000	14.0000000000000	35000	14.0000000000000	35000	14.0000000000000	35000	14.0000000000000	35000	14.0000000000000	35000	14.0000000000000	35000	14.0000000000000	35000	14.0000000000000	35000	14.0000000000000	35000	14.0000000000000
37500	14.0000000000000	37500	14.0000000000000	37500	14.0000000000000	37500	14.0000000000000	37500	14.0000000000000	37500	14.0000000000000	37500	14.0000000000000	37500	14.0000000000000	37500	14.0000000000000	37500	14.0000000000000
40000	14.0000000000000	40000	14.0000000000000	40000	14.0000000000000	40000	14.0000000000000	40000	14.0000000000000	40000	14.0000000000000	40000	14.0000000000000	40000	14.0000000000000	40000	14.0000000000000	40000	14.0000000000000
42500	14.0000000000000	42500	14.0000000000000	42500	14.0000000000000	42500	14.0000000000000	42500	14.0000000000000	42500	14.0000000000000	42500	14.0000000000000	42500	14.0000000000000	42500	14.0000000000000	42500	14.0000000000000
45000	14.0000000000000	45000	14.0000000000000	45000	14.0000000000000	45000	14.0000000000000	45000	14.0000000000000	45000	14.0000000000000	45000	14.0000000000000	45000	14.0000000000000	45000	14.0000000000000	45000	14.0000000000000
47500	14.0000000000000	47500	14.0000000000000	47500	14.0000000000000	47500	14.0000000000000	47500	14.0000000000000	47500	14.0000000000000	47500	14.0000000000000	47500	14.0000000000000	47500	14.0000000000000	47500	14.0000000000000
50000	14.0000000000000	50000	14.0000000000000	50000	14.0000000000000	50000	14.0000000000000	50000	14.0000000000000	50000	14.0000000000000	50000	14.0000000000000	50000	14.0000000000000	50000	14.0000000000000	50000	14.0000000000000
52500	14.0000000000000	52500	14.0000000000000	52500	14.0000000000000	52500	14.0000000000000	52500	14.0000000000000	52500	14.0000000000000	52500	14.0000000000000	52500	14.0000000000000	52500	14.0000000000000	52500	14.0000000000000
55000	14.0000000000000	55000	14.0000000000000	55000	14.0000000000000	55000	14.0000000000000	55000	14.0000000000000	55000	14.0000000000000	55000	14.0000000000000	55000	14.0000000000000	55000	14.0000000000000	55000	14.0000000000000
57500	14.0000000000000	57500	14.0000000000000	57500	14.0000000000000	57500	14.0000000000000	57500	14.0000000000000	57500	14.0000000000000	57500	14.0000000000000	57500	14.0000000000000	57500	14.0000000000000	57500	14.0000000000000
60000	14.0000000000000	60000	14.0000000000000	60000	14.0000000000000	60000	14.0000000000000	60000	14.0000000000000	60000	14.0000000000000	60000	14.0000000000000	60000	14.0000000000000	60000	14.0000000000000	60000	14.0000000000000
62500	14.0000000000000	62500	14.0000000000000	62500	14.0000000000000	62500	14.0000000000000	62500	14.0000000000000	62500	14.0000000000000	62500	14.0000000000000	62500	14.0000000000000	62500	14.0000000000000	62500	14.0000000000000
65000	14.0000000000000	65000	14.0000000000000	65000	14.0000000000000	65000	14.0000000000000	65000	14.0000000000000	65000	14.0000000000000	65000	14.0000000000000	65000	14.0000000000000	65000	14.0000000000000	65000	14.0000000000000
67500	14.0000000000000	67500	14.0000000000000	67500	14.0000000000000	67500	14.0000000000000	67500	14.0000000000000	67500	14.0000000000000	67500	14.0000000000000	67500	14.0000000000000	67500	14.0000000000000	67500	14.0000000000000
70000	14.0000000000000	70000	14.0000000000000	70000	14.0000000000000	70000	14.0000000000000	70000	14.0000000000000	70000	14.0000000000000	70000	14.0000000000000	70000	14.0000000000000	70000	14.0000000000000	70000	14.0000000000000
72500	14.0000000000000	72500	14.0000000000000	72500	14.0000000000000	72500	14.0000000000000	72500	14.0000000000000	72500	14.0000000000000	72500	14.0000000000000	72500	14.0000000000000	72500	14.0000000000000	72500	14.0000000000000
75000	14.0000000000000	75000	14.0000000000000	75000	14.0000000000000	75000	14.0000000000000	75000	14.0000000000000	75000	14.0000000000000	75000	14.0000000000000	75000	14.0000000000000	75000	14.0000000000000	75000	14.0000000000000
77500	14.0000000000000	77500	14.0000000000000	77500	14.0000000000000	77500	14.0000000000000	77500	14.0000000000000	77500	14.0000000000000	77500	14.0000000000000	77500	14.0000000000000	77500	14.0000000000000	77500	14.0000000000000
80000	14.0000000000000	80000	14.0000000000000	80000	14.0000000000000	80000	14.0000000000000	80000	14.0000000000000	80000	14.0000000000000	80000	14.0000000000000	80000	14.0000000000000	80000	14.0000000000000	80000	14.0000000000000
82500	14.0000000000000	82500	14.0000000000000	82500	14.0000000000000	82500	14.0000000000000	82500	14.0000000000000	82500	14.0000000000000	82500	14.0000000000000	82500	14.0000000000000	82500	14.0000000000000	82500	14.0000000000000
85000	14.0000000000000	85000	14.0000000000000	85000	14.0000000000000	85000	14.0000000000000	85000	14.0000000000000	85000	14.0000000000000	85000	14.0000000000000	85000	14.0000000000000	85000	14.0000000000000	85000	14.0000000000000
87500	14.0000000000000	87500	14.0000000000000	87500	14.0000000000000	87500	14.0000000000000	87500	14.0000000000000	87500	14.0000000000000	87500	14.0000000000000	87500	14.0000000000000	87500	14.0000000000000	87500	14.0000000000000
90000	14.0000000000000	90000	14.0000000000000	90000	14.0000000000000	90000	14.0000000000000	90000	14.0000000000000	90000	14.0000000000000	90000	14.0000000000000	90000	14.0000000000000	90000	14.0000000000000	90000	14.0000000000000
92500	14.0000000000000	92500	14.0000000000000	92500	14.0000000000000	92500	14.0000000000000	92500	14.0000000000000	92500	14.0000000000000	92500	14.0000000000000	92500	14.0000000000000	92500	14.0000000000000	92500	14.0000000000000
95000	14.0000000000000	95000	14.0000000000000	95000	14.0000000000000	95000	14.0000000000000	95000	14.0000000000000	95000	14.0000000000000	95000	14.0000000000000	95000	14.0000000000000	95000	14.0000000000000	95000	14.0000000000000
97500	14.0000000000000	97500	14.0000000000000	97500	14.0000000000000	97500	14.0000000000000	97500	14.0000000000000	97500	14.0000000000000	97500	14.0000000000000	97500	14.0000000000000	97500	14.0000000000000	97500	14.0000000000000
100000	14.0000000000000	100000	14.0000000000000	100000	14.0000000000000	100000	14.0000000000000	100000	14.0000000000000	100000	14.0000000000000	100000	14.0000000000000	100000	14.0000000000000	100000	14.0000000000000	100000	14.0000000000000
102500	14.0000000000000	102500	14.0000000000000	102500	14.0000000000000	102500	14.0000000000000	102500	14.0000000000000	102500	14.0000000000000	102500	14.0000000000000	102500	14.0000000000000	102500	14.0000000000000	102500	14.0000000000000
105000	14.0000000000000	105000	14.0000000000000	105000	14.0000000000000	105000	14.0000000000000	105000	14.0000000000000	105000	14.0000000000000	105000	14.0000000000000	105000	14.0000000000000	105000	14.0000000000000	105000	14.0000000000000
107500	14.0000000000000	107500	14.0000000000000	107500	14.0000000000000	107500	14.0000000000000	107500	14.0000000000000	107500	14.0000000000000	107500	14.0000000000000	107500	14.0000000000000	107500	14.0000000000000	107500	14.0000000000000
110000	14.0000000000000	110000	14.0000000000000	110000	14.0000000000000	110000	14.0000000000000	110000	14.0000000000000	110000	14.0000000000000	110000	14.0000000000000	110000	14.0000000000000	110000	14.0000000000000	110000	14.0000000000000
112500	14.0000000000000	112500	14.0000000000000	112500	14.0000000000000	112500	14.0000000000000	112500	14.0000000000000	112500	14.0000000000000	112500	14.0000000000000	112500	14.0000000000000	112500	14.0000000000000	112500	14.0000000000000
115000	14.0000000000000	115000	14.0000000000000	115000	14.0000000000000	115000	14.0000000000000	115000	14.0000000000000	115000	14.0000000000000	115000	14.0000000000000	115000	14.0000000000000	115000	14.0000000000000	115000	14.0000000000000
117500	14.0000000000000	117500	14.0000000000000	117500	14.0000000000000	117500	14.0000000000000	117500	14.0000000000000	117500	14.0000000000000	117500	14.0000000000000	117500	14.0000000000000	117500	14.0000000000000	117500	14.0000000000000
120000	14.0000000000000	120000	14.0000000000000	120000	14.0000000000000	120000	14.0000000000000	120000	14.0000000000000	120000	14.0000000000000	120000	14.0000000000000	120000	14.0000000000000	120000	14.0000000000000	120000	14.0000000000000
122500	14.0000000000000	122500	14.0000000000000	122500	14.0000000000000	122500	14.0000000000000	122500	14.0000000000000	122500	14.0000000000000	122500	14.0000000000000	122500	14.0000000000000	122500	14.0000000000000	122500	14.0000000000000
125000	14.0000000000000	125000	14.0000000000000	125000	14.0000000000000	125000	14.0000000000000	125000	14.0000000000000	125000	14.0000000000000	125000	14.0000000000000	125000	14.0000000000000	125000	14.0000000000000	125000	14.0000000000000
127500	14.0000000000000	127500	14.0000000000000	127500	14.0000000000000	127500	14.0000000000000	127500	14.0000000000000	127500	14.0000000000000	127500	14.0000000000000	127500	14.0000000000000	127500	14.0000000000000	127500	14.0000000000000
130000	14.0000000000000	130000	14.0000000000000	130000	14.0000000000000	130000	14.0000000000000	130000	14.0000000000000	130000	14.0000000000000	130000	14.0000000000000	130000	14.0000000000000	130000	14.0000000000000	130000	14.0000000000000
132500	14.0000000000000	132500	14.0000000000000	132500	14.0000000000000	132500	14.0000000000000	132500	14.0000000000000	132500	14.0000000000000	132500	14.0000000000000	132500	14.0000000000000	132500	14.0000000000000	132500	14.0000000000000
135000	14.0000000000000	135000	14.0000000000000	135000	14.0000000000000	135000	14.0000000000000	135000	14.0000000000000	135000	14.0000000000000	135000	14.0000000000000	135000	14.0000000000000	135000	14.0000000000000	135000	14.0000000000000
137500	14.0000000000000	137500	14.0000000000000	137500	14.0000000000000	137500	14.0000000000000	137500	14.0000000000000	137500	14.0000000000000	137500	14.0000000000000	137500	14.0000000000000	137500	14.0000000000000	137500	14.0000000000000
140000	14.0000000000000	140000	14.0000000000000	140000	14.0000000000000	140000	14.0000000000000	140000	14.0000000000000	140000	14.0000000000000	140000	14.0000000000000	140000	14.0000000000000	140000	14.0000000000000	140000	14.0000000000000
142500	14.0000000000000	142500	14.0000000000000	142500	14.0000000000000	142500	14.0000000000000	142500	14.0000000000000	142500	14.0000000000000	142500	14.0000000000000	142500	14.0000000000000	142500	14.0000000000000	142500	14.0000000000000
145000	14.0000000000000	145000	14.0000000000000	145000	14.0000000000000	145000	14.0000000000000	145000	14.0000000000000	145000	14.0000000000000	145000	14.0000000000000	145000	14.0000000000000	145000	14.0000000000000	145000	14.0000000000000
147500	14.0000000000000	147500	14.0000000000000	147500	14.0000000000000	147500	14.0000000000000	147500	14.0000000000000	147500	14.0000000000000	147500	14.0000000000000	147500	14.0000000000000	147500	14.0000000000000	147500	14.0000000000000
150000	14.0000000000000	150000	14.0000000000000	150000	14.0000000000000	150000	14.0000000000000	150000	14.0000000000000	150000	14.0000000000000	150000	14.0000000000000	150000	14.0000000000000	150000	14.0000000000000	150000	14.0000000000000
152500	14.0000000000000	152500	14.0000000000000	152500	14.0000000000000	152500	14.0000000000000	152500	14.0000000000000	152500	14.0000000000000	152500	14.0000000000000	152500	14.0000000000000	152500	14.0000000000000	152500	14.0000000000000
155000	14.0000000000000	155000	14.0000000000000	155000	14.0000000000000	155000	14.0000000000000	155000	14.0000000000000	155000	14.0000000000000	155000	14.0000000000000	155000	14.0000000000000	155000	14.0000000000000	155000	14.0000000000000
157500	14.0000000000000	157500	14.0000000000000	157500	14.0000000000000	157500	14.0000000000000	157500	14.0000000000000	157500	14.0000000000000	157500	14.0000000000000	157500	14.0000000000000	157500	14.0000000000000	157500	14.0000000000000
160000	14.0000000000000	160000	14.0000000000000	160000	14.0000000000000	160000	14.0000000000000	160000	14.0000000000000	160000	14.0000000000000	160000	14.0000000000000	160000	14.0000000000000	160000	14.0000000000000	160000	14.0000000000000
162500	14.0000000000000	162500	14.0000000000000	162500	14.0000000000000	162500	14.0000000000000	162500	14.0000000000000	162500	14.0000000000000	162500	14.0000000000000	162500	14.0000000000000	162500	14.0000000000000	162500	14.0000000000000
165000	14.0000000000000	165000	14.0000000000000	165000	14.0000000000000	165000	14.0000000000000	165000	14.0000000000000	165000	14.0000000000000	165000	14.0000000000000	165000	14.0000000000000	165000	14.0000000000000	165000	14.0000000000000
167500	14.0000000000000	167500	14.0000000000000	167500	14.0000000000000	167500	14.0000000000000	167500	14.0000000000000	167500	14.0000000000000	167500	14.0000000000000	167500	14.0000000000000	167500	14.0000000000000	167500	14.0000000000000
170000	14.0000000000000	170000	14.0000000000000	170000	14.0000000000000	170000	14.0000000000000	170000	14.0000000000000	170000	14.0000000000000	170000	14.0000000000000	170000	14.0000000000000	170000	14.0000000000000	170000	14.0000000000000
172500	14.0000000000000	172500	14.0000000000000	172500	14.0000000000000	172500	14.0000000000000	172500	14.0000000000000	172500	14.0000000000000	172500	14.0000000000000	172500	14.0000000000000	172500	14.0000000000000	172500	14.0000000000000
175000	14.0000000000000	175000	14.0000000000000	175000	14.0000000000000	175000	14.0000000000000	175000	14.0000000000000	175000	14.0000000000000	175000	14.0000000000000	175000	14.0000000000000	175000	14.0000000000000	175000	14.0000000000000
177500	14.0000000000000	177500	14.0000000000000	177500	14.0000000000000	177500	14.0000000000000	177500	14.0000000000000	177500	14.0000000000000	177500	14.0000000000000	177500	14.0000000000000	177500	14.0000000000000	177500	14.0000000000000
180000	14.0000000000000	180000	14.0000000000000	180000	14.0000000000000	180000	14.0000000000000	180000	14.0000000000000	180000	14.0000000000000	180000	14.0000000000000	180000	14.0000000000000	180000	14.0000000000000	180000	14.0000000000000
182500	14.0000000000000	182500	14.0000000000000	182500	14.0000000000000	182500	14.0000000000000	182500	14.0000000000000	182500	14.0000000000000	182500	14.0000000000000	182500	14.0000000000000	182500	14.0000000000000	182500	14.0000000000000
185000	14.0000000000000	185000	14.0000000000000	185000	14.0000000000000	185000	14.0000000000000	185000	14.0000000000000	185000	14.0000000000000	185000	14.0000000000000	185000	14.0000000000000	185000	14.0000000000000	185000	14.0000000000000
187500	14.0000000000000	187500	14.0000000000000	187500	14.0000000000000	187500	14.0000000000000	187500	14.0000000000000	187500	14.0000000000000	187500	14.0000000000000	187500	14.0000000000000	187500	14.0000000000000	187500	14.0000000000000
190000	14.0000000000000	190000	14.0000000000000	190000	14.0000000000000	190000	14.0000000000000	190000	14.0000000000000	190000	14.0000000000000	190000	14.0000000000000	190000	14.0000000000000	190000	14.0000000000000	190000	14.0000000000000
192500	14.0000000000000	192500	14.0000000000000	192500	14.0000000000000	192500	14.0000000000000	192500	14.0000000000000	192500	14.0000000000000	192500	14.0000000000000	192500	14.0000000000000	192500	14.0000000000000	192500	14.0000000000000
195000	14.0000000000000	195000	14.0000000000000	195000	14.0000000000000	195000	14.0000000000000	195000	14.0000000000000	195000	14.0000000000000	195000	14.0000000000000	195000	14.0000000000000	195000	14.0000000000000	195000	14.0000000000000
197500	14.0000000000000	197500	14.0000000000000	197500	14.0000000000000	197500	14.0000000000000	197500	14.0000000000000	197500	14.0000000000000	197500	14.0000000000000	197500	14.0000000000000	197500	14.0000000000000	197500	14.0000000000000
200000	14.0000000000000	200000	14.0000000000000	200000	14.0000000000000	200000	14.0000000000000	200000	14.0000000000000	200000	14.0000000000000	200000	14.0000000000000	200000	14.0000000000000	200000	14.0000000000000	200000	14.0000000000000
202500	14.0000000000000	202500	14.0000000000000	202500	14.0000000000000	202500	14.0000000000000	202500	14.0000000000000	202500	14.0000000000000	202500	14.0000000000000	202500	14.0000000000000	202500	14.0000000000000	202500	14.0000000000000
205000	14.0000000000000	205000	14.0000000000000	205000	14.0000000000000	205000	14.0000000000000	205000	14.0000000000000	205000	14.0000000000000	205000	14.0000000000000	205000	14.0000000000000	205000	14.0000000000000	205000	14.0000000000000
207500	14.0000000000000	207500	14.0000000000000	207500	14.0000000000000	207500	14.0000000000000	207500	14.0000000000000	207500	14.0000000000000	207500	14.0000000000000	207500	14.0000000000000	207500	14.0000000000000	207500	14.0000000000000
210000	14.0000000000000	210000	14.0000000000000	210000	14.0000000000000	210000	14.0000000000000	210000	14.0000000000000	210000	14.0000000000000	210000	14.0000000000000	210000	14.0000000000000	210000	14.0000000000000	210000	14.0000000000000
212500	14.0000000000000	212500	14.0000000000000	212500	14.0000000000000	212500	14.0000000000000	212500	14.0000000000000	212500	14.0000000000000	212500	14.0000000000000	212500	14.0000000000000	212500	14.0000000000000	212500	14.0000000000000
215000	14.0000000000000	215000	14.0000000000000	215000	14.0000000000000	215000	14.0000000000000	215000	14.0000000000000	215000	14.0000000000000	215000	14.0000000000000	215000	14.0000000000000	215000	14.0000000000000	215000	14.0000000000000
217500	14.0000000000000	217500	14.0000000000000	217500	14.0000000000000	217500	14.0000000000000	217500	14.0000000000000	217500	14.0000000000000	217500	14.0000000000000	217500	14.0000000000000	217500	14.0000000000000	217500	14.0000000000000
220000	14.0000000000000	220000	14.0000000000000	220000	14.0000000000000	220000	14.0000000000000	220000	14.0000000000000	220000	14.0000000000000	220000	14.0000000000000	220000	14.0000000000000	220000	14.0000000000000	220000	14.0000000000000
222500	14.0000000000000	222500	14.0000000000000	222500	14.0000000000000	222500	14.0000000000000	222500	14.0000000000000	222500	14.0000000000000	222500	14.0000000000000	222500	14.0000000000000	222500	14.0000000000000	222500	14.0000000000000
225000	14.0000000000000	225000	14.0000000000000	225000	14.0000000000000	225000	14.0000000000000	225000	14.0000000000000	225000	14.0000000000000	225000	14.0000000000000	225000	14.0000000000000	225000	14.0000000000000	225000	14.0000000000000
227500	14.0000000000000	227500	14.0000000000000	227500	14.0000000000000	227500	14.0000000000000	227500	14.0000000000000	227500	14.0000000000000	227500	14.0000000000000	227500	14.0000000000000	227500	14.0000000000000	227500	14.0000000000000
230000	14.0000000000000	230000	14.0000000000000	230000	14.0000000000000	230000	14.0000000000000	230000	14.0000000000000	230000	14.0000000000000	230000	14.0000000000000	230000	14.0000000000000	230000	14.0000000000000	230000	14.0000000000000
232500	14.0000000000000	232500	14.0000000000000	232500	14.0000000000000	232500	14.0000000000000	232500	14.0000000000000	232500	14.0000000000000	232500	14.0000000000000	232500	14.0000000000000	232500	14.0000000000000	232500	14.0000000000000
235000	14.0000000000000	235000	14.0000000000000	235000	14.0000000000000	235000	14.0000000000000	235000	14.0000000000000	235000	14.0000000000000	235000	14.0000000000000	235000	14.0000000000000	235000	14.0000000000000	235000	14.0000000000000
237500	14.0000000000000	237500	14.0000000000000	237500	14.0000000000000	237500	14.0000000000000	237500	14.0000000000000	237500	14.0000000000000	237500	14.0000000000000	237500	14.0000000000000	237500	14.0000000000000	237500	14.0000000000000
240000	14.0000000000000	240000	14.0000000000000	240000	14.0000000000000	240000	14.0000000000000	240000	14.0000000000000	240000	14.0000000000000	240000	14.0000000000000	240000	14.0000000000000	240000	14.0000000000000	240000	14.0000000000000
242500	14.0000000000000	242500	14.0000000000000	242500	14.0000000000000	242500	14.0000000000000	242500	14.0000000000000	242500	14.0000000000000	242500	14.0000000000000	242500	14.0000000000000	242500	14.0000000000000	242500	14.0000000000000
245000	14.0000000000000	245000	14.0000000000000	245000	14.0000000000000	245000	14.0000000000000	245000	14.0000000000000	245000	14.0000000000000	245000	14.0000000000000	245000	14.0000000000000	245000	14.0000000000000	245000	14.0000000000000
247500	14.0000000000000	247500	14.0000000000000	247500	14.0000000000000	247500	14.0000000000000	247500	14.0000000000000	247500	14.0000000000000	247500	14.0000000000000	247500	14.0000000000000	247500	14.0000000000000	247500	14.0000000000000
250000	14.0000000000000	250000	14.0000000000000	250000	14.0000000000000	250000	14.0000000000000	250000	14.0000000000000	250000	14.0000000000000	250000	14.0000000000000	250000	14.0000000000000	250000	14.0000000000000	250000	14.0000000000000
252500	14.0000000000000	252500	14.0000000000000	252500	14.0000000000000	252500	14.0000000000000	252500	14.0000000000000	252500	14.0000000000000	252500	14.0000000000000	252500	14.0000000000000	252500	14.0000000000000	252500	14.0000000000000
255000	14.0000000000000	255000	14.0000000000000	255000	14.0000000000000	255000	14.0000000000000	255000	14.0000000000000	255000	14.0000000000000	255000	14.0000000000000	255000	14.0000000000000	255000	14.0000000000000	255000	14.0000000000000
257500	14.0000000000000	257500	14.0000000000000	257500	14.0000000000000	257500	14.0000000000000	257500	14.0000000000000	257500	14.0000000000000	257500	14.0000000000000	257500	14.0000000000000	257500	14.0000000000000	257500	14.0000000000000
260000	14.0000000000000	260000	14.0000000000000	260000	14.0000000000000	260000	14.0000000000000	260000	14.0000000000000	260000	14.0000000000000	260000	14.0000000000000	260000	14.0000000000000	260000	14.0000000000000	260000	14.0000000000000
262500	14.0000000000000	262500	14.0000000000000	262500	14.0000000000000	262500	14.0000000000000	262500	14.0000000000000	262500	14.0000000000000	262500	14.0000000000000	262500	14.0000000000000	262500	14.0000000000000	262500	14.0000000000000
265000	14.0000000000000	265000	14.0000000000000	265000	14.0000000000000	265000	14.0000000000000	265000	14.0000000000000	265000	14.0000000000000	265000	14.0000000000000	265000	14.0000000000000	265000	14.0000000000000	265000	14.0000000000000
267500	14.0000000000000	267500	14.0000000000000	267500	14.0000000000000	267500	14.0000000000000	267500	14.0000000000000	267500	14.0000000000000	267500	14.0000000000000	267500	14.0000000000000	267500	14.0000000000000	267500	14.0000000000000
270000	14.0000000000000	270000	14.0000000000000	270000	14.0000000000000	270000	14.0000000000000	270000	14.0000000000000	270000	14.0000000000000	270000	14.0000000000000	270000	14.0000000000000	270000	14.0000000000000	270000	14.0000000000000
272500	14.0000000000000	272500	14.0000000000000	272500	14.0000000000000	272500	14.0000000000000	272500	14.0000000000000	272500	14.0000000000000	272500	14.0000000000000	272500	14.0000000000000	272500	14.0000000000000	272500	14.0000000000000
275000	14.0000000000000	275000	14.0000000000000	275000	14.0000000000000	275000	14.0000000000000	275000	14.0000000000000	275000	14.0000000000000	275000	14.0000000000000	275000	14.0000000000000	275000	14.0000000000000	275000	14.0000000000000
277500	14.0000000000000	277500	14.0000000000000	277500	14.0000000000000	277500	14.0000000000000	277500	14.0000000000000	277500	14.0000000000000	277500	14.0000000000000	277500	14.0000000000000	277500	14.0000000000000	277500	14.0000000000000
280000	14.0000000000000	280000	14.0000000000000	280000	14.0000000000000	280000	14.0000000000000	280000	14.0000000000000	280000	14.0000000000000	280000	14.0000000000000	280000	14.0000000000000	280000	14.0000000000000	280000	14.0000000000000
282500	14.0000000000000	282500	14.0000000000000	282500	14.0000000000000	282500	14.0000000000000	282500	14.0000000000000	282500	14.0000000000000	282500	14.0000000000000	282500	14.0000000000000	282500	14.0000000000000	282500	14.0000000000000
285000	14.0000000000000	285000	14.0000000000000	285000	14.0000000000000	285000	14.0000000000000	285000	14.0000000000000	285000	14.0000000000000	285000	14.0000000000000	285000	14.0000000000000	285000	14.0000000000000	285000	14.0000000000000
287500	14.0000000000000	287500	14.0000000000000	287500	14.0000000000000	287500	14.0000000000000	287500	14.0000000000000	287500	14.0000000000000	287500	14.0000000000000	287500	14.0000000000000	287500	14.0000000000000	287500	14.0000000000000
290000	14.0000000000000	290000	14.0000000000000	290000	14.0000000000000	290000	14.0000000000000	290000	14.0000000000000	290000	14.0000000000000	290000	14.0000000000000	290000	14.0000000000000	290000	14.0000000000000	290000	14.0000000000000
292500	14.0000000000000	292500	14.0000000000000	292500	14.0000000000000	292500	14.0000000000000	292500	14.0000000000000	292500	14.0000000000000	292500	14.0000000000000	292500	14.0000000000000	292500	14.0000000000000	292500	14.0000000000000
295000	14.0000000000000	295000	14.0000000000000	295000	14.0000000000000	295000	14.0000000000000	295000	14.0000000000000	295000	14.0000000000000	295000	14.0000000000000	295000	14.0000000000000	295000	14.0000000000000	295000	14.0000000000000
297500	14.0000000000000	297500	14.0000000000000	297500	14.0000000000000	297500	14.0000000000000	297500	14.0000000000000	297500	14.0000000000000	297500	14.0000000000000	297500	14.0000000000000	297500	14.0000000000000	297500	14.0000000000000
300000	14.0000000000000	300000	14.0000000000000	300000	14.0000000000000	300000	14.0000000000000	300000	14.0000000000000	300000	14.0000000000000	300000	14.0000000000000	300000	14.0000000000000	300000	14.0000000000000	300000	14.0000000000000
302500	14.0000000000000	302500	14.0000000000000	302500	14.0000000000000	302500	14.0000000000000	302500	14.0000000000000	302500	14.0000000000000	302500	14.0000000000000	302500	14.0000000000000	302500	14.0000000000000	302500	14.0000000000000
305000	14.0000000000000	305000	14.0000000000000	305000	14.0000000000000	305000	14.0000000000000	305000	14.0000000000000	305000	14.0000000000000	305000	14.0000000000000	305000	14.0000000000000	305000	14.0000000000000	305000	14.0000000000000
307500	14.0000000000000	307500	14.0000000000000	307500	14.0000000000000	307500	14.0000000000000	307500	14.0000000000000	307500	14.0000000000000	307500	14.0000000000000	307500	14.0000000000000	307500	14.0000000000000	307500	14.0000000000000
310000	14.0000000000000	310000	14.0000000000000	310000	14.0000000000000	310000	14.0000000000000	310000	14.0000000000000	310000	14.0000000000000	310000	14.0000000000000	310000	14.0000000000000	310000	14.0000000000000	310000	14.0000000000000
312500	14.0000000000000	312500	14.0000000000000	312500	14.0000000000000	312500	14.0000000000000	312500	14.0000000000000	312500	14.0000000000000	312500	14.0000000000000	312500	14.0000000000000	312500	14.0000000000000	312500	14.0000000000000
315000	14.0000000000000	315000	14.0000000000000	315000	14.0000000000000	315000	14.0000000000000	315000	14.0000000000000	315000	14.0000000000000	315000	14.0000000000000	315000	14.0000000000000	315000	14.0000000000000	315000	14.0000000000000
317500	14.0000000000000	317500	14.0000000000000	317500	14.0000000000000	317500	14.0000000000000	317500	14.0000000000000	317500	14.0000000000000	317500	14.0000000000000	317500	14.0000000000000	317500	14.0000000000000	317500	14.0000000000000
320000	14.0000000000000	320000	14.0000000000000	320000	14.0000000000000	320000	14.0000000000000	320000	14.0000000000000	320000	14.0000000000000	320000	14.0000000000000	320000	14.0000000000000	320000	14.0000000000000	320000	14.0000000000000
322500	14.0000000000000	322500	14.0000000000000	322500	14.0000000000000	322500	14.0000000000000	322500	14.0000000000000	322500	14.0000000000000	322500	14.0000000000000	322500	14.0000000000000	322500	14.0000000000000	322500	14.0000000000000
325000	14.0000000000000	325000	14.0000000000000	325000	14.0000000000000	325000	14.0000000000000	325000	14.0000000000000	325000	14.0000000000000	325000	14.0000000000000	325000	14.0000000000000	325000	14.0000000000000	325000	14.0000000000000
327500	14.0000000000000	327500	14.0000000000000	327500	14.0000000000000	327500	14.0000000000000	327500	14.0000000000000	327500	14.0000000000000	327500	14.0000000000000	327500	14.0000000000000	327500	14.0000000000000	327500	14.0000000000000
330000	14.0000000000000	330000	14.0000000000000	330000	14.0000000000000	330000	14.0000000000000	330000	14.0000000000000	330000	14.0000000000000	330000	14.0000000000000	330000	14.0000000000000	330000	14.0000000000000	330000	14.0000000000000
332500	14.0000000000000	332500	14.0000000000000	332500	14.0000000000000	332500	14.0000000000000	332500	14.0000000000000	332500	14.0000000000000	332500	14.0000000000000	332500	14.0000000000000	332500	14.0000000000000	332500	14.0000000000000
335000	14.0000000000000	335000	14.0000000000000	335000	14.0000000000000	335000	14.0000000000000	335000	14.0000000000000	335000	14.0000000000000	335000	14.0000000000000	335000	14.0000000000000	335000	14.0000000000000	335000	14.0000000000000
337500	14.0000000000000	337500	14.0000000000000	337500	14.0000000000000	337500	14.0000000000000	337500	14.0000000000000	337500	14.0000000000000	337500	14.0000000000000	337500	14.0000000000000	337500	14.0000000000000	337500	14.0000000000000
340000	14.0000000000000	340000	14.0000000000000	340000	14.0000000000000	340000	14.0000000000000	340000	14.0000000000000	340000	14.0000000000000	340000	14.0000000000000	340000	14.0000000000000	340000	14.0000000000000	340000	14.0000000000000
342500	14.0000000000000	342500	14.0000000000000	342500	14.0000000000000	342500	14.0000000000000	342500	14.0000000000000	342500	14.0000000000000	342500	14.0000000000000	342500	14.0000000000000	342500	14.0000000000000	342500	14.0000000000000
345000	14.0000000000000	345000	14.0000000000000	345000	14.0000000000000	345000	14.0000000000000	345000	14.0000000000000	345000	14.0000000000000	345000	14.0000000000000	345000	14.0000000000000	345000	14.0000000000000	345000	14.0000000000000
347500	14.0000000000000	347500	14.0000000000000	347500	14.0000000000000	347500	14.0000000000000	347500	14.0000000000000	347500	14.0000000000000	347500	14.0000000000000	347500	14.0000000000000	347500	14.0000000000000	347500	14.0000000000000
350000	14.0000000000000	350000	14.0000000000000	350000	14.0000000000000	350000	14.0000000000000	350000	14.0000000000000	350000	14.0000000000000	350000	14.0000000000000	350000	14.0000000000000	350000	14.0000000000000	350000	14.0000000000000
352500	14.0000000000000	352500	14.0000000000000	352500	14.0000000000000	352500	14.0000000000000	352500	14.0000000000000	352500	14.0000000000000	352500	14.0000000000000	352500	14.0000000000000	352500	14.0000000000000	352500	14.0000000000000
355000	14.0000000000000	355000	14.0000000000000	355000	14.0000000000000	355000	14.0000000000000	355000	14.0000000000000	355000	14.0000000000000	355000	14.0000000000000	355000	14.0000000000000	355000	14.0000000000000	355000	14.0000000000000
357500	14.0000000000000	357500	14.0000000000000	357500	14.0000000000000	357500	14.0000000000000	357500	14.0000000000000	357500	14.0000000000000	357500	14.0000000000000	357500	14.0000000000000	357500	14.0000000000000	357500	14.0000000000000
360000	14.0000000000000	360000	14.0000000000000	360000	14.0000000000000	360000	14.0000000000000	360000	14.0000000000000	360000	14.0000000000000	360000	14.0000000000000	360000	14.0000000000000	360000	14.0000000000000	360000	14.0000000000000
362500	14.0000000000000	362500	14.0000000000000	362500	14.0000000000000	362500	14.0000000000000	362500	14.0000000000000	362500	14.0000000000000	362500	14.0000000000000	362500	14.0000000000000	362500	14.0000000000000	362500	14.0000000000000
365000	14.0000000000000	365000	14.0000000000000	365000	14.0000000000000	365000	14.0000000000000	365000	14.0000000000000	365000	14.0000000000000	365000	14.0000000000000	365000	14.0000000000000	365000	14.0000000000000	365000	14.0000000000000
367500	14.0000000000000	367500	14.0000000000000	367500	14.0000000000000	367500	14.0000000000000	367500	14.0000000000000	367500	14.0000000000000	367500	14.0000000000000	367500	14.0000000000000	367500	14.0000000000000	367500	14.0000000000000
370000	14.0000000000000	370000	14.0000000000000	370000	14.0000000000000	370000	14.0000000000000	370000	14.0000000000000	370000	14.0000000000000	370000	14.0000000000000	370000	14.0000000000000	370000	14.0000000000000	370000	14.0000000000000
372500	14.0000000000000	372500	14.0000000000000	372500	14.0000000000000	372500	14.0000000000000	372500	14.0000000000000	372500	14.0000000000000	372500	14.0000000000000	372500	14.0000000000000	372500	14.0000000000000	372500	14.0000000000000
375000	14.0000000000000	375000	14.0000000000000	375000	14.0000000000000	375000	14.0000000000000	375000	14.0000000000000	375000	14.0000000000000	375000	14.0000000000000	375000	14.0000000000000	375000	14.0000000000000	375000	14.0000000000000
377500	14.0000000000000	377500	14.0000000000000	377500	14.0000000000000	377500	14.0000000000000	377500	14.0000000000000	377500	14.0000000000000	377500	14.0000000000000	377500	14.0000000000000	377500	14.0000000000000	377500	14.0000000000000
380000	14.0000000000000	380000	14.0000000000000	380000	14.0000000000000	380000	14.0000000000000	380000	14.0000000000000	380000	14.0000000000000	380000	14.0000000000000	380000	14.0000000000000	380000	14.0000000000000	380000	14.0000000000000
382500	14.0000000000000	382500	14.0000000000000	382500	14.0000000000000	382500	14.0000000000000	382500	14.0000000000000	382500	14.0000000000000	382500	14.0000000000000	382500	14.0000000000000	382500	14.0000000000000	382500	14.0000000000000
385000	14.0000000000000	385000	14.0000000000000	385000	14.0000000000000	385000	14.0000000000000	385000	14.0000000000000	385000	14.0000000000000	385000	14.0000000000000	385000	14.0000000000000	385000	14.0000000000000	385000	14.0000000000000
387500	14.0000000000000	387500	14.0000000000000	387500	14.0000000000000	387500	14.0000000000000	387500	14.0000000000000	387500	14.0000000000000	387500	14.0000000000000	387500	14.0000000000000	387500	14.0000000000000	387500	14.0000000000000
390000	14.0000000000000	390000	14.0000000000000	390000	14.0000000000000	390000	14.0000000000000	390000	14.0000000000000	390000	14.0000000000000	390000	14.0000000000000	390000	14.0000000000000	390000	14.0000000000000	390000	14.0000000000000
392500	14.0000000000000	392500	14.0000000000000	392500	14.0000000000000	392500	14.0000000000000	392500	14.0000000000000	392500	14.0000000000000	392500	14.0000000000000	392500	14.0000000000000	392500	14.0000000000000	392500	14.0000000000000
395000	14.0000000000000	395000	14.0000000000000	395000	14.0000000000000	395000	14.0000000000000	395000	14.0000000000000	395000	14.0000000000000	395000	14.0000000000000	395000	14.0000000000000	395000	14.0000000000000	395000	14.0000000000000
397500	14.0000000000000	397500	14.0000000000000	397500	14.0000000000000	397500	14.0000000000000	397500	14.0000000000000	397500	14.0000000000000	397500	14.0000000000000	397500	14.0000000000000	397500	14.0000000000000	397500	14.0000000000000
400000	14.0000000000000	400000	14.0000000000000	400000	14.0000000000000	400000	14.0000000000000	400000	14.0000000000000	400000	14.0000000000000	400000	14.0000000000000	400000	14.0000000000000	400000	14.0000000000000	400000	14.0000000000000
402500	14.0000000000000	402500	14.0000000000000	402500	14.0000000000000	402500	14.0000000000000	402500	14.0000000000000	402500	14.0000000000000	402500	14.0000000000000	402500	14.0000000000000	402500	14.0000000000000	402500	14.0000000000000
405000	14.0000000000000	405000	14.0000000000000	405000	14.0000000000000	405000	14.0000000000000	405000	14.0000000000000	405000	14.0000000000000	405000	14.0000000000000	405000	14.0000000000000	405000	14.0000000000000	405000	14.0000000000000
407500	14.0000000000000	407500	14.0000000000000	407500	14.0000000000000	407500	14.0000000000000	407500	14.0000000000000	407500	14.0000000000000	407500	14.0000000000000	407500	14.0000000000000	407500	14.0000000000000	407500	14.0000000000000
410000	14.0000000000000	410000	14.0000000000000	410000	14.0000000000000	410000	14.0000000000000	410000	14.0000000000000	410000	14.0000000000000	410000	14.0000000000000	410000	14.0000000000000	410000	14.0000000000000	410000	14.0000000000000
412500	14.0000000000000	412500	14.0000000000000	412500	14.0000000000000	412500	14.0000000000000	412500	14.0000000000000	412500	14.0000000000000	412500	14.0000000000000	412500	14.0000000000000	412500	14.0000000000000	412500	14.0000000000000
415000	14.0000000000000	415000	14.0000000000000	415000	14.0000000000000	415000	14.0000000000000	415000	14.0000000000000	415000	14.0000000000000	415000	14.0000000000000	415000	14.0000000000000	415000	14.0000000000000	415000	14.0000000000000
417500	14.0000000000000	417500	14.0000000000000	417500	14.0000000000000	417500	14.0000000000000	417500	14.0000000000000	417500	14.0000000000000	417500	14.0000000000000	417500	14.0000000000000	417500	14.0000000000000	417500	14.0000000000000
420000	14.0000000000000	420000	14.0000000000000	420000	14.0000000000000	420000	14.0000000000000	420000	14.0000000000000	420000	14.0000000000000	420000	14.0000000000000	420000	14.0000000000000	420000	14.0000000000000	420000	14.0000000000000
422500	14.0000000000000	422500	14.0000000000000	422500	14.0000000000000	422500	14.0000000000000	422500	14.0000000000000	422500	14.0000000000000	422500	14.0000000000000	422500	14.0000000000000	422500	14.0000000000000	422500	14.0000000000000
425000	14.0000000000000	425000	14.0000000000000	425000	14.0000000000000	425000	14.0000000000000	425000	14.0000000000000	425000	14.0000000000000	425000	14.0000000000000	425000	14.0000000000000	425000	14.0000000000000	425000	14.0000000000000
427500	14.0000000000000	427500	14.0000000000000	427500	14.0000000000000	427500	14.0000000000000	427500	14.0000000000000	427500	14.0000000000000	427500	14.0000000000000	427500	14.0000000000000	427500	14.0000000000000	427500	14.0000000000000
430000	14.0000000000000	430000	14.0000000000000	430000	14.0000000000000	430000	14.0000000000000	430000	14.0000000000000	430000	14.0000000000000	430000	14.0000000000000	430000	14.0000000000000	430000	14.0000000000000	430000	14.0000000000000
432500	14.0000000000000	432500	14.0000000000000	432500	14.0000000000000	432500	14.0000000000000	432500	14.0000000000000	432500	14.0000000000000	432500	14.0000000000000	432500	14.0000000000000	432500	14.0000000000000	432500	14.0000000000000
435000	14.0000000000000	435000	14.0000000000000	435000	14.0000000000000	435000	14.0000000000000	435000	14.0000000000000	435000	14.0000000000000	435000	14.0000000000000	435000	14.0000000000000	435000	14.0000000000000	435000	14.0000000000000
437500	14.0000000000000	437500	14.0000000000000	437500	14.0000000000000	437500	14.0000000000000	437500	14.0000000000000	437500	14.0000000000000	437500	14.0000000000000	437500	14.0000000000000	437500	14.0000000000000	437500	14.0000000000000
440000	14.0000000000000	440000	14.0000000000000	440000	14.0000000000000	440000	14.0000000000000	440000	14.0000000000000	440000	14.0000000000000	440000	14.0000000000000	440000	14.0000000000000	440000	14.0000000000000	440000	14.0000000000000
442500	14.0000000000000	442500	14.0000000000000	442500	14.0000000000000	442500	14.0000000000000	442500	14.0000000000000	442500	14.0000000000000	442500	14.0000000000000	442500	14.0000000000000	442500	14.0000000000000	442500	14.0000000000000
445000	14.0000000000000	445000	14.0000000000000	445000	14.0000000000000	445000	14.0000000000000	445000	14.0000000000000	445000	14.0000000000000	445000	14.0000000000000	445000	14.0000000000000	445000	14.0000000000000	445000	14.0000000000000
447500	14.0000000000000	447500	14.0000000000000	447500	14.0000000000000	447500	14.0000000000000	447500	14.0000000000000	447500	14.0000000000000	447500	14.0000000000000	447500	14.0000000000000	447500	14.0000000000000	447500	14.0000000000000
450000	14.0000000000000	450000	14.0000000000000	450000	14.0000000000000	450000	14.0000000000000	450000	14.0000000000000	450000	14.0000000000000	450000	14.0000000000000	450000	14.0000000000000	450000	14.0000000000000	450000	14.0000000000000
452500	14.0000000000000	452500	14.0000000000000	452500	14.0000000000000	452500	14.0000000000000	452500	14.0000000000000	452500	14.0000000000000	452500	14.0000000000000	452500	14.0000000000000	452500	14.0000000000000	452500	14.0000000000000
455000	14.0000000000000	455000	14.0000000000000	455000	14.0000000000000	455000	14.0000000000000	455000	14.0000000000000	455000	14.0000000000000	455000	14.0000000000000	455000	14.0000000000000	455000	14.0000000000000	455000	14.0000000000000
457500	14.0000000000000	457500	14.0000000000000	457500	14.0000000000000	457500	14.0000000000000	457500	14.0000000000000	457500	14.0000000000000	457500	14.0000000000000	457500	14.0000000000000	457500	14.0000000000000	457500	14.0000000000000
460000	14.0000000000000	460000	14.0000000000000	460000	14.0000000000000	460000	14.0000000000000	460000	14.0000000000000	460000	14.0000000000000	460000	14.0000000000000	460000	14.0000000000000	460000	14.0000000000000	460000	14.0000000000000
462500	14.0000000000000	462500	14.0000000000000	462500	14.0000000000000	462500	14.0000000000000	462500	14.0000000000000	462500	14.0000000000000	462500	14.0000000000000	462500	14.0000000000000	462500	14.0000000000000	462500	14.0000000000000
465000	14.0000000000000	465000	14.0000000000000	465000	14.0000000000000	465000	14.0000000000000	465000	14.0000000000000	465000	14.0000000000000	465000	14.0000000000000	465000	14.0000000000000	465000	14.0000000000000	465000	14.0000000000000
467500	14.0000000000000	467500	14.0000000000000	467500	14.0000000000000	467500	14.0000000000000	467500	14.0000000000000	467500	14.0000000000000	467500	14.0000000000000	467500	14.0000000000000	467500	14.0000000000000	467500	14.0000000000000
470000	14.0000000000000	470000	14.0000000000000	470000	14.0000000000000	470000	14.0000000000000	470000	14.0000000000000	470000	14.0000000000000	470000	14.0000000000000	470000	14.0000000000000	470000	14.0000000000000	470000	14.0000000000000
472500	14.0000000000000	472500	14.0000000000000	472500	14.0000000000000	472500	14.0000000000000	472500	14.0000000000000	472500	14.0000000000000	472500	14.0000000000000	472500	14.0000000000000	472500	14.0000000000000	472500	14.0000000000000
475000	14.0000000000000	475000	14.0000000000000	475000	14.0000000000000	475000	14.0000000000000	475000	14.0000000000000	475000	14.0000000000000	475000	14.0000000000000	475000	14.0000000000000	475000	14.0000000000000	475000	14.0000000000000
477500	14.0000000000000	477500	14.0000000000000	477500	14.0000000000000	477500	14.0000000000000	477500	14.0000000000000	477500	14.0000000000000	477500	14.0000000000000	477500	14.0000000000000	477500	14.0000000000000	477500	14.0000000000000
480000	14.0000000000000	480000	14.0000000000000	480000	14.0000000000000	480000	14.0000000000000	480000	14.0000000000000	480000	14.0000000000000	480000	14.0000000000000	480000	14.0000000000000	480000	14.0000000000000	480000	14.0000000000000
482500	14.0000000000000	482500	14.0000000000000	482500	14.0000000000000	482500	14.0000000000000	482500	14.0000000000000	482500	14.0000000000000	482500	14.0000000000000	482500	14.0000000000000	482500	14.0000000000000	482500	14.0000000000000
485000	14.0000000000000	485000	14.0000000000000	485000	14.0000000000000	485000	14.0000000000000	485000	14.0000000000000	485000	14.0000000000000	485000	14.0000000000000	485000	14.0000000000000	485000	14.0000000000000	485000	14.0000000000000
487500	14.0000000000000	487500	14.0000000000000	487500	14.0000000000000	487500	14.0000000000000	487500	14.0000000000000	487500	14.0000000000000	487500	14.0000000000000	487500	14.0000000000000	487500	14.0000000000000	487500	14.0000000000000
490000	14.0000000000000	490000	14.0000000000000	490000	14.0000000000000	490000	14.0000000000000	490000	14.0000000000000	490000	14.0000000000000	490000	14.0000000000000	490000	14.0000000000000	490000	14.0000000000000	490000	14.0000000000000
492500	14.0000000000000	492500	14.0000000000000	492500	14.0000000000000	492500	14.0000000000000	492500	14.0000000000000	492500	14.0000000000000	492500	14.0000000000000	492500	14.0000000000000	492500	14.0000000000000	492500	14.0000000000000
495000	14.0000000000000	495000	14.0000000000000	495000	14.0000000000000	495000	14.0000000000000	495000	14.0000000000000	495000	14.0000000000000	495000	14.0000000000000	495000	14.0000000000000	495000	14.0000000000000	495000	14.0000000000000
497500	14.0000000000000	497500	14.0000000000000	497500	14.0000000000000	497500	14.0000000000000	497500	14.0000000000000	497500	14.0000000000000	497500	14.0000000000000	497500	14.0000000000000	497500	14.0000000000000	497500	14.0000000000000
500000	14.0000000000000	500000	14.0000000000000	500000	14.0000000000000	500000	14.0000000000000	500000	14.0000000000000	500000	14.0000000000000	500000	14.0000000000000	500000	14.0000000000000	500000	14.0000000000000	500000	14.0000000000000
502500	14.0000000000000	502500	14.0000000000000	502500	14.0000000000000	502500	14.0000000000000	502500	14.0000000000000	502500	14.0000000000000	502500	14.0000000000000	502500	14.0000000000000	502500	14.0000000000000	502500	14.0000000000000
505000	14.0000000000000	505000	14.0000000000000	505000	14.0000000000000	505000	14.0000000000000	505000	14.0000000000000	505000	14.0000000000000	505000	14.0000000000000	505000	14.0000000000000	505000	14.0000000000000	505000	14.0000000000000
507500	14.0000000000000	507500	14.0000000000000	507500	14.0000000000000	507500	14.0000000000000	507500	14.0000000000000	507500	14.0000000000000	507500	14.0000000000000	507500	14.0000000000000	507500	14.0000000000000	507500	14.0000000000000
510000	14.0000000000000	510000	14.0000000000000	510000	14.0000000000000	510000	14.0000000000000	510000	14.0000000000000	510000	14.0000000000000	510000	14.0000000000000	510000	14.0000000000000	510000	14.0000000000000	510000	14.0000000000000
512500	14.0000000000000	512500	14.0000000000000	512500	14.0000000000000	512500	14.0000000000000	512500	14.0000000000000	512500	14.0000000000000	512500	14.0000000000000	512500	14.0000000000000	512500	14.0000000000000	512500	14.0000000000000
515000	14.0000000000000	515000	14.0000000000000	515000	14.0000000000000	515000	14.0000000000000	515000	14.0000000000000	515000	14.0000000000000	515000	14.0000000000000	515000	14.0000000000000	515000	14.0000000000000	515000	14.0000000000000
517500	14.0000000000000	517500	14.0000000000000	517500	14.0000000000000	517500	14.0000000000000	517500	14.0000000000000	517500	14.0000000000000	517500	14.0000000000000	517500	14.0000000000000	517500	14.0000000000000	517500	14.0000000000000
520000	14.0000000000000	520000	14.0000000000000	520000	14.0000000000000	520000	14.0000000000000	520000	14.0000000000000	520000	14.0000000000000	520000	14.0000000000000	520000	14.0000000000000	520000	14.0000000000000	520000	14.0000000000000
522500	14.0000000000000	522500	14.0000000000000	522500	14.0000000000000	522500	14.0000000000000	522500	14.0000000000000	522500	14.0000000000000	522500	14.0000000000000	522500	14.0000000000000	522500	14.0000000000000	522500	14.0000000000000
525000	14.0000000000000	525000	14.0000000000000	525000	14.0000000000000	525000	14.0000000000000	525000	14.0000000000000	525000	14.0000000000000	525000	14.0000000000000	525000	14.0000000000000	525000	14.0000000000000	525000	14.0000000000000
527500	14.0000000000000	527500	14.0000000000000	527500	14.0000000000000	527500	14.0000000000000	527500	14.0000000000000	527500	14.0000000000000	527500	14.0000000000000	527500	14.0000000000000	527500	14.0000000000000	527500	14.0000000000000
530000	14.0000000000000	530000	14.0000000000000	530000	14.0000000000000	530000	14.0000000000000	530000	14.0000000000000	530000	14.0000000000000	530000	14.0000000000000	530000	14.0000000000000	530000	14.0000000000000	530000	14.0000000000000
532500	14.0000000000000	532500	14.0000000000000	532500	14.0000000000000	532500	14.0000000000000	532500	14.0000000000000	532500	14.0000000000000	532500	14.0000000000000	532500	14.0000000000000	532500	14.0000000000000	532500	14.0000000000000
535000	14.0000000000000	535000	14.0000000000000	535000	14.0000000000000	535000	14.0000000000000	535000	14.0000000000000	535000	14.0000000000000	535000	14.0000000000000	535000	14.0000000000000	535000	14.0000000000000	535000	14.0000000000000
537500	14.0000000000000	537500	14.0000000000000	537500	14.0000000000000	537500	14.0000000000000	537500	14.0000000000000	537500	14.0000000000000	537500	14.0000000000000	537500	14.0000000000000	537500	14.0000000000000	537500	14.0000000000000
540000	14.0000000000000	540000	14.0000000000000	540000	14.0000000000000	540000	14.0000000000000	540000	14.0000000000000	540000	14.0000000000000	540000	14.0000000000000	540000	14.0000000000000	540000	14.0000000000000	540000	14.0000000000000
542500	14.0000000000000	542500	14.0000000000000	542500	14.0000000000000	542500	14.0000000000000	542500	14.0000000000000	542500	14.0000000000000	542500	14.0000000000000	542500	14.0000000000000	542500	14.0000000000000	542500	14.0000000000000
545000	14.0000000000000	545000	14.0000000000000	545000	14.0000000000000	545000	14.0000000000000	545000	14.0000000000000	545000	14.0000000000000	545000	14.0000000000000	545000	14.0000000000000	545000	14.0000000000000	545000	14.0000000000000
547500	14.0000000000000	547500	14.0000000000000	547500	14.0000000000000	547500	14.0000000000000	547500	14.0000000000000	547500	14.0000000000000	547500	14.0000000000000	547500	14.0000000000000	547500	14.0000000000000	547500	14.0000000000000
550000	14.0000000000000	550000	14.0000000000000	550000	14.0000000000000	550000	14.0000000000000	550000	14.0000000000000	550000	14.0000000000000	550000	14.0000000000000	550000	14.0000000000000	550000	14.0000000000000	550000	14.0000000000000
552500	14.0000000000000	552500	14.0000000000000	552500	14.0000000000000	552500	14.0000000000000	552500	14.0000000000000	552500	14.0000000000000	552500	14.0000000000000	552500	14.0000000000000	552500	14.0000000000000	552500	14.0000000000000
555000	14.0000000000000	555000	14.0000000000000	555000	14.0000000000000	555000	14.0000000000000	555000	14.0000000000000	555000	14.0000000000000	555000	14.0000000000000	555000	14.0000000000000	555000	14.0000000000000	555000	14.0000000000000
557500	14.0000000000000	557500	14.0000000000000	557500	14.0000000000000	557500	14.0000000000000	557500	14.0000000000000	557500	14.0000000000000	557500	14.0000000000000	557500	14.0000000000000	557500	14.0000000000000	557500	14.0000000000000
560000	14.0000000000000	560000	14.0000000000000	560000	14.0000000000000	560000	14.0000000000000	560000	14.0000000000000	560000	14.0000000000000	560000	14.0000000000000	560000	14.0000000000000	560000	14.0000000000000	560000	14.0000000000000
562500	14.0000000000000	562500	14.0000000000000	562500	14.0000000000000	562500	14.0000000000000	562500	14.0000000000000	562500	14.0000000000000	562500	14.0000000000000	562500	14.0000000000000	562500	14.0000000000000	562500	14.0000000000000
565000	14.0000000000000	565000	14.0000000000000	565000	14.0000000000000	565000	14.0000000000000	565000	14.0000000000000	565000	14.0000000000000	565000	14.0000000000000	565000	14.0000000000000	565000	14.0000000000000	565000	14.0000000000000
567500	14.0000000000000	567500	14.0000000000000	567500	14.0000000000000	567500	14.0000000000000	567500	14.0000000000000	567500	14.0000000000000	567500	14.0000000000000	567500	14.0000000000000	567500	14.0000000000000	567500	14.0000000000000
570000	14.0000000000000	570000	14.0000000000000	570000	14.0000000000000	570000	14.0000000000000	570000	14.0000000000000	570000	14.0000000000000	570000	14.0000000000000	570000	14.0000000000000	570000	14.0000000000000	570000	14.0000000000000
572500	14.0000000000000	572500	14.0000000000000	572500	14.0000000000000	572500	14.0000000000000	572500	14.0000000000000	572500	14.0000000000000	572500	14.0000000000000	572500	14.0000000000000	572500	14.0000000000000	572500	14.0000000000000
575000	14.0000000000000	575000	14.0000000000000	575000	14.0000000000000	575000	14.0000000000000	575000	14.0000000000000	575000	14.0000000000000	575000	14.0000000000000	575000	14.0000000000000	575000	14.0000000000000	575000	14.0000000000000
577500	14.0000000000000	577500	14.0000000000000	577500	14.0000000000000	577500	14.0000000000000	577500	14.0000000000000	577500	14.0000000000000	577500	14.0000000000000	577500	14.0000000000000	577500	14.0000000000000	577500	14.0000000000000
580000	14.0000000000000	580000	14.0000000000000	580000	14.0000000000000	580000	14.0000000000000	580000	14.0000000000000	580000	14.0000000000000	580000	14.0000000000000	580000	14.0000000000000	580000	14.0000000000000	580000	14.0000000000000
582500	14.0000000000000	582500	14.0000000000000	582500	14.0000000000000	582500	14.0000000000000	582500	14.0000000000000	582500	14.0000000000000	582500	14.0000000000000	582500	14.0000000000000	582500	14.0000000000000	582500	14.0000000000000
585000	14.0000000000000	585000	14.0000000000000	585000	14.0000000000000	585000	14.0000000000000	585000	14.0000000000000	585000	14.0000000000000	585000	14.0000000000000	585000	14.0000000000000	585000	14.0000000000000	585000	14.0000000000000
587500	14.0000000000000	587500	14.0000000000000	587500	14.0000000000000	587500	14.0000000000000	587500	14.0000000000000	587500	14.0000000000000	587500	14.0000000000000	587500	14.0000000000000	587500	14.0000000000000	587500	14.0000000000000
590000	14.0000000000000	590000	14.0000000000000	590000	14.0000000000000	590000	14.0000000000000	590000	14.0000000000000	590000	14.0000000000000	590000	14.0000000000000	590000	14.0000000000000	590000	14.0000000000000	590000	14.0000000000000
592500	14.0000000000000	592500	14.0000000000000	592500	14.0000000000000	592500	14.0000000000000	592500	14.0000000000000	592500	14.0000000000000	592500	14.0000000000000	592500	14.0000000000000	592500	14.0000000000000	592500	14.0000000000000
595000	14.0000000000000	595000	14.0000000000000	595000	14.0000000000000	595000	14.0000000000000	595000	14.0000000000000	595000	14.0000000000000	595000	14.0000000000000	595000	14.0000000000000	595000	14.0000000000000	595000	14.0000000000000
597500	14.0000000000000	597500	14.0000000000000	597500	14.0000000000000	597500	14.0000000000000	597500	14.0000000000000	597500	14.0000000000000	597500	14.0000000000000	597500	14.0000000000000	597500	14.0000000000000	597500	14.0000000000000
600000	14.0000000000000	600000	14.0000000000000	600000	14.0000000000000	600000	14.0000000000000	600000	14.0000000000000	600000	14.0000000000000	600000	14.0000000000000	600000	14.0000000000000	600000	14.0000000000000	600000	14.0000000000000
602500	14.0000000000000	602500	14.0000000000000	602500	14.0000000000000	602500	14.0000000000000	602500	14.0000000000000	602500	14.0000000000000	602500	14.0000000000000	602500	14.0000000000000	602500	14.0000000000000	602500	14.0000000000000
605000	14.0000000000000	605000	14.0000000000000	605000	14.0000000000000	605000	14.0000000000000	605000	14.0000000000000	605000	14.0000000000000	605000	14.0000000000000	605000	14.0000000000000	605000	14.0000000000000	605000	14.0000000000000
607500	14.0000000000000	607500	14.0000000000000	607500	14.0000000000000	607500	14.0000000000000	607500	14.0000000000000	607500	14.0000000000000	607500	14.0000000000000	607500	14.0000000000000	607500	14.0000000000000	607500	14.0000000000000
610000	14.0000000000000	610000	14.0000000000000	610000	14.0000000000000	610000	14.0000000000000	610000	14.0000000000000	610000	14.0000000000000	610000	14.0000000000000	610000	14.0000000000000	610000	14.0000000000000	610000	14.0000000000000
612500	14.0000000000000	612500	14.0000000000000	612500	14.0000000000000	612500	14.0000000000000	612500	14.0000000000000	612500	14.0000000000000	612500	14.0000000000000	612500	14.0000000000000	612500	14.0000000000000	612500	14.0000000000000
615000	14.0000000000000	615000	14.0000000000000	615000	14.0000000000000	615000	14.0000000000000	615000	14.0000000000000	615000	14.0000000000000	615000	14.0000000000000	615000	14.0000000000000	615000	14.0000000000000	615000	14.0000000000000
617500	14.0000000000000	617500	14.0000000000000	617500	14.0000000000000	617500	14.0000000000000	617500	14.0000000000000	617500	14.0000000000000	617500	14.0000000000000	617500	14.0000000000000	617500	14.0000000000000	617500	14.0000000000000
620000	14.0000000000000	620000	14.0000000000000	620000	14.0000000000000	620000	14.0000000000000	620000	14.0000000000000	620000	14.0000000000000	620000	14.0000000000000	620000	14.0000000000000	620000	14.0000000000000	620000	14.0000000000000
622500	14.0000000000000	622500	14.0000000000000	622500	14.0000000000000	622500	14.0000000000000	622500	14.0000000000000	622500	14.0000000000000	622500	14.0000000000000	622500	14.0000000000000	622500	14.0000000000000	622500	14.0000000000000
625000	14.0000000000000	625000	14.0000000000000	625000	14.0000000000000	625000	14.0000000000000	625000	14.0000000000000	625000	14.0000000000000	625000	14.0000000000000	625000	14.0000000000000	625000	14.0000000000000	625000	14.0000000000000
627500	14.0000000000000	627500	14.0000000000000	627500	14.0000000000000	627500	14.0000000000000	627500	14.0000000000000	627500	14.0000000000000	627500	14.0000000000000	627500	14.0000000000000	627500	14.0000000000000	627500	14.0000000000000
630000	14.0000000000000	630000	14.0000000000000	630000	14.0000000000000	630000	14.0000000000000	630000	14.0000000000000	630000	14.0000000000000	630000	14.0000000000000	630000	14.0000000000000	630000	14.0000000000000	630000	14.0000000000000
632500	14.0000000000000	632500	14.0000000000000	632500	14.0000000000000	632500	14.0000000000000	632500	14.0000000000000	632500	14.0000000000000	632500	14.0000000000000	632500	14.0000000000000	632500	14.0000000000000	632500	14.0000000000000
635000	14.0000000000000	635000	14.0000000000000	635000	14.0000000000000	635000	14.0000000000000	635000	14.0000000000000	635000	14.0000000000000	635000	14.0000000000000	635000	14.0000000000000	635000	14.0000000000000	635000	14.0000000000000
637500	14.0000000000000	637500	14.0000000000000	637500	14.0000000000000	637500	14.0000000000000	637500	14.0000000000000	637500	14.0000000000000	637500	14.0000000000000	637500	14.0000000000000	637500	14.0000000000000	637500	14.0000000000000
640000	14.0000000000000	640000	14.0000000000000	640000	14.0000000000000	640000	14.0000000000000	640000	14.0000000000000	640000	14.0000000000000	640000	14.0000000000000	640000	14.0000000000000	640000	14.0000000000000	640000	14.0000000000000
642500	14.0000000000000	642500	14.0000000000000	642500	14.0000000000000	642500	14.0000000000000	642500	14.0000000000000	642500	14.0000000000000	642500	14.0000000000000	642500	14.0000000000000	642500	14.0000000000000	642500	14.0000000000000
645000	14.0000000000000	645000	14.0000000000000	645000	14.0000000000000	645000	14.0000000000000	645000	14.0000000000000	645000	14.0000000000000	645000	14.0000000000000	645000	14.0000000000000	645000	14.0000000000000	645000	14.0000000000000
647500	14.0000000000000	647500	14.0000000000000	647500	14.0000000000000	647500	14.0000000000000	647500	14.0000000000000	647500	14.0000000000000	647500	14.0000000000000	647500	14.0000000000000	647500	14.0000000000000	647500	14.0000000000000
650000	14.0000000000000	650000	14.0000000000000	650000	14.0000000000000	650000	14.0000000000000	650000	14.0000000000000	650000	14.0000000000000	650000	14.0000000000000	650000	14.0000000000000	650000	14.0000000000000	650000	14.0000000000000
652500	14.0000000000000	652500	14.0000000000000	652500	14.0000000000000	652500	14.0000000000000	652500	14.0000000000000	652500	14.0000000000000	652500	14.0000000000000	652500	14.0000000000000	652500	14.0000000000000	652500	14.0000000000000
655000	14.0000000000000	655000	14.0000000000000	655000	14.0000000000000	655000	14.0000000000000	655000	14.0000000000000	655000	14.0000000000000	655000	14.0000000000000	655000	14.0000000000000	655000	14.0000000000000	655000	14.0000000000000
657500	14.0000000000000	657500	14.0000000000000	657500	14.0000000000000	657500	14.0000000000000	657500	14.0000000000000	657500	14.0000000000000	657500	14.0000000000000	657500	14.0000000000000	657500	14.0000000000000	657500	14.0000000000000
660000	14.0000000000000	660000	14.0000000000000	660000	14.0000000000000	660000	14.0000000000000	660000	14.0000000000000	660000	14.0000000000000	660000	14.0000000000000	660000	14.0000000000000	660000	14.0000000000000	660000	14.0000000000000
662500	14.0000000000000	662500	14.0000000000000	662500	14.0000000000000	662500	14.0000000000000	662500	14.0000000000000	662500	14.0000000000000	662500	14.0000000000000	662500	14.0000000000000	662500	14.0000000000000	662500	14.0000000000000
665000	14.0000000000000	665000	14.0000000000000	665000	14.0000000000000	665000	14.0000000000000	665000	14.0000000000000	665000	14.0000000000000	665000	14.0000000000000	665000	14.0000000000000	665000	14.0000000000000	665000	14.0000000000000
667500	14.0000000000000	667500	14.0000000000000	667500	14.0000000000000	667500	14.0000000000000	667500	14.0000000000000	667500	14.0000000000000	667500	14.0000000000000	667500	14.0000000000000	667500	14.0000000000000	667500	14.0000000000000
670000	14.0000000000000	670000	14.0000000000000	670000	14.0000000000000	670000	14.0000000000000	670000	14.0000000000000	670000	14.0000000000000	670000	14.0000000000000	670000	14.0000000000000	670000	14.0000000000000	670000	14.0000000000000
672500	14.0000000000000	672500	14.0000000000000	672500	14.0000000000000	672500	14.0000000000000	672500	14.0000000000000	672500	14.0000000000000	672500	14.0000000000000	672500	14.0000000000000	672500	14.0000000000000	672500	14.0000000000000
675000	14.0000000000000	675000	14.0000000000000	675000	14.0000000000000	675000	14.0000000000000	675000	14.0000000000000	675000	14.0000000000000	675000	14.0000000000000	675000	14.0000000000000	675000	14.0000000000000	675000	14.0000000000000
677500	14.0000000000000	677500	14.0000000000000	677500	14.0000000000000	677500	14.0000000000000	677500	14.0000000000000	677500	14.0000000000000	677500	14.0000000000000	677500	14.0000000000000	677500	14.0000000000000	677500	14.0000000000000
680000	14.0000000000000	680000	14.0000000000000	680000	14.0000000000000	680000	14.0000000000000	680000	14.0000000000000	680000	14.0000000000000	680000	14.0000000000000	680000	14.0000000000000	680000	14.0000000000000	680000	14.0000000000000
682500	14.0000000000000	682500	14.0000000000000	682500	14.0000000000000	682500	14.0000000000000	682500	14.0000000000000	682500	14.0000000000000	682500	14.0000000000000	682500	14.0000000000000	682500	14.0000000000000	682500	14.0000000000000
685000	14.0000000000000	685000	14.0000000000000	685000	14.0000000000000	685000	14.0000000000000	685000	14.0000000000000	685000	14.0000000000000	685000	14.0000000000000	685000	14.0000000000000	685000	14.0000000000000	685000	14.0000000000000
687500	14.0000000000000	687500	14.0000000000000	687500	14.0000000000000	687500	14.0000000000000	687500	14.0000000000000	687500	14.0000000000000	687500	14.0000000000000	687500	14.0000000000000	687500	14.0000000000000	687500	14.0000000000000
690000	14.0000000000000	690000	14.0000000000000	690000	14.0000000000000	690000	14.0000000000000	690000	14.0000000000000	690000	14.0000000000000	690000	14.0000000000000	690000	14.0000000000000	690000	14.0000000000000	690000	14.0000000000000
692500	14.0000000000000	692500	14.0000000000000	692500	14.0000000000000	692500	14.0000000000000	692500	14.0000000000000	692500	14.0000000000000	692500	14.0000000000000	692500	14.0000000000000	692500	14.0000000000000	692500	14.0000000000000
695000	14.0000000000000	695000	14.0000000000000	695000	14.0000000000000	695000	14.0000000000000	695000	14.0000000000000	695000	14.0000000000000	695000	14.0000000000000	695000	14.0000000000000	695000	14.0000000000000	695000	14.0000000000000
697500	14.0000000000000	697500	14.0000000000000	697500	14.0000000000000	697500	14.0000000000000	697500	14.0000000000000	697500	14.0000000000000	697500	14.0000000000000	697500	14.0000000000000	697500	14.0000000000000	697500	14.0000000000000
700000	14.0000000000000	700000	14.0000000000000	700000	14.0000000000000	700000	14.0000000000000	700000	14.0000000000000	700000	14.0000000000000	700000	14.0000000000000	700000	14.0000000000000	700000	14.0000000000000	700000	14.0000000000000
702500	14.0000000000000	702500	14.0000000000000	702500	14.0000000000000	702500	14.0000000000000	702500	14.0000000000000	702500	14.0000000000000	702500	14.0000000000000	702500	14.0000000000000	702500	14.0000000000000	702500	14.0000000000000
705000	14.0000000000000	705000	14.0000000000000	705000	14.0000000000000	705000	14.0000000000000	705000	14.0000000000000	705000	14.0000000000000	705000	14.0000000000000	705000	14.0000000000000	705000	14.0000000000000	705000	14.0000000000000
707500	14.0000000000000	707500	14.0000000000000	707500	14.0000000000000	707500	14.0000000000000	707500	14.0000000000000	707500	14.0000000000000	707500	14.0000000000000	707500	14.0000000000000	707500	14.0000000000000	707500	14.0000000000000
710000	14.0000000000000	710000	14.0000000000000	710000	14.0000000000000	710000	14.0000000000000	710000	14.0000000000000	710000	14.0000000000000	710000	14.0000000000000	710000	14.0000000000000	710000	14.0000000000000	710000	14.0000000000000
712500	14.0000000000000	712500	14.0000000000000	712500	14.0000000000000	712500	14.0000000000000	712500	14.0000000000000	712500	14.0000000000000	712500	14.0000000000000	712500	14.0000000000000	712500	14.0000000000000	712500	14.0000000000000
715000	14.0000000000000	715000	14.0000000000000	715000	14.0000000000000	715000	14.0000000000000	715000	14.0000000000000	715000	14.0000000000000	715000	14.0000000000000	715000	14.0000000000000	715000	14.0000000000000	715000	14.0000000000000
717500	14.0000000000000	717500	14.0000000000000	717500	14.0000000000000	717500	14.0000000000000	717500	14.0000000000000	717500	14.0000000000000	717500	14.0000000000000	717500	14.0000000000000	717500	14.0000000000000	717500	14.0000000000000
720000	14.0000000000000	720000	14.0000000000000	720000	14.0000000000000	720000	14.0000000000000	720000	14.0000000000000	720000	14.0000000000000	720000	14.0000000000000	720000	14.0000000000000	720000	14.0000000000000	720000	14.0000000000000
722500	14.0000000000000	722500	14.0000000000000	722500	14.0000000000000	722500	14.0000000000000	722500	14.0000000000000	722500	14.0000000000000	722500	14.0000000000000	722500	14.0000000000000	722500	14.0000000000000	722500	14.0000000000000
725000	14.0000000000000	725000	14.0000000000000	725000	14.0000000000000	725000	14.0000000000000	725000	14.0000000000000	725000	14.0000000000000	725000	14.0000000000000	725000	14.0000000000000	725000	14.0000000000000	725000	14.0000000000000
727500	14.0000000000000	727500	14.0000000000000	727500	14.0000000000000	727500	14.0000000000000	727500	14.0000000000000	727500	14.0000000000000	727500	14.0000000000000	727500	14.0000000000000	727500	14.0000000000000	727500	14.0000000000000
730000	14.0000000000000	730000	14.0000000000000	730000	14.0000000000000	730000	14.0000000000000	730000	14.0000000000000	730000	14.0000000000000	730000	14.0000000000000	730000	14.0000000000000	730000	14.0000000000000	730000	14.0000000000000
732500	14.0000000000000	732500	14.0000000000000	732500	14.0000000000000	732500	14.0000000000000	732500	14.0000000000000	732500	14.0000000000000	732500	14.0000000000000	732500	14.0000000000000	732500	14.0000000000000	732500	14.0000000000000
735000	14.0000000000000	735000	14.0000000000000	735000	14.0000000000000	735000	14.0000000000000	735000	14.0000000000000	735000	14.0000000000000	735000	14.0000000000000	735000	14.0000000000000	735000	14.0000000000000	735000	14.0000000000000
737500	14.0000000000000	737500	14.0000000000000	737500	14.0000000000000	737500	14.0000000000000	737500	14.0000000000000	737500	14.0000000000000	737500	14.0000000000000	737500	14.0000000000000	737500	14.0000000000000	737500	14.0000000000000
740000	14.0000000000000	740000	14.0000000000000	740000	14.0000000000000	740000	14.0000000000000	740000	14.0000000000000	740000	14.0000000000000	740000	14.0000000000000	740000	14.0000000000000	740000	14.0000000000000	740000	14.0000000000000
742500	14.0000000000000	742500	14.0000000000000	742500	14.0000000000000	742500	14.0000000000000	742500	14.0000000000000	742500	14.0000000000000	742500	14.0000000000000	742500	14.0000000000000	742500	14.0000000000000	742500	14.0000000000000
745000	14.0000000000000	745000	14.0000000000000	745000	14.0000000000000	745000	14.0000000000000	745000	14.0000000000000	745000	14.0000000000000	745000	14.0000000000000	745000	14.0000000000000	745000	14.0000000000000	745000	14.0000000000000
747500	14.0000000000000	747500	14.0000000000000	747500	14.0000000000000	747500	14.0000000000000	747500	14.0000000000000	747500	14.0000000000000	747500	14.0000000000000	747500	14.0000000000000	747500	14.0000000000000	747500	14.0000000000000
750000	14.0000000000000	750000	14.0000000000000	750000	14.0000000000000	750000	14.0000000000000	750000	14.0000000000000	750000	14.0000000000000	750000	14.0000000000000	750000	14.0000000000000	750000	14.0000000000000	750000	14.0000000000000
752500	14.0000000000000	752500	14.0000000000000	752500	14.0000000000000	752500	14.0000000000000	752500	14.0000000000000	752500	14.0000000000000	752500	14.0000000000000	752500	14.0000000000000	752500	14.0000000000000	752500	14.0000000000000
755000	14.0000000000000	755000	14.0000000000000	755000	14.0000000000000	755000	14.0000000000000	755000	14.0000000000000	755000	14.0000000000000	755000	14.0000000000000	755000	14.0000000000000	755000	14.0000000000000	755000	14.0000000000000
757500	14.0000000000000	757500	14.0000000000000	757500	14.0000000000000	757500	14.0000000000000	757500	14.0000000000000	757500	14.0000000000000	757500	14.0000000000000	757500	14.0000000000000	757500	14.0000000000000	757500	14.0000000000000
760000	14.0000000000000	760000	14.0000000000000	760000	14.0000000000000	760000	14.0000000000000	760000	14.0000000000000	760000	14.0000000000000	760000	14.0000000000000	760000	14.0000000000000	760000	14.0000000000000	760000	14.0000000000000
762500	14.0000000000000	762500	14.0000000000000	762500	14.0000000000000	762500	14.0000000000000	762500	14.0000000000000	762500	14.0000000000000	762500	14.0000000000000	762500	14.0000000000000	762500	14.0000000000000	762500	14.0000000000000
765000	14.0000000000000	765000	14.0000000000000	765000	14.0000000000000	765000	14.0000000000000	765000	14.0000000000000	765000	14.0000000000000	765000	14.0000000000000	765000	14.0000000000000	765000	14.0000000000000	765000	14.0000000000000
767500	14.0000000000000	767500	14.0000000000000	767500	14.0000000000000	767500	14.0000000000000	767500	14.0000000000000	767500	14.0000000000000	767500	14.0000000000000	767500	14.0000000000000	767500	14.0000000000000	767500	14.0000000000000
770000	14.0000000000000	770000	14.0000000000000	770000	14.0000000000000	770000	14.0000000000000	770000	14.0000000000000	770000	14.0000000000000	770000	14.0000000000000	770000	14.0000000000000	770000	14.0000000000000	770000	14.0000000000000
772500	14.0000000000000	772500	14.0000000000000	772500	14.0000000000000	772500	14.0000000000000	772500	14.0000000000000	772500	14.0000000000000	772500	14.0000000000000	772500	14.0000000000000	772500	14.0000000000000	772500	14.0000000000000
775000	14.0000000000000	775000	14.0000000000000	775000	14.0000000000000	775000	14.0000000000000	775000	14.0000000000000	775000	14.0000000000000	775000	14.0000000000000	775000	14.0000000000000	775000	14.0000000000000	775000	14.0000000000000
777500	14.0000000000000	777500	14.0000000000000	777500	14.0000000000000	777500	14.0000000000000	777500	14.0000000000000	777500	14.0000000000000	777500	14.0000000000000	777500	14.0000000000000	777500	14.0000000000000	777500	14.0000000000000
780000	14.0000000000000	780000	14.0000000000000	780000	14.0000000000000	780000	14.0000000000000	780000	14.0000000000000	780000	14.0000000000000	780000	14.0000000000000	780000	14.0000000000000	780000	14.0000000000000	780000	14.0000000000000
782500	14.0000000000000	782500	14.0000000000000	782500	14.0000000000000	782500	14.0000000000000	782500	14.0000000000000	782500	14.0000000000000	782500	14.0000000000000	782500	14.0000000000000	782500	14.0000000000000	782500	14.0000000000000
785000	14.0000000000000	785000	14.0000000000000	785000	14.0000000000000	785000	14.0000000000000	785000	14.0000000000000	785000	14.0000000000000	785000	14.0000000000000	785000	14.0000000000000	785000	14.0000000000000	785000	14.0000000000000
787500	14.0000000000000	787500	14.0000000000000	787500	14.0000000000000	787500	14.0000000000000	787500	14.0000000000000	787500	14.0000000000000	787500	14.0000000000000	787500	14.0000000000000	787500	14.0000000000000	787500	14.0000000000000
790000	14.0000000000000	790000	14.0000000000000	790000	14.0000000000000	790000	14.0000000000000	790000	14.0000000000000	790000	14.0000000000000	790000	14.0000000000000	790000	14.0000000000000	790000	14.0000000000000	790000	14.0000000000000
792500	14.0000000000000	792500	14.0000000000000	792500	14.0000000000000	792500	14.0000000000000	792500	14.0000000000000	792500	14.0000000000000	792500	14.0000000000000	792500	14.0000000000000	792500	14.0000000000000	792500	14.0000000000000
795000	14.0000000000000	795000	14.0000000000000	795000	14.0000000000000	795000	14.0000000000000	795000	14.0000000000000	795000	14.0000000000000	795000	14.0000000000000	795000	14.0000000000000	795000	14.0000000000000	795000	14.0000000000000
797500	14.0000000000000	797500	14.0000000000000	797500	14.0000000000000	797500	14.0000000000000	797500	14.0000000000000	797500	14.0000000000000	797500	14.0000000000000	797500	14.0000000000000	797500	14.0000000000000	797500	14.0000000000000
800000	14.0000000000000	800000	14.0000000000000	800000	14.0000000000000	800000	14.0000000000000	800000	14.0000000000000	800000	14.0000000000000	800000	14.0000000000000	800000	14.0000000000000	800000	14.0000000000000	800000	14.0000000000000
802500	14.0000000000000	802500	14.0000000000000	802500	14.0000000000000	802500	14.0000000000000	802500	14.0000000000000	802500	14.0000000000000	802500	14.0000000000000	802500	14.0000000000000	802500	14.0000000000000	802500	14.0000000000000
805000	14.0000000000000	805000	14.0000000000000	805000	14.0000000000000	805000	14.0000000000000	805000	14.0000000000000	805000	14.0000000000000	805000	14.0000000000000	805000	14.0000000000000	805000	14.0000000000000	805000	14.0000000000000
807500	14.0000000000000	807500	14.0000000000000	807500	14.0000000000000	807500	14.0000000000000	807500	14.0000000000000	807500	14.0000000000000	807500	14.0000000000000	807500	14.0000000000000	807500	14.0000000000000	807500	14.0000000000000
810000	14.0000000000000	810000	14.0000000000000	810000	14.0000000000000	810000	14.0000000000000	810000	14.0000000000000	810000	14.0000000000000	810000	14.0000000000000	810000	14.0000000000000	810000	14.0000000000000	810000	14.0000000000000
812500	14.0000000000000	812500	14.0000000000000	812500	14.0000000000000	812500	14.0000000000000	812500	14.0000000000000	812500	14.0000000000000	812500	14.0000000000000	812500	14.0000000000000	812500	14.0000000000000	812500	14.0000000000000
815000	14.0000000000000	815000	14.0000000000000	815000	14.0000000000000	815000	14.0000000000000	815000	14.0000000000000	815000	14.0000000000000	815000	14.0000000000000	815000	14.0000000000000	815000	14.0000000000000	815000	14.0000000000000
817500	14.0000000000000	817500	14.0000000000000	817500	14.0000000000000	817500	14.0000000000000	817500	14.0000000000000	817500	14.0000000000000	817500	14.0000000000000	817500	14.0000000000000	817500	14.0000000000000	817500	14.0000000000000
820000	14.0000000000000	820000	14.0000000000000	820000	14.0000000000000	820000	14.0000000000000	820000	14.0000000000000	820000	14.0000000000000	820000	14.0000000000000	820000	14.0000000000000	820000	14.0000000000000	820000	14.0000000000000
822500	14.0000000000000	822500	14.0000000000000	822500	14.0000000000000	822500	14.0000000000000	822500	14.0000000000000	822500	14.0000000000000	822500	14.0000000000000	822500	14.0000000000000	822500	14.0000000000000	822500	14.0000000000000
825000	14.0000000000000	825000	14.0000000000000	825000	14.0000000000000	825000	14.0000000000000	825000	14.0000000000000	825000	14.0000000000000	825000	14.0000000000000	825000	14.0000000000000	825000	14.0000000000000	825000	14.0000000000000
827500	14.0000000000000	827500	14.0000000000000	827500	14.0000000000000	827500	14.0000000000000	827500	14.0000000000000	827500	14.0000000000000	827500	14.0000000000000	827500	14.0000000000000	827500	14.0000000000000	827500	14.0000000000000
830000	14.0000000000000	830000	14.0000000000000	830000	14.0000000000000	830000	14.0000000000000	830000	14.0000000000000	830000	14.0000000000000	830000	14.0000000000000	830000	14.0000000000000	830000	14.0000000000000	830000	14.0000000000000
832500	14.0000000000000	832500	14.0000000000000	832500	14.0000000000000	832500	14.0000000000000	832500	14.0000000000000	832500	14.0000000000000	832500	14.0000000000000	832500	14.0000000000000	832500	14.0000000000000	832500	14.0000000000000
835000	14.0000000000000	835000	14.0000000000000	835000	14.0000000000000	835000	14.0000000000000	835000	14.0000000000000	835000	14.0000000000000	835000	14.0000000000000	835000	14.0000000000000	835000	14.0000000000000	835000	14.0000000000000
837500	14.0000000000000	837500	14.0000000000000	837500	14.0000000000000	837500	14.0000000000000	837500	14.0000000000000	837500	14.0000000000000	837500	14.0000000000000	837500	14.0000000000000	837500	14.0000000000000	837500	14.0000000000000
840000	14.0000000000000	840000	14.0000000000000	840000	14.0000000000000	840000	14.0000000000000	840000	14.0000000000000	840000	14.0000000000000	840000	14.0000000000000	840000	14.0000000000000	840000	14.0000000000000	840000	14.0000000000000
842500	14.0000000000000	842500	14.0000000000000	842500	14.0000000000000	842500	14.0000000000000	842500	14.0000000000000	842500	14.0000000000000	842500	14.0000000000000	842500	14.0000000000000	842500	14.0000000000000	842500	14.0000000000000
845000	14.0000000000000	845000	14.0000000000000	845000	14.0000000000000	845000	14.0000000000000	845000	14.0000000000000	845000	14.0000000000000	845000	14.0000000000000	845000	14.0000000000000	845000	14.0000000000000	845000	14.0000000000000
847500	14.0000000000000	847500	14.0000000000000	847500	14.0000000000000	847500	14.0000000000000	847500	14.0000000000000	847500	14.0000000000000	847500	14.0000000000000	847500	14.0000000000000	847500	14.0000000000000	847500	14.0000000000000
850000	14.0000000000000	850000	14.0000000000000	850000	14.0000000000000	850000	14.0000000000000	850000	14.0000000000000	850000	14.0000000000000	850000	14.0000000000000	850000	14.0000000000000	850000	14.0000000000000	850000	14.0000000000000
852500	14.0000000000000	852500	14.0000000000000	852500	14.0000000000000	852500	14.0000000000000	852500	14.0000000000000	852500	14.0000000000000	852500	14.0000000000000	852500	14.0000000000000	852500	14.0000000000000	852500	14.0000000000000
855000	14.0000000000000	855000	14.0000000000000	855000	14.0000000000000	855000	14.0000000000000	855000	14.0000000000000	855000	14.0000000000000	855000	14.0000000000000	855000	14.0000000000000	855000	14.0000000000000	855000	14.0000000000000
857500	14.0000000000000	857500	14.0000000000000	857500	14.0000000000000	857500	14.0000000000000	857500	14.0000000000000	857500	14.0000000000000	857500	14.0000000000000	857500	14.0000000000000	857500	14.0000000000000	857500	14.0000000000000
860000	14.0000000000000	860000	14.0000000000000	860000	14.0000000000000	860000	14.0000000000000	860000	14.0000000000000	860000	14.0000000000000	860000	14.0000000000000	860000	14.0000000000000	860000	14.0000000000000	860000	14.0000000000000
862500	14.0000000000000	862500	14.0000000000000	862500	14.0000000000000	862500	14.0000000000000	862500	14.0000000000000	862500	14.0000000000000	862500	14.0000000000000	862500	14.0000000000000	862500	14.0000000000000	862500	14.0000000000000
865000	14.0000000000000	865000	14.0000000000000	865000	14.0000000000000	865000	14.0000000000000	865000	14.0000000000000	865000	14.0000000000000	865000	14.0000000000000	865000	14.0000000000000	865000	14.0000000000000	865000	14.0000000000000
867500	14.0000000000000	867500	14.0000000000000	867500	14.0000000000000	867500	14.0000000000000	867500	14.0000000000000	867500	14.0000000000000	867500	14.0000000000000	867500	14.0000000000000	867500	14.0000000000000	867500	14.0000000000000
870000	14.0000000000000	870000	14.0000000000000	870000	14.0000000000000	870000	14.0000000000000	870000	14.0000000000000	870000	14.0000000000000	870000	14.0000000000000	870000	14.0000000000000	870000	14.0000000000000	870000	14.0000000000000
872500	14.0000000000000	872500	14.0000000000000	872500	14.0000000000000	872500	14.0000000000000	872500	14.0000000000000	872500	14.0000000000000	872500	14.0000000000000	872500	14.0000000000000	872500	14.0000000000000	872500	14.0000000000000
875000	14.0000000000000	875000	14.0000000000000	875000	14.0000000000000	875000	14.0000000000000	875000	14.0000000000000	875000	14.0000000000000	875000	14.0000000000000	875000	14.0000000000000	875000	14.0000000000000	875000	14.0000000000000
877500	14.0000000000000	877500	14.0000000000000	877500	14.0000000000000	877500	14.0000000000000	877500	14.0000000000000	877500	14.0000000000000	877500	14.0000000000000	877500	14.0000000000000	877500	14.0000000000000	877500	14.0000000000000
880000	14.0000000000000	880000	14.0000000000000	880000	14.0000000000000	880000	14.0000000000000	880000	14.0000000000000	880000	14.0000000000000	880000	14.0000000000000	880000	14.0000000000000	880000	14.0000000000000	880000	14.0000000000000
882500	14.0000000000000	882500	14.0000000000000	882500	14.0000000000000	882500	14.0000000000000	882500	14.0000000000000	882500	14.0000000000000	882500	14.0000000000000	882500	14.0000000000000	882500	14.0000000000000	882500	14.0000000000000
885000	14.0000000000000	885000	14.0000000000000	885000	14.0000000000000	885000	14.0000000000000	885000	14.0000000000000	885000	14.0000000000000	885000	14.0000000000000	885000	14.0000000000000	885000	14.0000000000000	885000	14.0000000000000
887500	14.0000000000000	887500	14.0000000000000	887500	14.0000000000000	887500	14.0000000000000	887500	14.0000000000000	887500	14.0000000000000	887500	14.0000000000000	887500	14.0000000000000	887500	14.0000000000000	887500	14.0000000000000
890000	14.0000000000000	890000	14.0000000000000	890000	14.0000000000000	890000	14.0000000000000	890000	14.0000000000000	890000	14.0000000000000	890000	14.0000000000000	890000	14.0000000000000	890000	14.0000000000000	890000	14.0000000000000
892500	14.0000000000000	892500	14.0000000000000	892500	14.0000000000000	892500	14.0000000000000	892500	14.0000000000000	892500	14.0000000000000	892500	14.0000000000000	892500	14.0000000000000	892500	14.0000000000000	892500	14.0000000000000
895000	14.0000000000000	895000	14.0000000000000	895000	14.0000000000000	895000	14.0000000000000	895000	14.0000000000000	895000	14.0000000000000	895000	14.0000000000000	895000	14.0000000000000	895000	14.0000000000000	895000	14.0000000000000
897500	14.0000000000000	897500	14.0000000000000	897500	14.0000000000000	897500	14.0000000000000	897500	14.0000000000000	897500	14.0000000000000	897500	14.0000000000000	897500	14.0000000000000	897500	14.0000000000000	897500	14.0000000000000
900000	14.0000000000000	900000	14.0000000000000	900000	14.0000000000000	900000	14.0000000000000	900000	14.0000000000000	900000	14.0000000000000	900000	14.0000000000000	900000	14.0000000000000	900000	14.0000000000000	900000	14.0000000000000
902500	14.0000000000000	902500	14.0000000000000	902500	14.0000000000000	902500	14.0000000000000	902500	14.0000000000000	902500	14.0000000000000	902500	14.0000000000000	902500	14.0000000000000	902500	14.0000000000000	902500	14.0000000000000
905000	14.0000000000000	905000	14.0000000000000	905000	14.0000000000000	905000	14.0000000000000	905000	14.0000000000000	905000	14.0000000000000	905000	14.0000000000000	905000	14.0000000000000	905000	14.0000000000000	905000	14.0000000000000
907500	14.0000000000000	907500	14.0000000000000	907500	14.0000000000000	907500	14.0000000000000	907500	14.0000000000000	907500	14.0000000000000	907500	14.0000000000000	907500	14.0000000000000	907500	14.0000000000000	907500	14.0000000000000
910000	14.0000000000000	910000	14.0000000000000	910000	14.0000000000000	910000	14.0000000000000	910000	14.0000000000000	910000	14.0000000000000	910000	14.0000000000000	910000	14.0000000000000	910000	14.0000000000000	910000	14.0000000000000
912500	14.0000000000000	912500	14.0000000000000	912500	14.0000000000000	912500	14.0000000000000	912500	14.0000000000000	912500	14.0000000000000	912500	14.0000000000000	912500	14.0000000000000	912500	14.0000000000000	912500	14.0000000000000
915000	14.0000000000000	915000	14.0000000000000	915000	14.0000000000000	915000	14.0000000000000	915000	14.0000000000000	915000	14.0000000000000	915000	14.0000000000000	915000	14.0000000000000	915000	14.0000000000000	915000	14.0000000000000
917500	14.0000000000000	917500	14.0000000000000	917500	14.0000000000000	917500	14.0000000000000	917500	14.0000000000000	917500	14.0000000000000	917500	14.0000000000000	917500	14.0000000000000	917500	14.0000000000000	917500	14.0000000000000
920000	14.0000000000000	920000	14.0000000000000	920000	14.0000000000000	920000	14.0000000000000	920000	14.0000000000000	920000	14.0000000000000	920000	14.0000000000000	920000	14.0000000000000	920000	14.0000000000000	920000	14.0000000000000
922500	14.0000000000000	922500	14.0000000000000	922500	14.0000000000000	922500	14.0000000000000	922500	14.0000000000000	922500	14.0000000000000	922500	14.0000000000000	922500	14.0000000000000	922500	14.0000000000000	922500	14.0000000000000
925000	14.0000000000000	925000	14.0000000000000	925000	14.0000000000000	925000	14.0000000000000	925000	14.0000000000000	925000	14.0000000000000	925000	14.0000000000000	925000	14.0000000000000	925000	14.0000000000000	925000	14.0000000000000
927500	14.0000000000000	927500	14.0000000000000	927500	14.0000000000000	927500	14.0000000000000	927500	14.0000000000000	927500	14.0000000000000	927500	14.0000000000000	927500	14.0000000000000	927500	14.0000000000000	927500	14.0000000000000
930000	14.0000000000000	930000	14.0000000000000	930000	14.0000000000000	930000	14.0000000000000	930000	14.0000000000000	930000	14.0000000000000	930000	14.0000000000000	930000	14.0000000000000	930000	14.0000000000000	930000	14.0000000000000
932500	14.0000000000000	932500	14.0000000000000	932500	14.0000000000000	932500	14.0000000000000	932500	14.0000000000000	932500	14.0000000000000	932500	14.0000000000000	932500	14.0000000000000	932500	14.0000000000000	932500	14.0000000000000
935000	14.0000000000000	935000	14.0000000000000	935000	14.0000000000000	935000	14.0000000000000	935000	14.0000000000000	935000	14.0000000000000	935000	14.0000000000000	935000	14.0000000000000	935000	14.0000000000000	935000	14.0000000000000
937500	14.0000000000000	937500	14.0000000000000	937500	14.0000000000000	937500	14.0000000000000	937500	14.0000000000000	937500	14.0000000000000	937500	14.0000000000000	937500	14.0000000000000	937500	14.0000000000000	937500	14.0000000000000
940000	14.0000000000000	940000	14.0000000000000	940000	14.0000000000000	940000	14.0000000000000	940000	14.0000000000000	940000	14.0000000000000	940000	14.0000000000000	940000	14.0000000000000	940000	14.0000000000000	940000	14.0000000000000
942500	14.0000000000000	942500	14.0000000000000	942500	14.0000000000000	942500	14.0000000000000	942500	14.0000000000000	942500	14.0000000000000	942500	14.0000000000000	942500	14.0000000000000	942500	14.0000000000000	942500	14.0000000000000
945000	14.0000000000000	945000	14.0000000000000	945000	14.0000000000000	945000	14.0000000000000	945000	14.0000000000000		945000	14.0000000000000	945000	14.0000000000000	945000	14.0000000000000	945000	14.0000000000000
947500	14.0000000000000	947500	14.0000000000000	947500	14.0000000000000	947500	14.0000000000000	947500	14.0000000000000		947500	14.0000000000000	947500	14.0000000000000	947500	14.0000000000000	947500	14.0000000000000
950000	14.0000000000000	950000	14.0000000000000	950000	14.0000000000000	950000	14.0000000000000	950000	14.0000000000000		950000	14.0000000000000	950000	14.0000000000000	950000	14.0000000000000	950000	14.0000000000000
952500	14.0000000000000	952500	14.0000000000000	952500	14.0000000000000	952500	14.0000000000000	952500	14.0000000000000		952500	14.0000000000000	952500	14.0000000000000	952500	14.0000000000000	952500	14.0000000000000
955000	14.0000000000000	955000	14.0000000000000	955000	14.0000000000000	955000	14.0000000000000	955000	14.0000000000000		955000	14.0000000000000	955000	14.0000000000000	955000	14.0000000000000	955000	14.0000000000000
957500	14.0000000000000	957500	14.0000000000000	957500	14.0000000000000	957500	14.0000000000000	957500	14.0000000000000		957500	14.0000000000000	957500	14.0000000000000	957500	14.0000000000000	957500	14.0000000000000
960000	14.0000000000000	960000	14.0000000000000	960000	14.0000000000000	960000	14.0000000000000	960000	14.0000000000000		960000	14.0000000000000	960000	14.0000000000000	960000	14.0000000000000	960000	14.0000000000000
962500	14.0000000000000	962500	14.0000000000000	962500	14.0000000000000	962500	14.0000000000000	962500	14.0000000000000		962500	14.0000000000000	962500	14.0000000000000	962500	14.0000000000000	962500	14.0000000000000
965000	14.0000000000000	965000	14.0000000000000	965000	14.0000000000000	965000	14.0000000000000	965000	14.0000000000000		965000	14.0000000000000	965000	14.0000000000000	965000	14.0000000000000	965000	14.0000000000000
967500	14.0000000000000	967500	14.0000000000000	967500	14.0000000000000	967500	14.0000000000000	967500	14.0000000000000		967500	14.0000000000000	967500	14.0000000000000	967500	14.0000000000000	967500	14.0000000000000
970000	14.0000000000000	970000	14.0000000000000	970000	14.0000000000000	970000	14.0000000000000	970000	14.0000000000000		970000	14.0000000000000	970000	14.0000000000000	970000	14.0000000000000	970000	14.0000000000000
972500	14.0000000000000	972500	14.0000000000000	972500	14.0000000000000	972500	14.0000000000000	972500	14.0000000000000		972500	14.0000000000000	972500	14.0000000000000	972500	14.0000000000000	972500	14.0000000000000
975000	14.0000000000000	975000	14.0000000000000	975000	14.0000000000000	975000	14.0000000000000	975000	14.0000000000000		975000	14.0000000000000	975000	14.0000000000000	975000	14.0000000000000	975000	14.0000000000000
977500	14.0000000000000	977500	14.0000000000000	977500	14.0000000000000	977500	14.0000000000000	977500	14.0000000000000		977500	14.0000000000000	977500	14.0000000000000	977500	14.0000000000000	977500	14.0000000000000
980000	14.0000000000000	980000	14.0000000000000	980000	14.0000000000000	980000	14.0000000000000	980000	14.0000000000000		980000	14.0000000000000	980000	14.0000000000000	980000	14.0000000000000	980000	14.0000000000000
982500	14.0000000000000	982500	14.0000000000000	982500	14.0000000000000	982500	14.0000000000000	982500	14.0000000000000		982500	14.0000000000000	982500	14.0000000000000	982500	14.0000000000000	982500	14.0000000000000
985000	14.0000000000000	985000	14.0000000000000	985000	14.0000000000000	985000	14.0000000000000	985000	14.0000000000000		985000	14.0000000000000	985000	14.0000000000000	985000	14.0000000000000	985000	14.0000000000000
987500	14.0000000000000	987500	14.0000000000000	987500	14.0000000000000	987500	14.0000000000000	987500	14.0000000000000		987500	14.0000000000000	987500	14.0000000000000	987500	14.0000000000000	987500	14.0000000000000
990000	14.0000000000000	990000	14.0000000000000	990000	14.0000000000000	990000	14.0000000000000	990000	14.0000000000000		990000	14.0000000000000	990000	14.0000000000000	990000	14.0000000000000	990000	14.0000000000000
992500	14.0000000000000	992500	14.0000000000000	992500	14.0000000000000	992500	14.0000000000000	992500	14.0000000000000		992500	14.0000000000000	992500	14.0000000000000	992500	14.0000000000000	992500	14.0000000000000
995000	14.0000000000000	995000	14.0000000000000	995000	14.0000000000000	995000	14.0000000000000	995000	14.0000000000000		995000	14.0000000000000	995000	14.0000000000000	995000	14.0000000000000	995000	14.0000000000000
997500	14.0000000000000	997500	14.0000000000000	997500	14.0000000000000	997500	14.0000000000000	997500	14.0000000000000		997500	14.0000000000000	997500	14.0000000000000	997500	14.0000000000000	997500	14.0000000000000
1000000	14.0000000000000	1000000	14.0000000000000	1000000	14.0000000000000	1000000	14.0000000000000	1000000	14.0000000000000		1000000	14.0000000000000	1000000	14.0000000000000	1000000	14.0000000000000	1000000	14.0000000000000
