#	SIM_20_0.05_0		#	SIM_20_0.05_-10		#	SIM_20_0.05_-12		#	SIM_20_0.05_-15		#	SIM_20_0.05_-2		#	SIM_20_0.05_-4		#	SIM_20_0.05_-5		#	SIM_20_0.05_-6		#	SIM_20_0.05_-7		#	SIM_20_0.05_-8		#	SIM_20_0.05_-9	
1	95700.7072558874	1	108421.811972599	1	110452.218804521	1	114605.869165790	1	98042.8571505900	1	101546.215622799	1	102761.643616711	1	104688.426982085	1	105457.622126764	1	106238.289922133	1	107457.838443065
500	95324.3949077359	500	109099.303678833	500	111012.534676796	500	114497.018647396	500	98269.8892354713	500	101536.356713149	500	101874.711306127	500	103937.232235540	500	105393.119386952	500	106181.146898772	500	107312.471126760
1000	94774.6273583959	1000	108418.759823862	1000	110893.210374908	1000	113922.006151164	1000	99104.8249057523	1000	100758.312418886	1000	101827.552946373	1000	103685.495996437	1000	105233.544281752	1000	105551.577009244	1000	107190.766489782
1500	94712.8288756887	1500	108566.888478284	1500	110044.878417881	1500	114362.838315770	1500	98041.8250141238	1500	101077.238262258	1500	102350.480568953	1500	103711.886063928	1500	105404.797107084	1500	105805.683757916	1500	108280.277679493
2000	95719.1632651082	2000	108473.255394601	2000	110805.016296898	2000	114192.226772659	2000	99834.6666255040	2000	101417.774649687	2000	102601.006210899	2000	104201.437526759	2000	104880.291009053	2000	106839.087833774	2000	107679.244990728
2500	94806.0230654504	2500	109607.231806917	2500	110280.350737052	2500	113275.199500235	2500	98256.2295507486	2500	101925.043274965	2500	102593.964345267	2500	103306.027200632	2500	105041.464358299	2500	106072.264291922	2500	106766.413768028
3000	94554.3790010801	3000	109244.067540015	3000	110482.224257048	3000	113585.410597015	3000	98736.0243552351	3000	101629.115678683	3000	102901.933906962	3000	104005.722525249	3000	104739.568670289	3000	106668.556526990	3000	106906.812562301
3500	95521.2042019920	3500	108913.486412794	3500	111104.638571062	3500	113842.892994030	3500	98621.5930813863	3500	101892.571294410	3500	102127.751533287	3500	103836.282416059	3500	105595.852703372	3500	106078.014468491	3500	107027.433273940
4000	95416.4352685579	4000	109306.283745365	4000	111063.103436402	4000	113254.603637913	4000	97258.2457301266	4000	102047.399947390	4000	102881.959389414	4000	103402.996394825	4000	105071.322459005	4000	106205.042081118	4000	107755.654499183
4500	94764.0563971329	4500	108467.884674711	4500	110006.784426893	4500	113880.041643694	4500	98700.3932186062	4500	100963.906265071	4500	102732.867999047	4500	103835.708664944	4500	105004.383382814	4500	106335.033841189	4500	108443.897738565
5000	95086.2971912235	5000	108732.302776271	5000	110657.381682036	5000	113364.274143805	5000	97042.6552568253	5000	101233.044364416	5000	102280.019642187	5000	103132.156284131	5000	105049.722558050	5000	105536.091120832	5000	107464.281410404
5500	94471.9338279862	5500	108951.996657176	5500	110468.419551960	5500	112902.439063576	5500	98401.7256805177	5500	101657.338052150	5500	102482.884691063	5500	103548.005004773	5500	105100.717641446	5500	106013.350453791	5500	106586.561220447
6000	95256.4289757632	6000	108353.941224688	6000	110658.873164811	6000	114245.918611048	6000	97726.1401562011	6000	101056.874393681	6000	102355.982720525	6000	103391.699566635	6000	105477.627340145	6000	106397.728877581	6000	108438.029528613
6500	95357.0523160492	6500	107556.242495857	6500	110787.791942209	6500	113979.068287466	6500	97413.1406136320	6500	99972.2476645490	6500	101646.823184054	6500	102526.751630087	6500	104979.368622283	6500	105300.075299897	6500	107020.565786000
7000	94729.8548297834	7000	109120.238955237	7000	111326.130001513	7000	113034.181226567	7000	98315.2174662094	7000	101245.458335788	7000	102045.623865532	7000	102992.304194518	7000	105805.081118697	7000	105426.059452579	7000	107184.579781489
7500	94831.7994863454	7500	108889.137928596	7500	110878.430407849	7500	113665.614735291	7500	98568.6967430030	7500	101207.999357137	7500	102413.261465202	7500	103259.252956041	7500	104733.155271151	7500	105983.625787426	7500	106548.629446867
8000	94665.4122131000	8000	107956.461510211	8000	111131.277534949	8000	113502.518247085	8000	98772.4228886140	8000	100953.836483369	8000	102163.552328704	8000	103097.018987802	8000	105265.640225453	8000	105694.833155513	8000	107013.906619718
8500	95130.6065936085	8500	108250.018103195	8500	111050.992286560	8500	113252.529148718	8500	99314.0460935268	8500	101747.247394200	8500	102426.812295022	8500	104709.273763696	8500	104990.636464317	8500	106799.626889062	8500	107801.649361060
9000	94723.9823217160	9000	107955.660059568	9000	109762.673986517	9000	112908.366728563	9000	97725.0576980030	9000	100844.165776508	9000	102072.375143818	9000	103680.369207618	9000	103995.329552078	9000	106352.185608165	9000	107317.191724506
9500	95214.1496456215	9500	108432.291067182	9500	110326.379187515	9500	113405.217628553	9500	98438.3634929676	9500	100968.447686030	9500	102575.231606751	9500	103840.582067293	9500	104842.501561557	9500	106631.666654552	9500	106666.165985968
10000	95004.4558268368	10000	108345.627610939	10000	110511.111820063	10000	113587.090604131	10000	97553.3122341088	10000	101370.487062091	10000	102214.949043128	10000	103332.611935452	10000	105221.608572997	10000	105895.678424234	10000	107804.698750645
10500	94908.0045518484	10500	108877.046898831	10500	110725.011170243	10500	114197.175057822	10500	97775.8839374334	10500	101292.173127944	10500	102258.577556583	10500	103801.521638355	10500	104698.604395298	10500	105635.219090197	10500	107783.004716533
11000	95077.6956844131	11000	108538.400275402	11000	110443.835061767	11000	112727.705797034	11000	98142.7498864514	11000	101072.108587766	11000	102136.992536074	11000	103628.521054869	11000	105378.563004298	11000	106132.148207576	11000	107362.051635271
11500	96121.6657191593	11500	108899.117216294	11500	110365.809261800	11500	113240.929518219	11500	98230.6935148439	11500	100731.702187468	11500	102512.250878189	11500	104182.637991821	11500	104800.939052193	11500	106237.033323155	11500	106847.008817676
12000	96718.4933770461	12000	108984.628358078	12000	111214.030915852	12000	112867.061503597	12000	97769.8257632070	12000	102007.522127825	12000	102351.855637535	12000	102618.159306181	12000	105738.246632131	12000	105549.338467700	12000	107653.033213441
12500	94971.9040463729	12500	109009.768033782	12500	110849.709686439	12500	114427.186473037	12500	97946.2670635846	12500	101208.438943237	12500	102423.806692485	12500	104352.199754975	12500	104960.254734721	12500	106454.817388785	12500	107005.846796065
13000	95232.8846404027	13000	108023.478819017	13000	111215.582215919	13000	113291.782967247	13000	97970.8397975660	13000	101302.291032976	13000	102577.330140889	13000	103375.039256650	13000	105953.331287250	13000	106421.292015560	13000	107442.580636070
13500	94944.8161769785	13500	108499.850855437	13500	110729.887211085	13500	113568.224449242	13500	97684.4482947091	13500	100763.709280282	13500	101820.916909626	13500	103145.921736085	13500	104825.561955881	13500	105038.736170794	13500	107548.981923685
14000	94683.8864972329	14000	108233.923551662	14000	109941.265719279	14000	112819.434744374	14000	98385.8314854169	14000	100278.473365868	14000	102538.685280688	14000	103730.360311542	14000	104833.947398014	14000	106430.904075369	14000	107509.082124029
14500	96024.4432665073	14500	108203.368330466	14500	111066.068249777	14500	114194.129736639	14500	97835.6201180294	14500	101197.363971994	14500	103019.703802309	14500	103987.545337650	14500	105303.623937095	14500	107288.617184280	14500	107696.069848067
15000	94464.3267692943	15000	108544.117156432	15000	110328.755393210	15000	114002.080009901	15000	98302.2621491122	15000	100859.878707823	15000	101868.819865183	15000	104138.779522593	15000	104888.340188776	15000	105456.496376646	15000	107570.718494623
15500	94135.6341339651	15500	109093.939434868	15500	111096.696824196	15500	113917.836483720	15500	98422.5299622024	15500	100885.164469672	15500	102892.524283501	15500	103975.230185663	15500	106091.980490861	15500	106618.539529891	15500	107448.373425317
16000	95334.7207260429	16000	108797.484256498	16000	110767.410968732	16000	113343.800546645	16000	97930.2390366918	16000	101123.520491173	16000	102162.117116708	16000	103892.855329220	16000	105125.056823616	16000	105791.367715252	16000	107274.806741687
16500	95334.8060683985	16500	108344.642167599	16500	111204.991648985	16500	113975.578820873	16500	97931.3968472109	16500	100979.618889823	16500	103023.258218611	16500	103096.781293999	16500	105157.793326511	16500	106476.248026551	16500	108388.965876886
17000	94644.7091565352	17000	108379.635468588	17000	110975.243428273	17000	114151.617515848	17000	98028.9641204559	17000	100920.899883180	17000	102729.024120468	17000	103429.100921582	17000	105125.377882240	17000	105923.871434346	17000	106847.386746097
17500	94563.0853763344	17500	108482.157863054	17500	110355.850139713	17500	112984.613869058	17500	98085.3420707819	17500	100869.721945726	17500	102740.041625937	17500	102819.731287999	17500	104305.664207291	17500	106630.542761039	17500	106592.623841683
18000	95114.9568810704	18000	108354.129634829	18000	110223.330609825	18000	112941.786576729	18000	97674.0104656641	18000	100555.331953221	18000	101999.083937805	18000	103280.905061512	18000	104398.474411429	18000	104894.389744158	18000	107461.260351654
18500	95099.2059334382	18500	108914.959739697	18500	111058.551994588	18500	113721.398501303	18500	98189.9815550636	18500	101013.723939958	18500	103095.735514143	18500	103551.550554663	18500	105170.480657292	18500	106119.058821403	18500	107943.425039641
19000	94953.9999139958	19000	109412.202591834	19000	111335.268493607	19000	113611.289164661	19000	98132.4615971480	19000	101310.346771178	19000	102936.524812981	19000	104261.219531937	19000	105055.810169895	19000	107133.688838574	19000	107230.983784717
19500	96077.9123848929	19500	109071.070405797	19500	110506.952714177	19500	114076.132078123	19500	97707.5215828849	19500	101287.260196871	19500	102097.761808459	19500	103815.495220236	19500	105359.765293583	19500	105760.933761049	19500	106932.095474485
20000	95413.5446968494	20000	108430.208727849	20000	110574.565326625	20000	113954.289982392	20000	98555.5541055330	20000	101524.112850422	20000	102148.344976973	20000	104458.809049075	20000	104520.527101970	20000	105570.813374584	20000	108154.896393342
20500	94772.1587715307	20500	108846.317841330	20500	111513.843369833	20500	113805.641436041	20500	98459.6267376765	20500	101477.833698512	20500	102426.528464490	20500	103522.640128694	20500	105185.934801537	20500	105959.346228060	20500	107268.441041841
21000	95385.0442220384	21000	109149.404878899	21000	110874.841925834	21000	113813.913609233	21000	99922.8959338242	21000	101514.779801857	21000	103146.886051997	21000	104316.993560532	21000	105695.656533234	21000	107598.492929965	21000	107380.919549663
21500	94708.4080383683	21500	108725.637512978	21500	110401.052157559	21500	113611.783196125	21500	98615.4582839149	21500	101007.912000851	21500	102562.757789906	21500	103690.460353350	21500	105368.052099871	21500	106622.669417802	21500	107599.993553137
22000	94531.7229992096	22000	108348.654775163	22000	110017.493161516	22000	112859.884675661	22000	97599.6419208968	22000	100838.058373441	22000	102424.612484307	22000	103003.886569327	22000	104952.622619962	22000	106066.578638723	22000	107024.643003661
22500	94993.1139844420	22500	108092.038524990	22500	111264.589838251	22500	113721.593077334	22500	97930.5401106964	22500	101167.446695450	22500	101679.436097116	22500	103988.066953735	22500	105603.920790293	22500	105796.028205074	22500	108149.167068541
23000	95084.9299532708	23000	107917.906387825	23000	110036.112478971	23000	113589.891216614	23000	97347.6078935796	23000	100716.754558791	23000	102754.925294636	23000	103714.961965853	23000	104563.664588435	23000	105342.802460791	23000	107652.334713151
23500	95575.0984630269	23500	109167.995293399	23500	110587.764361032	23500	113714.087936004	23500	98503.2228748924	23500	100863.958828972	23500	102797.324387848	23500	103420.777949621	23500	104325.277993162	23500	106744.948597544	23500	106957.450218887
24000	95415.2521797141	24000	108363.238939979	24000	109889.830000560	24000	113573.643866304	24000	98625.8719788659	24000	100995.684012377	24000	102721.631552778	24000	104325.686944708	24000	104010.409192105	24000	106647.937226506	24000	106829.937211994
24500	93771.7699286390	24500	108445.715174507	24500	110280.467009717	24500	113837.402647018	24500	98520.3368374940	24500	101064.808051930	24500	102130.432924418	24500	103991.264076901	24500	105110.637091395	24500	105929.960303802	24500	107552.200648089
25000	94934.4291858605	25000	108264.378117153	25000	111141.665438532	25000	114404.690786502	25000	97989.9002384090	25000	101210.770789053	25000	102572.342668614	25000	104246.861969125	25000	105521.761724625	25000	105565.389320733	25000	106527.702509793
25500	95255.4780976904	25500	108294.016702306	25500	111213.882336456	25500	113474.728890963	25500	98309.7640332473	25500	100833.978899684	25500	103425.272730763	25500	104546.136975858	25500	104874.453455080	25500	106978.318277074	25500	108031.346846176
26000	94822.6958768636	26000	108525.275703858	26000	110017.454104750	26000	113775.039413772	26000	98598.9047455250	26000	101036.269161292	26000	101789.283737465	26000	103510.963780294	26000	105386.245749681	26000	105162.499168563	26000	107648.243866700
26500	95156.6532452631	26500	108879.369545113	26500	110575.302648242	26500	113332.192934643	26500	98542.8357080106	26500	101170.155424327	26500	102645.913220305	26500	103757.407867003	26500	105928.782698077	26500	106147.339456382	26500	106661.740008561
27000	95508.5276915337	27000	108705.767247271	27000	110609.120772342	27000	114163.741738599	27000	98205.5407830428	27000	101006.771185213	27000	102752.702932957	27000	103713.731918379	27000	105230.787458690	27000	105944.216618393	27000	107042.556994182
27500	95051.6273072131	27500	108172.948543772	27500	110973.651020771	27500	113669.524514030	27500	97223.2505403065	27500	101388.699113639	27500	101850.777219251	27500	102496.214130199	27500	105372.248171543	27500	105134.131469235	27500	106522.616522036
28000	94787.4735521054	28000	108541.309878428	28000	110308.711547334	28000	112120.443108249	28000	97500.1391679655	28000	101331.993575301	28000	102007.085293686	28000	103238.865061519	28000	105450.677848955	28000	105677.944840863	28000	106473.512295669
28500	94784.9858429756	28500	108304.604638839	28500	110147.343475558	28500	113251.921999881	28500	97778.2013069340	28500	100516.718635185	28500	102398.765004489	28500	103721.658725060	28500	104762.974770533	28500	105828.867316005	28500	106616.154339341
29000	95462.9326263087	29000	107911.237066029	29000	110478.258185042	29000	113163.958199480	29000	97248.1865533657	29000	100475.298539155	29000	102556.006588906	29000	102823.120051266	29000	104347.792876548	29000	105586.235394324	29000	107811.940740932
29500	94327.0155895814	29500	108285.745562658	29500	110406.851538127	29500	113546.984004184	29500	98160.1260987487	29500	100635.938752684	29500	102741.881601600	29500	103365.338022617	29500	105504.199513156	29500	105973.440785905	29500	107408.063969736
30000	95396.4708430705	30000	108449.104087356	30000	111181.506340322	30000	112953.364630896	30000	98560.5891554776	30000	101406.727561820	30000	102644.932590158	30000	103542.858522313	30000	104381.293171516	30000	106262.747576538	30000	107209.285129131
30500	95632.0741126731	30500	108105.266483668	30500	110953.342140299	30500	113185.782042916	30500	97904.6047799227	30500	101208.519993999	30500	101477.907040277	30500	104571.265270168	30500	104273.586971395	30500	105622.760925823	30500	106605.160537938
31000	95245.3419808700	31000	108193.160610755	31000	110777.338756838	31000	114346.713427025	31000	98822.7818797617	31000	101122.976336639	31000	102430.490098657	31000	104011.732674267	31000	104508.775958923	31000	106464.617444776	31000	107723.350038199
31500	94099.4820104544	31500	108596.667660492	31500	109854.099409840	31500	113339.847988800	31500	97820.8436429279	31500	101204.608390853	31500	102079.835947388	31500	104299.891738222	31500	105421.619574790	31500	105342.041421773	31500	107178.520245425
32000	94648.7507987381	32000	108497.130331185	32000	109590.676796863	32000	113547.053523987	32000	98576.0054894611	32000	100719.552992445	32000	102326.360807672	32000	103427.815381644	32000	104547.809992987	32000	106162.732279373	32000	107544.751271370
32500	94778.2175506349	32500	109053.040680643	32500	110158.640979038	32500	114500.000034927	32500	99290.8032469801	32500	101166.928449596	32500	102794.875500588	32500	103359.795131926	32500	105640.280758247	32500	106467.849483681	32500	107014.649431852
33000	95070.7954166910	33000	108800.945135927	33000	109815.879963872	33000	112974.767980171	33000	97793.8758387628	33000	100333.012653338	33000	102108.462140117	33000	103230.697441771	33000	104983.891909524	33000	106184.620333289	33000	107354.278972104
33500	94692.5459261024	33500	109444.811076714	33500	110613.065702559	33500	113548.606939245	33500	98600.1796143276	33500	101142.656662740	33500	103086.443132286	33500	103999.904099834	33500	105283.834291388	33500	106215.797622139	33500	107580.778121292
34000	95111.6358740050	34000	108284.430860125	34000	110576.915097819	34000	114062.676681697	34000	98615.3322287979	34000	100797.595489037	34000	102502.168032483	34000	103379.093464467	34000	104971.548914994	34000	106881.290996343	34000	107270.349348878
34500	94911.2983049362	34500	108351.832138442	34500	110060.314027541	34500	113367.745755445	34500	99495.3532682148	34500	101028.974869808	34500	102051.769905891	34500	104038.749534199	34500	104436.381171096	34500	106140.901450561	34500	107378.687711601
35000	95168.2837485053	35000	108037.830738083	35000	110240.271508492	35000	113595.784995076	35000	97801.3649664947	35000	100931.193452925	35000	103645.322698986	35000	103541.819959895	35000	104786.375731004	35000	106488.088492171	35000	107627.419442689
35500	95078.1789733508	35500	108048.075556618	35500	110411.411177565	35500	113976.553492576	35500	98608.7139288531	35500	100790.627400076	35500	102389.895400858	35500	103630.495718387	35500	105001.448019315	35500	105859.869978708	35500	107684.157832576
36000	94700.4016885458	36000	108065.429143517	36000	109819.862624456	36000	113566.472939858	36000	97478.9843376875	36000	100805.448849876	36000	102569.916595925	36000	104088.022834127	36000	105127.043503874	36000	106493.686555832	36000	106901.678140448
36500	95048.4952087100	36500	107618.009104601	36500	110489.180296669	36500	113155.036179148	36500	98775.6491071603	36500	100615.341035640	36500	102945.301264302	36500	103453.014231182	36500	104663.946398686	36500	106610.983219240	36500	108854.503853344
37000	96241.5031830776	37000	108207.871673604	37000	111260.168025394	37000	113673.258685680	37000	97985.4728212787	37000	100823.569028986	37000	102144.614202292	37000	103741.584409385	37000	104548.123471858	37000	105414.749456422	37000	107135.411456470
37500	94896.9720128529	37500	108055.956262988	37500	110554.301847911	37500	114203.242969449	37500	97864.5536605977	37500	101033.603715962	37500	101854.175835154	37500	103610.528488766	37500	104753.485121648	37500	105986.419807803	37500	108168.438729756
38000	94927.4952466027	38000	107435.455377926	38000	110994.279118657	38000	113751.129648093	38000	98060.4739256822	38000	100245.915610485	38000	102169.944522901	38000	102870.002013975	38000	104306.458335906	38000	105695.018322262	38000	107354.686031726
38500	95850.7249624141	38500	109001.898506061	38500	111785.657090787	38500	113659.863147271	38500	98532.1863648032	38500	101652.377156517	38500	102518.178965483	38500	104432.797282520	38500	105769.092280185	38500	106100.933566394	38500	107553.066400745
39000	95702.2829150152	39000	108575.825485548	39000	111571.588846842	39000	113948.332303394	39000	98876.2208923558	39000	100907.257862261	39000	102563.435404453	39000	104480.384526477	39000	106196.966778474	39000	106199.876228850	39000	107350.216523965
39500	95101.8900103118	39500	109272.423939416	39500	110417.069692323	39500	113824.020883577	39500	97347.1599885881	39500	101561.218484506	39500	102832.044689012	39500	103297.153885182	39500	105543.124648983	39500	106274.212453214	39500	107386.062190443
40000	95515.2001214739	40000	108227.963755075	40000	111351.262431012	40000	113708.945804638	40000	97924.9271309651	40000	100480.881179740	40000	101398.611387793	40000	103441.823405610	40000	104843.712014463	40000	105592.092192385	40000	107280.514104447
40500	95621.6593228510	40500	108309.871686435	40500	110962.741566791	40500	114259.126938146	40500	99001.8769412021	40500	100902.523166205	40500	102786.990699060	40500	103992.499912370	40500	105201.175414311	40500	106027.416557508	40500	107797.267934730
41000	95300.9695000370	41000	108633.157389432	41000	110123.749061421	41000	113316.467270898	41000	98952.8216130972	41000	101958.371263590	41000	102377.743073274	41000	104001.861570586	41000	104970.847912651	41000	106731.264555181	41000	107401.972301395
41500	94912.1389672319	41500	109068.923511915	41500	110355.080274485	41500	114243.327342398	41500	97486.5264590450	41500	101211.681176112	41500	102460.136872040	41500	103200.125675930	41500	104340.171901196	41500	105288.830358841	41500	108132.699834253
42000	94788.7436180220	42000	108448.834240766	42000	110386.105826948	42000	113283.727324203	42000	98604.8369704714	42000	100914.221205992	42000	103241.535509465	42000	103733.696095396	42000	104431.507921541	42000	106462.247042253	42000	106908.662372479
42500	95807.5522986288	42500	109012.583929795	42500	111408.195936884	42500	113126.618748238	42500	98677.7501824504	42500	102619.176711204	42500	102177.700136511	42500	104730.446524806	42500	105146.579241895	42500	106086.023126507	42500	107986.643483724
43000	95233.2566379630	43000	108263.908581582	43000	111016.012458072	43000	113896.619927257	43000	98919.2770640080	43000	100634.412969795	43000	102684.654725593	43000	104488.400990431	43000	104725.412072228	43000	107210.201204356	43000	107566.548589345
43500	94998.6201923591	43500	108138.666475421	43500	109936.060414399	43500	114048.006680769	43500	97969.2664628085	43500	101318.516908247	43500	102394.775447619	43500	103913.861273478	43500	104439.789766148	43500	106502.747294688	43500	107732.572819248
44000	94333.6086663675	44000	108956.646386847	44000	110429.388090594	44000	113807.750940840	44000	98341.8779230490	44000	100712.891650324	44000	103073.609335932	44000	103433.477895230	44000	105410.563131714	44000	106904.478423952	44000	106455.557214523
44500	94693.6537986330	44500	108984.395347519	44500	110956.493996116	44500	113520.468304667	44500	97703.9838398253	44500	101885.607705753	44500	102525.254807161	44500	104393.615866042	44500	105776.665052376	44500	106490.875818672	44500	107242.163821734
45000	95052.2486998829	45000	108538.167866233	45000	110211.728338414	45000	113325.554338555	45000	98610.5850639893	45000	101499.908077599	45000	101885.442269123	45000	103393.907104040	45000	104738.981870076	45000	105541.674279358	45000	108545.363494562
45500	94833.7088918515	45500	108868.549384313	45500	110649.958967975	45500	113369.287254352	45500	98289.7151813995	45500	100708.026741085	45500	102061.911606633	45500	103899.403753159	45500	104765.632448778	45500	106055.813379130	45500	107610.147985038
46000	94128.1282699575	46000	109051.603577199	46000	110496.156614916	46000	113505.689928256	46000	98518.0184715557	46000	100397.076546422	46000	103072.145002036	46000	103655.545135511	46000	104336.452069336	46000	106680.476249828	46000	107669.098432552
46500	94568.4131361475	46500	107986.309804444	46500	110219.052768102	46500	112855.498288228	46500	97861.0758095958	46500	101733.761788756	46500	102657.038199983	46500	103278.383788560	46500	104769.239165289	46500	106418.264527234	46500	107399.766839024
47000	95173.9999141466	47000	108308.873854869	47000	110976.617011846	47000	112689.477369595	47000	98172.1541034464	47000	101337.528508569	47000	102918.598921713	47000	104725.024934011	47000	104463.898216191	47000	107178.248320637	47000	107115.794387700
47500	95169.8009923579	47500	108614.938593497	47500	111488.277969717	47500	113610.346834878	47500	98422.6307225423	47500	101548.183634359	47500	101823.291072711	47500	103018.522872944	47500	104473.580390971	47500	105774.577963484	47500	107001.939226812
48000	94888.6522374834	48000	109339.127570640	48000	110004.702893799	48000	112737.688237553	48000	98036.4584168162	48000	101840.574641476	48000	102404.622175261	48000	103681.639218657	48000	105122.257558481	48000	105855.897199688	48000	107401.310964126
48500	94969.5289955621	48500	108474.364028589	48500	110716.886415575	48500	113713.355531296	48500	99107.3993536937	48500	101941.648444118	48500	102070.928846393	48500	103423.674386421	48500	105219.368841693	48500	106077.658083227	48500	106939.713479540
49000	95357.4549165440	49000	109093.217677130	49000	110816.125474895	49000	113611.230409161	49000	99338.5545256746	49000	100749.463247259	49000	101306.450627854	49000	103630.408176189	49000	104596.330579397	49000	105145.079273163	49000	107563.411355405
49500	94765.4744881479	49500	108558.059409309	49500	110159.685954154	49500	112436.392087807	49500	98724.8291909600	49500	100631.010517506	49500	102741.940655142	49500	103771.351513168	49500	104447.796754970	49500	106762.793071364	49500	107850.272925683
50000	95430.1029151912	50000	109106.876086378	50000	110436.764479274	50000	112985.278138759	50000	97925.6805136489	50000	100756.153137370	50000	102198.253425537	50000	103160.011905758	50000	104443.428538351	50000	105561.411295615	50000	107663.386966007
50500	94841.4280428666	50500	107640.699727842	50500	110144.689458162	50500	113588.477651468	50500	98706.0723860498	50500	100454.452861078	50500	102615.806726911	50500	104134.799511795	50500	104604.143543019	50500	106309.884421349	50500	108041.942103957
51000	95592.8551076335	51000	108677.608106767	51000	110593.202134932	51000	113444.233445622	51000	98527.5310526665	51000	100811.162025185	51000	101915.690060463	51000	103509.137549388	51000	104917.517271126	51000	105523.132889623	51000	106312.834080089
51500	95431.2284476291	51500	108660.508932793	51500	110877.250106977	51500	113622.247158475	51500	97828.2415102109	51500	101785.038232417	51500	102836.209158424	51500	104595.560447711	51500	105075.258698613	51500	106291.050890361	51500	107449.601180081
52000	95055.6927799076	52000	108664.866661950	52000	110231.380999085	52000	113154.539638188	52000	98169.8032097163	52000	100765.039109778	52000	101730.194460618	52000	103982.784620537	52000	104108.736541050	52000	105399.314550289	52000	107045.391650437
52500	94563.9092060881	52500	109077.258874084	52500	109292.863173936	52500	114001.538364846	52500	97919.3601960240	52500	101169.695832266	52500	102707.301019572	52500	103219.313792317	52500	105003.882120367	52500	106010.098291630	52500	107083.742672018
53000	95209.3491029076	53000	107729.185196611	53000	110851.160617843	53000	113338.763976796	53000	97187.7926873018	53000	101215.731198712	53000	101785.998862550	53000	102868.458262128	53000	105044.281992883	53000	105254.000432980	53000	107464.886832159
53500	94899.7252160355	53500	108621.277260104	53500	110768.005986702	53500	113306.795649116	53500	98283.1641670203	53500	101643.020887506	53500	101713.427581355	53500	103415.511297911	53500	105199.225716941	53500	105498.662741187	53500	106806.660075008
54000	95497.0246384183	54000	108251.004214744	54000	111123.428671686	54000	113809.508461782	54000	97711.5426278752	54000	101532.629831630	54000	102401.002524036	54000	104011.042400851	54000	104867.595913224	54000	105970.507052495	54000	106890.863630788
54500	95276.3752842384	54500	108381.254465932	54500	111313.338619260	54500	113699.860428031	54500	98151.7596134553	54500	102012.342419844	54500	101620.613269402	54500	103069.768372365	54500	105795.109446729	54500	106442.022307057	54500	106696.925405870
55000	94311.3884008140	55000	108149.784475532	55000	109833.862163883	55000	114604.659113456	55000	99035.1988910721	55000	100555.785923064	55000	102225.974498423	55000	103799.592577085	55000	104185.860478798	55000	105696.578930594	55000	108344.419026577
55500	96339.0828167024	55500	107839.924679878	55500	112080.861909810	55500	113531.756654092	55500	98154.0415440404	55500	101493.312812741	55500	103327.584573174	55500	104198.575207638	55500	106006.487065065	55500	106860.868197080	55500	107308.171625792
56000	95038.4972075308	56000	108242.748110319	56000	109621.157133706	56000	114449.903963199	56000	98546.2178967365	56000	100794.020068946	56000	102884.709654778	56000	103967.434473585	56000	104461.654129704	56000	106135.657936991	56000	107260.253659502
56500	94906.3973086064	56500	108569.278456159	56500	110985.080750711	56500	113512.617450648	56500	98352.9875723623	56500	101600.318912729	56500	102445.859211811	56500	104907.179187512	56500	105930.528215272	56500	106492.996068909	56500	107497.943121075
57000	95372.9969107941	57000	108428.474888757	57000	110488.947845678	57000	113165.952657138	57000	98888.2685430458	57000	100992.730838973	57000	102176.287286628	57000	103823.042550764	57000	105116.723040869	57000	106164.854763700	57000	107480.342581688
57500	94069.3226701913	57500	107284.336223962	57500	109282.701879282	57500	113210.759755257	57500	98002.3487619510	57500	99796.5425887730	57500	102559.919856018	57500	103097.332280124	57500	104124.963561785	57500	106381.180640526	57500	106913.838140170
58000	94547.5669793338	58000	108228.122051303	58000	110586.759330061	58000	112969.856215866	58000	98519.2214951820	58000	100325.985734831	58000	103205.355277957	58000	103041.346511570	58000	104969.549692126	58000	105890.836648954	58000	107575.769518801
58500	95442.6971936416	58500	108586.914181701	58500	111057.241256856	58500	112944.398880609	58500	98452.7525361467	58500	100850.564907236	58500	102611.974908319	58500	104620.119403191	58500	105737.229825967	58500	106988.254072238	58500	107848.288053873
59000	94690.8530438886	59000	108223.368405970	59000	109941.306178250	59000	113324.793628188	59000	97891.7611738353	59000	100405.251911022	59000	102571.175253591	59000	104413.887849483	59000	103984.300122865	59000	105781.947357724	59000	107092.002494761
59500	95369.1252667727	59500	107755.347915098	59500	111067.118154578	59500	112846.950081239	59500	99693.6818825912	59500	101121.683816710	59500	103551.507575439	59500	103625.721463429	59500	104916.566436453	59500	107303.891403171	59500	107838.637218829
60000	95410.1363936482	60000	108457.488995557	60000	110825.264000155	60000	114602.975599745	60000	98104.1411433465	60000	101586.932622243	60000	103486.383641128	60000	103341.200767668	60000	104553.556839569	60000	106536.468525715	60000	107278.725857530
60500	94675.1612651795	60500	109567.314275589	60500	111247.428986869	60500	113073.324666311	60500	98646.0514367502	60500	101676.474090792	60500	103014.853475630	60500	104018.919199978	60500	105504.794095833	60500	106981.367019035	60500	107787.209859393
61000	95174.4154804220	61000	107891.871565236	61000	110401.869173051	61000	113403.546180406	61000	98341.5910872877	61000	101713.640853107	61000	102093.428036521	61000	103425.439650176	61000	105332.224003426	61000	106514.925770563	61000	108133.582512688
61500	94420.0066088626	61500	107952.629614014	61500	110032.393546399	61500	112448.856402424	61500	98270.0081894306	61500	100740.588361204	61500	102401.282414354	61500	103579.938533611	61500	104793.315825699	61500	106015.779544270	61500	107275.992306504
62000	95287.5067307481	62000	109283.556731323	62000	110110.705150578	62000	112499.371648620	62000	98295.5753414138	62000	101355.267281387	62000	102645.030473491	62000	103461.011523945	62000	104253.202612649	62000	105933.154906227	62000	106971.068813407
62500	94786.4769368300	62500	108385.403882362	62500	110186.167140353	62500	113988.069579257	62500	98193.8464418508	62500	100936.114210342	62500	102311.212103475	62500	103590.187690334	62500	105168.137240964	62500	105662.280351025	62500	107756.645743031
63000	94715.3461198035	63000	109285.208257266	63000	111161.301150832	63000	113022.092340812	63000	97817.4394869130	63000	101667.808651735	63000	102151.196440795	63000	102944.221884490	63000	105304.351670441	63000	105577.638568065	63000	107050.446669978
63500	95235.6392053622	63500	108474.384411760	63500	110695.706206690	63500	114146.913234317	63500	97642.7670058350	63500	101394.026481373	63500	102576.254830624	63500	104384.243072977	63500	104948.522552271	63500	105942.410576376	63500	108009.487161917
64000	95440.3880910928	64000	109374.455275128	64000	110882.439226676	64000	112817.858980508	64000	98449.0609320634	64000	100730.060212436	64000	101934.434615446	64000	104466.530358159	64000	104553.827054006	64000	106016.632112688	64000	107808.638304568
64500	94500.7687019050	64500	108214.648110343	64500	109737.183214274	64500	113741.564420439	64500	98911.2839074188	64500	100717.880817711	64500	101828.794006823	64500	103415.523296831	64500	104856.815781707	64500	105857.103855834	64500	107381.778582491
65000	95292.9660131398	65000	108734.140056726	65000	110496.703138732	65000	113603.726711150	65000	98608.1535903125	65000	101212.396258409	65000	102613.134167849	65000	104144.651346290	65000	104519.148239213	65000	106657.033076746	65000	107885.344178824
65500	96026.3844156945	65500	108285.934108198	65500	110658.586065644	65500	113626.991050487	65500	98650.5352417497	65500	102361.800107909	65500	103294.169301255	65500	104481.587460507	65500	105157.229081387	65500	106414.081269117	65500	107497.784333027
66000	95566.7217851664	66000	108770.554633360	66000	110382.467766991	66000	113964.770630081	66000	98680.5516472809	66000	100807.887885140	66000	102034.057802386	66000	103543.553388603	66000	104829.704356229	66000	105540.796162108	66000	107938.117108309
66500	95278.4923423728	66500	108804.530636005	66500	110644.958358960	66500	114435.445985130	66500	97573.8370484350	66500	101119.209507769	66500	101885.348203506	66500	103992.828915878	66500	104667.557316268	66500	106558.976947371	66500	106951.756904305
67000	95613.6905203164	67000	108733.803046937	67000	110739.447741829	67000	114103.023241257	67000	98478.6469733214	67000	100724.404845438	67000	102169.852520301	67000	104077.482688435	67000	105563.040950074	67000	105426.467446551	67000	106542.483616947
67500	95538.3503815869	67500	108270.992822196	67500	111100.756616643	67500	112880.201011688	67500	98266.1276751478	67500	101205.444690912	67500	102130.690208725	67500	103985.045257576	67500	105064.192340625	67500	106355.067606874	67500	106971.169829177
68000	95266.8076510797	68000	108887.182496265	68000	109897.377979978	68000	114197.045548232	68000	97811.7756128950	68000	101292.719481192	68000	101561.172460385	68000	103317.158592940	68000	104851.779683789	68000	105640.288778315	68000	107606.832487393
68500	94882.6386422291	68500	108609.077886802	68500	110889.604530603	68500	114095.446912240	68500	97114.6332941461	68500	101238.180840447	68500	102470.920417184	68500	104133.623910950	68500	105035.299036827	68500	105909.097960958	68500	107355.579989222
69000	94729.4663940354	69000	109067.720249687	69000	109660.667464406	69000	114226.667415435	69000	98420.0963618600	69000	100779.564199539	69000	102318.882996372	69000	104426.232454434	69000	103509.978420843	69000	106664.702766424	69000	106796.600508717
69500	95396.8933644578	69500	108951.542611927	69500	110466.553666563	69500	113455.562293662	69500	98520.1813100346	69500	101564.627671415	69500	102511.197704622	69500	103299.559803256	69500	105158.401474339	69500	105822.166924742	69500	106914.653643680
70000	94349.2518343466	70000	108161.514489690	70000	110474.179406050	70000	113745.268623952	70000	98828.6901842469	70000	101016.964456604	70000	103252.152215488	70000	104494.998611487	70000	104770.119726629	70000	106722.410902493	70000	107518.863393971
70500	94674.4919495287	70500	109173.672012931	70500	111153.830526375	70500	113077.925199296	70500	98667.7563341418	70500	101919.747858521	70500	102682.046820522	70500	103696.724501106	70500	105811.883251114	70500	106254.161840330	70500	107469.094987962
71000	94939.1417053650	71000	108881.931212363	71000	110566.120686267	71000	112984.039743210	71000	98585.5139535277	71000	102025.378658155	71000	103068.472397754	71000	104324.476224164	71000	104940.097158930	71000	106386.847640548	71000	106971.075481527
71500	94364.3385910777	71500	108431.487990147	71500	110298.918232004	71500	113629.326169795	71500	97826.3205066952	71500	101078.717385359	71500	103118.043184851	71500	104099.162732176	71500	104685.444869959	71500	106177.948986925	71500	107079.509168278
72000	94722.4088176190	72000	107836.559104073	72000	110885.805452710	72000	113558.468561580	72000	98718.5817091910	72000	101273.177959872	72000	102880.432534030	72000	103375.181051600	72000	104903.153132024	72000	106304.652666379	72000	107594.525655684
72500	95411.1064269306	72500	107787.327887859	72500	110791.043982529	72500	113255.932331969	72500	98433.1654800410	72500	101240.180897960	72500	102956.480688152	72500	104284.612658124	72500	105339.627372090	72500	106677.648295002	72500	105932.176320729
73000	95302.5825038605	73000	109008.204982421	73000	110968.263753808	73000	113465.047792981	73000	97881.0964936457	73000	101827.174008669	73000	102928.067561390	73000	103698.052592670	73000	105239.792816031	73000	106613.373072669	73000	107553.931564546
73500	95691.3704676070	73500	107880.631745928	73500	110944.381262899	73500	114836.993025295	73500	98671.1282088116	73500	101562.078378556	73500	102793.929130579	73500	103491.206911401	73500	104338.798053672	73500	106401.831066406	73500	107566.200485899
74000	95040.9586008638	74000	106988.569293622	74000	110974.294648755	74000	113552.122221821	74000	97614.6667776922	74000	101014.247610542	74000	100385.931770609	74000	102484.216525237	74000	104780.777917883	74000	105387.407017162	74000	106961.242080652
74500	95106.1338872309	74500	108205.100128035	74500	110511.472753465	74500	112717.680675880	74500	98560.1940813597	74500	101541.631141364	74500	102800.311899769	74500	104447.288581492	74500	104717.784752021	74500	106500.434033753	74500	106968.580580583
75000	94445.6060397098	75000	107887.215642945	75000	110666.608590152	75000	113324.857975282	75000	98619.7921673737	75000	101149.328790060	75000	103336.007379675	75000	103951.243415850	75000	104540.182318866	75000	106356.253151183	75000	107536.467357103
75500	95103.4908150345	75500	107816.274029473	75500	109995.039387480	75500	113652.115582403	75500	98739.7284395215	75500	100338.137454061	75500	102795.872740596	75500	103370.703117135	75500	105039.693480066	75500	106404.102285444	75500	107746.728322675
76000	95605.1551559842	76000	107871.207416264	76000	110516.100026360	76000	114036.080978826	76000	98277.7380894367	76000	100936.454263234	76000	102042.199162370	76000	103546.311878337	76000	104781.957872229	76000	105298.223185228	76000	107909.384907802
76500	95359.1016064094	76500	109235.518158776	76500	110677.679090110	76500	113282.687856377	76500	98481.8619339147	76500	101919.775724500	76500	101200.658438724	76500	103251.877129102	76500	105370.169884759	76500	104881.423147697	76500	106759.655668885
77000	95535.0405357941	77000	108091.993563468	77000	110570.181714579	77000	114177.761659730	77000	98268.5434345924	77000	100957.767622698	77000	102982.164937971	77000	103745.309601911	77000	105209.570856922	77000	106260.913977916	77000	106981.432313790
77500	94382.3403334179	77500	108188.874072743	77500	110592.265976844	77500	114748.368825560	77500	99084.9249185200	77500	100961.314640741	77500	103257.004474790	77500	103889.751453949	77500	104099.755849664	77500	107169.754500882	77500	106970.933002668
78000	94893.3642279393	78000	108703.145559662	78000	109562.936814585	78000	113271.295514975	78000	98895.3510064229	78000	100187.793769508	78000	103113.144091509	78000	103280.768274162	78000	104358.979726458	78000	106338.931189678	78000	107633.118171728
78500	94990.0345678830	78500	107948.063882063	78500	110132.754024176	78500	113738.230257940	78500	97965.6611010114	78500	100082.964759684	78500	101452.660146945	78500	102233.248930794	78500	104200.216243935	78500	105042.992460148	78500	106692.711866789
79000	95772.8801469441	79000	109467.213424594	79000	110609.636502665	79000	113530.621130311	79000	98282.3447705771	79000	100602.122366259	79000	102698.174492075	79000	103807.995980575	79000	105023.617488097	79000	105633.876294694	79000	107207.320085062
79500	95627.5468314963	79500	108628.845207584	79500	110757.736883525	79500	113535.606154447	79500	98454.9842358127	79500	100926.491114017	79500	102769.533179327	79500	104095.463709165	79500	104434.857034766	79500	106588.868423513	79500	107511.505909702
80000	95886.6831937258	80000	109833.279684546	80000	111016.673752289	80000	113769.427768115	80000	98740.8137727024	80000	102052.294670330	80000	102699.484519204	80000	103761.413413771	80000	104972.465288531	80000	106221.959431885	80000	106767.184538757
80500	93836.5641434137	80500	108039.472768085	80500	110447.617267734	80500	114286.384931938	80500	97730.2431022884	80500	100586.011081027	80500	102221.917440761	80500	104026.882482304	80500	104262.550040579	80500	105452.658637384	80500	107416.783782325
81000	95529.5845334575	81000	109291.840460092	81000	110442.314889134	81000	114078.478694184	81000	98415.3406780122	81000	100607.330572461	81000	103581.441064498	81000	104070.117425443	81000	104870.948559648	81000	106073.647890895	81000	107144.507726849
81500	95306.4546408082	81500	108824.287582222	81500	110251.519768466	81500	113550.775461493	81500	98444.1555505493	81500	100464.527673185	81500	102185.516155224	81500	103757.106046425	81500	103624.912320195	81500	106376.730428490	81500	107073.798835447
82000	94283.3060659456	82000	108696.370300136	82000	110326.166625540	82000	114228.176612301	82000	98337.1566786769	82000	101454.732736299	82000	102856.512255486	82000	102965.943541048	82000	104599.745693350	82000	105755.931581143	82000	107794.894092941
82500	95428.3132596439	82500	109059.828285574	82500	111208.310434000	82500	113022.695383838	82500	98022.9715005760	82500	101125.261222969	82500	102830.412206825	82500	104077.396056420	82500	106204.706113462	82500	105898.026771144	82500	107407.724696656
83000	94970.4530811688	83000	108877.546155719	83000	111094.846275844	83000	113271.378540044	83000	97487.9582054292	83000	100830.011870528	83000	101547.164657144	83000	103209.310519735	83000	105208.154860060	83000	105549.571597334	83000	106740.044029255
83500	96189.6577708585	83500	108536.827882157	83500	111270.001917063	83500	113409.284824806	83500	97428.9555120909	83500	101720.302302018	83500	102354.937720987	83500	103846.136951437	83500	105372.458817361	83500	106238.788447265	83500	107363.686157148
84000	95495.2434333289	84000	108204.799232461	84000	110148.060805788	84000	113019.149482775	84000	98114.3580193109	84000	101268.235686129	84000	103219.226147946	84000	103920.701693445	84000	105043.312937602	84000	106606.297144095	84000	107810.360127749
84500	95867.8390413460	84500	108734.010375124	84500	110969.586606868	84500	113910.796395312	84500	98398.6836612747	84500	101172.892598917	84500	102044.526614009	84500	103527.559309531	84500	104972.567834219	84500	105505.453013976	84500	107266.688184728
85000	94675.4714025448	85000	108723.467062733	85000	110655.005570014	85000	114234.472357630	85000	98710.1524865929	85000	101267.905345314	85000	102324.215002537	85000	103519.973408607	85000	105480.545451577	85000	106333.904262378	85000	106671.324512954
85500	94834.9862789222	85500	108884.133122350	85500	110559.843009589	85500	114840.699309337	85500	97478.6633701609	85500	101208.266571518	85500	102798.384282266	85500	104091.459264208	85500	105430.524663962	85500	105381.091539662	85500	107620.453029064
86000	95217.3235896744	86000	108162.644959699	86000	110407.977834652	86000	113977.879551242	86000	98398.9641580217	86000	101226.293868130	86000	102510.813350573	86000	104016.975524646	86000	104412.971665342	86000	105762.012192314	86000	107407.301064759
86500	95788.2732508944	86500	109155.466907938	86500	110750.572409655	86500	114005.633888284	86500	99115.8057341826	86500	101297.588003085	86500	102325.071811287	86500	104354.242597569	86500	105725.073247138	86500	106238.244285722	86500	107592.622433356
87000	94576.5216905142	87000	108488.418585406	87000	110131.809986269	87000	113076.182903250	87000	98994.1970031892	87000	101111.590492506	87000	102115.087060663	87000	104147.793232985	87000	104950.728427023	87000	106251.176014781	87000	107494.079329268
87500	95245.4764595525	87500	108638.730085161	87500	110680.847882946	87500	113710.879301408	87500	97923.2231267187	87500	101219.927260758	87500	102117.649285770	87500	103597.717378836	87500	105150.228870557	87500	106233.249103647	87500	106903.382644531
88000	95981.4815771178	88000	109632.732204028	88000	110947.757815970	88000	113421.535692566	88000	98476.0286790726	88000	101648.443602075	88000	102043.649863041	88000	104616.578383952	88000	105503.944585728	88000	106374.876890407	88000	106828.223850441
88500	95040.6757023688	88500	108829.694408323	88500	110115.894910054	88500	113703.851825475	88500	98448.3694457592	88500	101215.483541895	88500	102280.426866521	88500	104338.784643660	88500	104896.964604422	88500	106817.164044197	88500	107201.745138956
89000	95175.6769520251	89000	108950.981585384	89000	110254.497720254	89000	113791.598345268	89000	98803.7623374675	89000	101200.353043794	89000	103196.788106693	89000	103873.472032586	89000	104769.889247530	89000	106896.401643238	89000	106594.202052598
89500	95599.2953025338	89500	108899.457976771	89500	110599.838526173	89500	113774.648715053	89500	97935.0385554028	89500	100891.535075046	89500	102490.731569410	89500	103434.803511713	89500	105009.357649148	89500	106726.411870173	89500	107677.826590888
90000	94791.8463007860	90000	107908.313546138	90000	110032.902537100	90000	112719.490548183	90000	97106.5822658909	90000	100434.285522923	90000	103065.827636721	90000	104487.961659697	90000	104575.790903103	90000	106537.742398635	90000	107106.406333628
90500	95541.7136098115	90500	108593.032796243	90500	111323.416216432	90500	112910.162878345	90500	98109.0243488902	90500	101006.166707096	90500	102399.282584238	90500	103843.785407778	90500	105701.969207085	90500	106135.312754689	90500	107485.266391077
91000	95069.3122632329	91000	107977.584837346	91000	110574.967224165	91000	113464.698642891	91000	98557.0556809801	91000	100599.512012406	91000	102561.877121404	91000	103056.057137065	91000	105563.740080880	91000	106484.623708645	91000	108171.004954978
91500	95134.5703791740	91500	108588.462283593	91500	110620.373783103	91500	113993.499302655	91500	99494.1864219856	91500	100650.474449720	91500	103198.642831257	91500	103797.545118507	91500	104674.737720172	91500	106504.159202312	91500	108033.358686237
92000	95832.7440880648	92000	108009.079364221	92000	110259.980149491	92000	113195.496358746	92000	97790.0950178849	92000	100428.647681962	92000	102035.954573023	92000	103490.642327309	92000	104697.051492506	92000	106132.314039122	92000	106934.840746286
92500	95061.9785078330	92500	108511.126339047	92500	110583.944585681	92500	114032.507892651	92500	98707.5440633765	92500	101236.748335878	92500	102726.898908149	92500	105201.186896796	92500	105245.373342702	92500	106314.949619202	92500	107271.449251246
93000	94828.8525213866	93000	109172.998083645	93000	110334.031570204	93000	113093.425166905	93000	97700.6516896537	93000	101482.063222100	93000	101941.105636818	93000	103692.793629620	93000	104775.888636410	93000	106098.396102924	93000	107485.019162341
93500	95191.5815203107	93500	108609.589950356	93500	109553.580706623	93500	113482.859422622	93500	98879.6685041178	93500	100528.722244747	93500	102748.961460332	93500	102831.480623675	93500	104070.510752331	93500	106406.664552578	93500	108515.244879036
94000	93944.9180099721	94000	108477.518135803	94000	109788.601308032	94000	113600.197461543	94000	97901.6676155689	94000	100936.526121554	94000	102548.392620240	94000	104509.538483743	94000	104484.475563016	94000	106375.006633197	94000	106783.608043183
94500	95025.4641933463	94500	108750.805459552	94500	110128.805363644	94500	113592.500347215	94500	98063.8797269226	94500	100523.021981846	94500	101870.633732439	94500	103580.634087086	94500	105204.702392704	94500	105673.684649729	94500	107323.437808149
95000	95688.5420451947	95000	107994.613610594	95000	110981.926861173	95000	114444.066430909	95000	98527.3336749334	95000	101502.743054418	95000	101571.665051981	95000	103543.906529312	95000	104805.908655417	95000	105652.248629996	95000	108249.702763550
95500	94715.9496376054	95500	108022.185971826	95500	110937.231850663	95500	112941.810506392	95500	98656.4767353033	95500	101034.058800474	95500	102296.765669171	95500	103217.879269487	95500	104942.607618997	95500	105897.463735894	95500	108148.379203450
96000	94607.0848363700	96000	108661.033588801	96000	110211.908785961	96000	113861.535662514	96000	98807.9627336108	96000	101277.113620119	96000	102938.079327855	96000	103710.249021023	96000	104892.414703668	96000	106685.838990646	96000	106546.737202704
96500	95511.4189481591	96500	107945.489324746	96500	109708.736978262	96500	113190.214554660	96500	98852.3432202240	96500	100173.262256609	96500	102338.916035026	96500	104360.971107870	96500	104177.344816187	96500	106630.889107334	96500	106904.587047590
97000	94360.4859225733	97000	108378.328039478	97000	110552.104905917	97000	113344.048399437	97000	98097.6511555742	97000	99772.2265844810	97000	103222.474099185	97000	103899.060169088	97000	104334.366502365	97000	106288.403096639	97000	107589.470587028
97500	94768.2407609764	97500	108612.885336689	97500	110411.892669632	97500	113457.025831817	97500	98336.4906304721	97500	100812.134557186	97500	102769.057667063	97500	103855.590240669	97500	105192.779033356	97500	106529.676335269	97500	107299.967460413
98000	95178.1844496055	98000	108079.772145524	98000	110318.444000572	98000	112685.636742392	98000	98140.0345517695	98000	100172.667544060	98000	103108.244795688	98000	102862.371609763	98000	105218.156018990	98000	106002.512340599	98000	106856.932122547
98500	96214.3542554079	98500	108524.512913289	98500	111434.371768136	98500	113203.358165545	98500	98350.4673121111	98500	100721.404049250	98500	102829.192616317	98500	103863.622215120	98500	106040.293647819	98500	106814.678333550	98500	106796.976062969
99000	95039.3172430416	99000	108224.244807254	99000	111938.310506311	99000	112894.843211093	99000	98057.0289274372	99000	100962.131459729	99000	103158.497640180	99000	104175.587970736	99000	105816.562160594	99000	106499.025023568	99000	107179.017363936
99500	95076.2330215084	99500	108200.733573945	99500	110388.343825807	99500	113248.175559091	99500	97547.6008786923	99500	101198.757005761	99500	102562.854009069	99500	102824.353550842	99500	104663.469673779	99500	105600.215677247	99500	107165.491659731
100000	94840.8115285408	100000	107506.458727522	100000	110709.265634233	100000	113876.731173923	100000	97708.2334602568	100000	100808.203599352	100000	101422.184234440	100000	103962.961886535	100000	104036.451088544	100000	105784.225969631	100000	107767.860713048
