#	SIM_20_0.05_0		#	SIM_20_0.05_-10		#	SIM_20_0.05_-12		#	SIM_20_0.05_-15		#	SIM_20_0.05_-2		#	SIM_20_0.05_-4		#	SIM_20_0.05_-5		#	SIM_20_0.05_-6		#	SIM_20_0.05_-7		#	SIM_20_0.05_-8		#	SIM_20_0.05_-9	
1	177526868.376391	1	198203047.465232	1	201258801.600738	1	205624370.343542	1	182246591.958008	1	188419347.739448	1	188370032.016805	1	190800829.367642	1	192771894.297489	1	195940542.932140	1	196018186.517791
500	178101966.568660	500	197630968.032675	500	201466816.895438	500	204203880.738385	500	182449660.449288	500	187982578.283767	500	188689336.126351	500	191083115.732479	500	193322589.246897	500	194391106.094612	500	196513675.173291
1000	176724345.431726	1000	198048578.747693	1000	201821887.754081	1000	204738038.304782	1000	180304629.739016	1000	186486253.721799	1000	188778479.839921	1000	190465073.944411	1000	193082371.674832	1000	194172709.388138	1000	194807906.742588
1500	177681300.960994	1500	198410086.441595	1500	200770047.474879	1500	203995108.516521	1500	181192593.319924	1500	186105250.505210	1500	187964365.628780	1500	190808837.561831	1500	192372699.541837	1500	195082376.090452	1500	196104529.158396
2000	176830533.616100	2000	197384237.174959	2000	199773296.803806	2000	205247877.701556	2000	181541437.829142	2000	185996108.612953	2000	187890383.838459	2000	189933309.624105	2000	191942508.904210	2000	194079706.465598	2000	194658442.381390
2500	175279408.856555	2500	197420057.686255	2500	200910827.198103	2500	203911133.355664	2500	181760812.359065	2500	187177366.070449	2500	188261859.116721	2500	191491837.761836	2500	193201480.863403	2500	194801795.089514	2500	195299815.956240
3000	175969769.705333	3000	198532958.503875	3000	200477216.271483	3000	204180048.321109	3000	183720088.007385	3000	187282466.506005	3000	189304706.805536	3000	191087747.280706	3000	192823807.824359	3000	195946072.835921	3000	196585705.540383
3500	177799035.503261	3500	197930646.588487	3500	203180842.075957	3500	203911160.739005	3500	181559776.160887	3500	188633495.646117	3500	188538606.076913	3500	190510351.001867	3500	192858426.522695	3500	193883592.512477	3500	196389364.863057
4000	176093506.364288	4000	198925933.924563	4000	201217474.264250	4000	204578152.280031	4000	181868904.920277	4000	186564339.895748	4000	188118134.501373	4000	190029058.802401	4000	191818371.896946	4000	194867979.765874	4000	196729409.652260
4500	176115770.725562	4500	197849845.028772	4500	198649938.911764	4500	204320670.126215	4500	183989249.382379	4500	184836385.423551	4500	188062264.593196	4500	191215846.432841	4500	191996766.312253	4500	194607414.296672	4500	195177822.356627
5000	176554200.149971	5000	198399123.623935	5000	201236627.949489	5000	204804934.363728	5000	181259767.043455	5000	186759104.185869	5000	188308437.409309	5000	190997810.551878	5000	192147350.000400	5000	194359149.947224	5000	195600774.326237
5500	176236787.791560	5500	198207256.979871	5500	201252279.193710	5500	204562048.914046	5500	182590314.641966	5500	186315213.368309	5500	188506384.238346	5500	190778454.734506	5500	192519455.060940	5500	195246265.237548	5500	195893591.506991
6000	175759253.773618	6000	198026652.785448	6000	200114646.977692	6000	204253982.189024	6000	182679059.244443	6000	187228067.091146	6000	188851394.304617	6000	190644173.149276	6000	192657694.366546	6000	195145437.964081	6000	195664374.772154
6500	176226948.489838	6500	195821277.216765	6500	199513069.029980	6500	204189082.862051	6500	182802947.825812	6500	184443172.977396	6500	187006163.818382	6500	189636882.508358	6500	191305785.761355	6500	193616918.893106	6500	196566877.410984
7000	175846448.631519	7000	198655352.263304	7000	201466926.460505	7000	204516015.412819	7000	182170449.095563	7000	187152910.912770	7000	187772202.888946	7000	189916829.442374	7000	192940442.476258	7000	194156657.390160	7000	196180972.042033
7500	177142055.619605	7500	196808142.288277	7500	202147566.437408	7500	202650892.206860	7500	181644194.418250	7500	186828019.184827	7500	188522794.594423	7500	189858363.208254	7500	193748239.551676	7500	193763615.784626	7500	195988588.189444
8000	175729238.254007	8000	198999274.094658	8000	202079290.378823	8000	203182017.107143	8000	181423366.495203	8000	187214813.913217	8000	187726329.677035	8000	190563096.559393	8000	193511522.333040	8000	194006795.099446	8000	195729991.183799
8500	176831025.882506	8500	197034329.287860	8500	200127723.138864	8500	204084785.520310	8500	182175222.746832	8500	186170444.186881	8500	188085028.433607	8500	190703999.617149	8500	191523717.016151	8500	194332726.786575	8500	197006291.810390
9000	177437206.397914	9000	196741940.249962	9000	201068942.413908	9000	205105345.628624	9000	182718253.554155	9000	187213577.422762	9000	188261317.180301	9000	192072460.432866	9000	192203173.779905	9000	195162977.587507	9000	196166090.570933
9500	177254961.422347	9500	197973164.403975	9500	200119173.228457	9500	203914350.373320	9500	181388370.050437	9500	186091648.911075	9500	188164022.202475	9500	190510256.012096	9500	191456556.363959	9500	194572514.963844	9500	196804579.326909
10000	175769621.916000	10000	197562931.764745	10000	200201503.392353	10000	203642102.554299	10000	182372003.656661	10000	186416416.580380	10000	188307286.301580	10000	189371850.106146	10000	192755689.709185	10000	193930714.776631	10000	196232935.914676
10500	177354560.919384	10500	196554143.282685	10500	202250839.189258	10500	204522381.514355	10500	181556858.741316	10500	186237207.729952	10500	189002135.711066	10500	190491615.222407	10500	193918243.593708	10500	194334614.881041	10500	196661126.214335
11000	176361526.666487	11000	197364760.047446	11000	199985798.950803	11000	204140434.657924	11000	181642961.835173	11000	185348438.971143	11000	187846565.077207	11000	190099108.387777	11000	192515200.535663	11000	193072829.034315	11000	196038231.953649
11500	177336084.209928	11500	197846643.370408	11500	201258396.526199	11500	204444493.099011	11500	182898677.601636	11500	187301165.376810	11500	188545779.644132	11500	189580329.846616	11500	192863771.396092	11500	194106648.092688	11500	196907356.283118
12000	177905629.528191	12000	197417820.573650	12000	201670343.194113	12000	205526621.388798	12000	182426124.924584	12000	187836741.834434	12000	187558378.511346	12000	190428042.347750	12000	192532017.078757	12000	192983740.869035	12000	196250650.416561
12500	176689251.188244	12500	198995317.213391	12500	200273270.884756	12500	206913958.932288	12500	180127407.462219	12500	187252194.129169	12500	188969475.427491	12500	189714771.669976	12500	192671962.876620	12500	193826238.291921	12500	194951008.822411
13000	176946557.119215	13000	198222032.229640	13000	202524727.761838	13000	203272704.712892	13000	182243933.210757	13000	187002912.816789	13000	190076444.524209	13000	190748176.527315	13000	192452106.317567	13000	195123613.082125	13000	197731864.775526
13500	176831720.233235	13500	197157542.018399	13500	200960950.768867	13500	202482872.522587	13500	181831305.683915	13500	184943747.308076	13500	189461453.858714	13500	189728597.960314	13500	191794907.969651	13500	195054352.416989	13500	195465278.791962
14000	175428779.551063	14000	199221175.224494	14000	201038270.775923	14000	204014811.794981	14000	182039703.256052	14000	186010224.920775	14000	188855700.922784	14000	190898821.614294	14000	193052388.196406	14000	194377995.557295	14000	195681307.523647
14500	176107619.073592	14500	197808390.190429	14500	201037881.187490	14500	204541965.277285	14500	181824286.987999	14500	187017340.734917	14500	188575230.608585	14500	190381845.240186	14500	191402863.065630	14500	195480536.404820	14500	195637001.225669
15000	177080620.536247	15000	199410449.647151	15000	201616109.824877	15000	203569217.369530	15000	182140609.153693	15000	187794347.348864	15000	189161623.472053	15000	192218885.828673	15000	193052032.629828	15000	196617311.154079	15000	196060147.043036
15500	177461309.370018	15500	199710815.132820	15500	200220962.272563	15500	203453200.469039	15500	181553428.704848	15500	186880891.234706	15500	189486784.861732	15500	189960259.192243	15500	192913150.216646	15500	194295576.706166	15500	196555320.235714
16000	175911313.027168	16000	197579916.093131	16000	199999249.900045	16000	204954720.826606	16000	181652857.547801	16000	185980734.900247	16000	188228962.838148	16000	189454720.721901	16000	192468061.616383	16000	193686477.641014	16000	196097258.572032
16500	176379877.405025	16500	197547797.618246	16500	201402670.987291	16500	204583703.372985	16500	181492467.628677	16500	187313657.163399	16500	188481974.531322	16500	190455874.321041	16500	193163159.517249	16500	194899549.625160	16500	195823964.838353
17000	177186119.240612	17000	197557512.977623	17000	201301186.328413	17000	204232644.651565	17000	181927993.699398	17000	186641231.628262	17000	189354400.989860	17000	191328408.156914	17000	192490675.876472	17000	195317242.426522	17000	196938950.838048
17500	175636475.548124	17500	197079874.257305	17500	199894908.107012	17500	204476332.644414	17500	180697837.945337	17500	186907408.080044	17500	188861204.599187	17500	190895506.760000	17500	191083950.780262	17500	193906808.254198	17500	195114479.791286
18000	176808355.266452	18000	198758924.692366	18000	201518140.126105	18000	204650512.983461	18000	181603770.753525	18000	187089793.040286	18000	188280618.140604	18000	191588831.762150	18000	193532236.755617	18000	194536950.332850	18000	197300747.791912
18500	176072131.238705	18500	197723687.221942	18500	200642562.101483	18500	204432829.078577	18500	183072874.465869	18500	187313018.918244	18500	189332038.840980	18500	191039745.053247	18500	193737954.105313	18500	195119023.437637	18500	197024750.273271
19000	176022173.638535	19000	199117052.599660	19000	201074926.635166	19000	204043773.896057	19000	181491977.243691	19000	186765618.221852	19000	188415268.131870	19000	191086744.789276	19000	192421386.028040	19000	195162446.400237	19000	195263969.601892
19500	175624360.755691	19500	197252648.177039	19500	199288290.996834	19500	203991998.058292	19500	182527132.203811	19500	184724539.691554	19500	189507203.753148	19500	191461340.062744	19500	192101638.690509	19500	195170199.188951	19500	195750834.082313
20000	175961318.461976	20000	198875546.893333	20000	200944871.728857	20000	204689341.725770	20000	181621969.386560	20000	185884530.183595	20000	188617780.876582	20000	190103357.947042	20000	192810943.952719	20000	194137496.107695	20000	196080794.895724
20500	176985405.218974	20500	197830049.872477	20500	201299684.289534	20500	202737593.170346	20500	182125238.431709	20500	185922662.026795	20500	189981938.819755	20500	191274462.830335	20500	192281515.539412	20500	196258582.947437	20500	195875896.169523
21000	176075890.484747	21000	197799180.643624	21000	199752337.182235	21000	206552044.042192	21000	181138998.214382	21000	184814023.362763	21000	188895124.763044	21000	190234669.425790	21000	192792209.321631	21000	194777344.109661	21000	195615590.606037
21500	176697001.320006	21500	197094017.094850	21500	201160175.597283	21500	205507052.555102	21500	182533460.470910	21500	186529884.993362	21500	189395217.275845	21500	191188738.689480	21500	191982716.148890	21500	195240709.857498	21500	195907378.543930
22000	175495217.461664	22000	198249044.735215	22000	199877105.215257	22000	204088595.504989	22000	181484991.391044	22000	184875656.818107	22000	187919309.435737	22000	191200875.574920	22000	191930704.845915	22000	194364143.948177	22000	194820971.933256
22500	176939411.509523	22500	196604195.299118	22500	200653047.319977	22500	205442874.266568	22500	182916285.106051	22500	184998402.371460	22500	189496832.505806	22500	191060522.022467	22500	192573079.164157	22500	195048741.661154	22500	196086608.405297
23000	176773955.787488	23000	197908517.942118	23000	199562438.327930	23000	205200970.952282	23000	182174469.655731	23000	186611944.875667	23000	188318292.944649	23000	189999015.108616	23000	192261640.093292	23000	194261725.929455	23000	195562592.826042
23500	177028036.308195	23500	199321328.082965	23500	200981216.392842	23500	203911864.776683	23500	182705018.456406	23500	187641866.183755	23500	189065357.869352	23500	191412001.642870	23500	192774889.891564	23500	195149359.939359	23500	195228319.842789
24000	176345129.105499	24000	198265545.327316	24000	201088684.187361	24000	204301067.079007	24000	181252152.573753	24000	185173458.795766	24000	189951820.380074	24000	190950633.086337	24000	192850419.176761	24000	195552553.671450	24000	197234626.531191
24500	176068015.741418	24500	197225847.099168	24500	200376431.271470	24500	204219357.790809	24500	181661827.454025	24500	185225857.982277	24500	188745119.593904	24500	189695072.404054	24500	192597230.319941	24500	193808767.222862	24500	196891776.444308
25000	175933648.671316	25000	197890492.717460	25000	201215478.559727	25000	203697649.267957	25000	183156069.262557	25000	186303322.397837	25000	189038821.029664	25000	190570076.036865	25000	193207665.863555	25000	195107873.584795	25000	196112839.161318
25500	175454098.996229	25500	198923312.059420	25500	200432404.883141	25500	205610494.273533	25500	181661943.042945	25500	186205384.025263	25500	188731590.362859	25500	191558324.249269	25500	193447754.213902	25500	194345762.319420	25500	196382448.648296
26000	176217052.438475	26000	197271257.791025	26000	201581318.581508	26000	204789247.779463	26000	181673529.460168	26000	187054252.931837	26000	189906510.961529	26000	189192877.460324	26000	194435588.052769	26000	194236159.919780	26000	195032890.238211
26500	176636717.639333	26500	197553769.698414	26500	200806632.202360	26500	204321732.441428	26500	181494823.594718	26500	185938925.156493	26500	189775411.440418	26500	189782986.531213	26500	193413394.945847	26500	195103273.471024	26500	196701091.228004
27000	175353491.050773	27000	197777374.291876	27000	199038727.030505	27000	203195241.435598	27000	182627072.534450	27000	184664609.003683	27000	189245518.385912	27000	190304461.456130	27000	192451988.070795	27000	193763109.407057	27000	196382559.763993
27500	176193810.741838	27500	197589451.560512	27500	200438178.406594	27500	203920978.340738	27500	182596220.734178	27500	185521011.127407	27500	188161839.312392	27500	190456208.709061	27500	192797125.787252	27500	193672979.256252	27500	196071827.571156
28000	177434471.613038	28000	199232409.961477	28000	201220817.136314	28000	203948793.953146	28000	180631265.118232	28000	185941123.771253	28000	187558589.037070	28000	188576070.472776	28000	193160553.968339	28000	192543123.356048	28000	195071077.347887
28500	176322043.302062	28500	198717805.017421	28500	200450466.530312	28500	203537176.089170	28500	181778211.142797	28500	187363793.464637	28500	188853599.221495	28500	190464571.742823	28500	192681878.436627	28500	195202698.380027	28500	195097489.427030
29000	176793142.552775	29000	198597319.446328	29000	199598480.451872	29000	204297705.633696	29000	180680681.495692	29000	185776030.926226	29000	188788087.002495	29000	190553780.211391	29000	192406062.596895	29000	193979803.583123	29000	195731997.716872
29500	175010309.292207	29500	197735967.921750	29500	201406119.447018	29500	203443297.662656	29500	182027254.559238	29500	188394420.387490	29500	189160407.596537	29500	191820556.800741	29500	193645144.975283	29500	196059917.579847	29500	197914504.266251
30000	175804846.774393	30000	198061591.182893	30000	200445254.016573	30000	203907194.449553	30000	182423124.283457	30000	186413548.133229	30000	190153478.685890	30000	191251747.000599	30000	192491936.563734	30000	194373536.560243	30000	196209065.120963
30500	177217503.034335	30500	197942702.171759	30500	200660320.161274	30500	205110436.350093	30500	181864447.577203	30500	186885619.319406	30500	189040657.438210	30500	191182137.100580	30500	192012139.298145	30500	194435089.865442	30500	196407469.174648
31000	176261014.395227	31000	198366542.042379	31000	200349090.135222	31000	206222111.907486	31000	182336089.346687	31000	186923514.713420	31000	189138183.838012	31000	191366353.124299	31000	192933399.655150	31000	195029817.448319	31000	196962035.932291
31500	176671723.932111	31500	198837363.233194	31500	201448207.246071	31500	203598409.244476	31500	181637672.643242	31500	187362661.352174	31500	188978905.879104	31500	191066604.123275	31500	194096968.691309	31500	194920753.024303	31500	196440647.030400
32000	175693616.385054	32000	199011074.714233	32000	199956074.554377	32000	203866057.176175	32000	181419010.690414	32000	185623698.650435	32000	187171018.070443	32000	189591251.432938	32000	193411121.545697	32000	193801281.032014	32000	194473967.001285
32500	176861501.228652	32500	198538021.042170	32500	200559545.733389	32500	203629178.387660	32500	182051792.149489	32500	186223473.330808	32500	189391790.814636	32500	191394310.198483	32500	192684388.976304	32500	196048382.502297	32500	196345576.838034
33000	176820369.960852	33000	196929799.676029	33000	200540802.328220	33000	203899609.670242	33000	183149976.712353	33000	185951316.519652	33000	189325536.939547	33000	191467115.889922	33000	192558533.304529	33000	194843735.035457	33000	196767183.499740
33500	176145938.046317	33500	198016929.113127	33500	200454293.524478	33500	203245273.257326	33500	181942921.274172	33500	186627418.945486	33500	189856771.817374	33500	191203162.641383	33500	192230356.130155	33500	195692935.604687	33500	197038256.487250
34000	176021761.694477	34000	197838338.358197	34000	200592379.839464	34000	202651675.106775	34000	181955218.047711	34000	186703959.017876	34000	187025451.342766	34000	191765801.452787	34000	192910107.192845	34000	194136184.778651	34000	195912131.016099
34500	177515509.497422	34500	197639780.191978	34500	201732837.940182	34500	204777070.980273	34500	182555901.311759	34500	186921774.652397	34500	186588748.991169	34500	191414025.795197	34500	192558002.261782	34500	194745306.370926	34500	197896825.030748
35000	175000421.128038	35000	197977144.101016	35000	200217595.785605	35000	204605692.564914	35000	182055710.151446	35000	185488632.565899	35000	189670295.633369	35000	191387780.415693	35000	191658851.233012	35000	194075242.205238	35000	194962790.512851
35500	175028437.318151	35500	198471084.157443	35500	200008127.778804	35500	204473562.428143	35500	181704392.976659	35500	185792372.074345	35500	188459383.703812	35500	190457956.384429	35500	192172263.464146	35500	194813085.788375	35500	197199616.300695
36000	175753932.813065	36000	196964413.351350	36000	199420268.521029	36000	204866721.700947	36000	182143732.306009	36000	185668589.449536	36000	189667488.965763	36000	191238173.530243	36000	190842138.262545	36000	194892229.925510	36000	195509742.159608
36500	176587812.834159	36500	197632120.158917	36500	200516903.958164	36500	204745878.279038	36500	183052120.017164	36500	186929484.516433	36500	189843132.527282	36500	190470413.584343	36500	192773337.027437	36500	194855426.249547	36500	196477860.829400
37000	175536429.005556	37000	197994544.145636	37000	199755297.075817	37000	204401078.109919	37000	182300071.303869	37000	185933654.347641	37000	188532580.654225	37000	190698146.949084	37000	192497277.286773	37000	194799593.682879	37000	197845834.539243
37500	176116098.140714	37500	196521819.892855	37500	200397212.297884	37500	202387378.529478	37500	181252455.014556	37500	185909053.776371	37500	188236428.980319	37500	190020422.199988	37500	193370054.468416	37500	194075400.417913	37500	195143343.363342
38000	175539387.066170	38000	197004234.470537	38000	199974526.361384	38000	202973710.208584	38000	182348449.155943	38000	185796674.850645	38000	187742869.614582	38000	191725184.630281	38000	192717764.611718	38000	194130992.136905	38000	196034517.563439
38500	176013957.654382	38500	196930859.312493	38500	198920837.036030	38500	203877209.304751	38500	181432151.503614	38500	184050057.234864	38500	188482667.040898	38500	189386412.086474	38500	191386169.225441	38500	194840201.337641	38500	196945805.155874
39000	175651672.095522	39000	198074750.649434	39000	201598807.651402	39000	203979983.998990	39000	181792158.895637	39000	186906706.181652	39000	188888649.856178	39000	191870812.033251	39000	192542854.545063	39000	194636047.088739	39000	195786421.357341
39500	176086270.507487	39500	199461417.432367	39500	200346192.959525	39500	203939437.885585	39500	182627798.336414	39500	186681089.317319	39500	188199740.922125	39500	190100892.188198	39500	193999968.406765	39500	193670702.310701	39500	196258533.818449
40000	176392792.289921	40000	198793071.276244	40000	201142168.628593	40000	205385178.009832	40000	182981980.829396	40000	187108476.055027	40000	188638406.370992	40000	192468519.433890	40000	192720687.737428	40000	194984494.735242	40000	194743043.917901
40500	176145010.796468	40500	197427019.865014	40500	200698010.698878	40500	204296847.428743	40500	182841169.600933	40500	186519063.931717	40500	188719025.079461	40500	191428985.330470	40500	192289505.759544	40500	194808204.161568	40500	195470294.816686
41000	176072444.528902	41000	198448047.905735	41000	200622458.113150	41000	205784700.235199	41000	181260538.884770	41000	186351399.885311	41000	187861978.849205	41000	190492424.996535	41000	192912616.656473	41000	193626178.020319	41000	197574423.826098
41500	176125318.517268	41500	196863041.969587	41500	200421580.127036	41500	203827357.993768	41500	182419947.184895	41500	186199563.575316	41500	189007507.680311	41500	190848411.442473	41500	192523759.836831	41500	193902932.324650	41500	196186353.277701
42000	175912128.641141	42000	197125436.339186	42000	201244500.076142	42000	205598268.437359	42000	182262407.931934	42000	185918708.642622	42000	188053929.008519	42000	191384115.696411	42000	193331970.820399	42000	194850666.518715	42000	197760159.226250
42500	177299432.294750	42500	199816030.223519	42500	199930289.800680	42500	205103301.913219	42500	181888800.541465	42500	186562986.079857	42500	187700918.585070	42500	190764669.698066	42500	191931134.888697	42500	193371534.088437	42500	195656486.585734
43000	176364981.379688	43000	197455490.831234	43000	200684153.990336	43000	204628321.899619	43000	182429666.560249	43000	186490907.756034	43000	189128112.882537	43000	190183951.559105	43000	192580899.520163	43000	195164699.496922	43000	195272697.712882
43500	175833824.626991	43500	198272826.625042	43500	200542658.579757	43500	205201918.723843	43500	182112756.019194	43500	185235314.550488	43500	188219485.336456	43500	190248943.137690	43500	192287569.206855	43500	194371860.365350	43500	197232725.976034
44000	177266742.790613	44000	199119851.554287	44000	201406820.879148	44000	203737806.289255	44000	182014231.328266	44000	188580001.932461	44000	188979589.828517	44000	192171596.200748	44000	193593122.062954	44000	194660273.468839	44000	195151285.167784
44500	177458686.434577	44500	197707028.027921	44500	201301947.346803	44500	205922972.782488	44500	182305955.469073	44500	186258777.222287	44500	188775850.014956	44500	191504044.079433	44500	192273963.651092	44500	193738076.923591	44500	196845818.544614
45000	175856397.517814	45000	197945427.336074	45000	199312711.594937	45000	204926535.897487	45000	180409064.986260	45000	185705697.390077	45000	188863170.501650	45000	189688478.802454	45000	192748964.705213	45000	193711137.075915	45000	194775621.082117
45500	176761359.611968	45500	197089488.709746	45500	200780814.393445	45500	204841581.008135	45500	183253583.922590	45500	185703265.640917	45500	189888703.918536	45500	191227313.125988	45500	193723079.174324	45500	195729613.222862	45500	196758321.973970
46000	177077698.776625	46000	198553369.061013	46000	200287749.420216	46000	204746931.867068	46000	182188642.568073	46000	185784811.266573	46000	188933894.371922	46000	191004972.041450	46000	193006791.626646	46000	194731594.321343	46000	196209539.424820
46500	177030511.323242	46500	197620150.009814	46500	201239226.840589	46500	204162676.625938	46500	181670676.867704	46500	187548633.009552	46500	189007821.144257	46500	191298107.550024	46500	193500299.631970	46500	195168919.654347	46500	195728976.845081
47000	176097279.634480	47000	198342727.472997	47000	201047959.920676	47000	203561611.440169	47000	181709788.382879	47000	186930805.932617	47000	188747063.649231	47000	189957962.871054	47000	193624027.656073	47000	194025327.658356	47000	195881591.245758
47500	176004646.271228	47500	197701119.019189	47500	201250977.406731	47500	204584419.817881	47500	181794287.485850	47500	187933401.107366	47500	188716008.488030	47500	190897259.813771	47500	191654127.935011	47500	194802640.821727	47500	195411840.473979
48000	176268409.074576	48000	197397565.275840	48000	201952516.865239	48000	204278642.732139	48000	182469465.943492	48000	186198184.482037	48000	187474962.778751	48000	188744731.111016	48000	193501653.392011	48000	192060400.333954	48000	195886697.117551
48500	177616763.240502	48500	198204230.792032	48500	201521346.586523	48500	206153884.531074	48500	181767045.155220	48500	187504641.807884	48500	189731813.089340	48500	190413688.229978	48500	193526262.751000	48500	195310505.708724	48500	196272880.120713
49000	175037039.031344	49000	198840595.331409	49000	201175307.283321	49000	204861002.526717	49000	181618025.537855	49000	185254413.242869	49000	188727925.070380	49000	190655042.102421	49000	193589734.190872	49000	193576105.457754	49000	196703585.991062
49500	174937071.878910	49500	198062423.343146	49500	200604264.435667	49500	204995377.279339	49500	183156503.811018	49500	186334851.842417	49500	187698218.727702	49500	188906944.077660	49500	193463165.314213	49500	194562260.647621	49500	196759732.326712
50000	176163179.267298	50000	198044179.016627	50000	200934647.285415	50000	203621360.021382	50000	181459728.286597	50000	186119900.399510	50000	188762239.791671	50000	190510018.859700	50000	194022032.008763	50000	195173641.468635	50000	197288262.959206
50500	176929845.263397	50500	198523922.986906	50500	200076550.043852	50500	204554370.331629	50500	181082556.481472	50500	186418540.555802	50500	188436677.216531	50500	190288187.668174	50500	192757361.520484	50500	193851597.832983	50500	196742410.139115
51000	176432800.864682	51000	197521883.783281	51000	199862356.343492	51000	204729927.103555	51000	181463287.005870	51000	186585637.769076	51000	188582058.502884	51000	190241623.561996	51000	193234497.464528	51000	194192694.654912	51000	196554534.346870
51500	175891149.537641	51500	198914742.168281	51500	200599514.862772	51500	204215907.073228	51500	180758615.762522	51500	186008707.679068	51500	187812873.202884	51500	190969153.551693	51500	192241028.469535	51500	192741410.134232	51500	197004722.052930
52000	177180982.938532	52000	199427572.124648	52000	200493978.676097	52000	203907561.639873	52000	182029372.841743	52000	187523635.514475	52000	187319662.170499	52000	190654520.952163	52000	192106768.366204	52000	193832427.693228	52000	195897319.611710
52500	176400643.789987	52500	196950595.820478	52500	199484648.220465	52500	205015911.756364	52500	180944864.415368	52500	186952440.518588	52500	188912999.397473	52500	191738713.412381	52500	192921720.245041	52500	194186566.554381	52500	195993319.713049
53000	175972262.959072	53000	198367806.696312	53000	199573930.624816	53000	204489873.047633	53000	181689952.275940	53000	186626890.562256	53000	188184483.616022	53000	189468396.252736	53000	193394391.573288	53000	192865614.922899	53000	196609365.937778
53500	176379489.203384	53500	198766864.348333	53500	200779116.362991	53500	203778339.874329	53500	182139971.333568	53500	187312670.110622	53500	189150065.737138	53500	191541306.715261	53500	194157806.064853	53500	194648334.515476	53500	195734638.220311
54000	177143366.442755	54000	196380417.319941	54000	202038681.449744	54000	204261101.256858	54000	182606478.167487	54000	186431534.687201	54000	190534725.217793	54000	191035291.595450	54000	193784099.467730	54000	196113885.901127	54000	197194095.402557
54500	175537038.959953	54500	197604642.129199	54500	200724932.248982	54500	204042510.464317	54500	181646171.646859	54500	186404265.052150	54500	189362665.289183	54500	191688969.100802	54500	192467696.142837	54500	195117443.361113	54500	195789791.511533
55000	176062676.518884	55000	197305248.367511	55000	200158989.741840	55000	203679916.432349	55000	181882566.047378	55000	186961829.602548	55000	189007630.455244	55000	191499054.518971	55000	191567014.157193	55000	195516409.200423	55000	196520606.114169
55500	176788218.087366	55500	198606605.274970	55500	200028371.983978	55500	204233797.057758	55500	182428116.643192	55500	185604543.501808	55500	188539986.384154	55500	192229858.761499	55500	191473501.520194	55500	195154258.910938	55500	197497320.338273
56000	177465382.982280	56000	197106314.367990	56000	201686424.347612	56000	204870782.157086	56000	182091331.947029	56000	186684119.455964	56000	189508107.971176	56000	190534095.737308	56000	193755035.401208	56000	195518266.570817	56000	195259686.343366
56500	176574048.568248	56500	196638886.457381	56500	199607357.738208	56500	204681905.763030	56500	182279036.448988	56500	184896197.126452	56500	188522050.431137	56500	189650027.534114	56500	190956772.137566	56500	194780041.803816	56500	196357141.696418
57000	176391742.048452	57000	196672469.351734	57000	199504429.668037	57000	203777080.245106	57000	182516518.530449	57000	186383530.661644	57000	188642422.898145	57000	190552488.815839	57000	190462132.820739	57000	194027939.750110	57000	196560939.275602
57500	176552761.416742	57500	199322846.296482	57500	201674304.696672	57500	203737412.992357	57500	180932972.303468	57500	188049110.770986	57500	188727473.172051	57500	190732447.788175	57500	192933007.233090	57500	194924033.118719	57500	195956746.073843
58000	176609413.835109	58000	198485854.151152	58000	201348659.909066	58000	205577867.195667	58000	181668601.305315	58000	186907321.795397	58000	188904112.510285	58000	190075406.173651	58000	195398162.178969	58000	195282336.451409	58000	197950870.660207
58500	176331214.760434	58500	197995494.008233	58500	201785992.917115	58500	203905742.461769	58500	182638075.387212	58500	186135901.891117	58500	189984607.095586	58500	189636634.914077	58500	192787382.388364	58500	194731568.500073	58500	195754335.118529
59000	176404369.024423	59000	197567693.417787	59000	199712576.803066	59000	203936567.427301	59000	182209868.798108	59000	185581902.785047	59000	190234201.092048	59000	189760980.509677	59000	191680251.998930	59000	196180278.503691	59000	196337149.535520
59500	176046366.038485	59500	197720778.946928	59500	199872403.977170	59500	204718649.937404	59500	182326022.338706	59500	185672864.409593	59500	188894899.151048	59500	190262879.750681	59500	192422197.794578	59500	194817101.048645	59500	197323623.420332
60000	176017545.504734	60000	197803083.388552	60000	200522913.554194	60000	204954169.943815	60000	181425489.132854	60000	186954316.003449	60000	191016636.949076	60000	191225356.111485	60000	193214547.829004	60000	195031030.026953	60000	196456552.498417
60500	176501481.419491	60500	198354310.756357	60500	201912315.107082	60500	202887821.942103	60500	181322820.228258	60500	187126228.074973	60500	188762461.361788	60500	191040609.952602	60500	192766516.776469	60500	193777436.291761	60500	195881345.672070
61000	176590058.993545	61000	196463482.009977	61000	200604860.293185	61000	204966835.085834	61000	181165082.067686	61000	185980475.920557	61000	188826399.177214	61000	190548663.526908	61000	191792612.068077	61000	194225281.720882	61000	197284538.996119
61500	176313510.066510	61500	197726791.448004	61500	200885739.009678	61500	204338963.168827	61500	181756708.848424	61500	186766126.591166	61500	189678873.943159	61500	191831721.583904	61500	191749523.398899	61500	194763432.762552	61500	196366299.542149
62000	175165687.642799	62000	197561775.932400	62000	200184033.119927	62000	202987811.028323	62000	182208016.904766	62000	185496780.384251	62000	188331078.046298	62000	191388091.651761	62000	191226543.096851	62000	194549881.391870	62000	196203983.112889
62500	175852765.944306	62500	197906219.525305	62500	202275634.802342	62500	204368630.696067	62500	182122009.463008	62500	186161270.721346	62500	188244071.969568	62500	190635393.740206	62500	193390316.847045	62500	194510470.631817	62500	196662077.076135
63000	177328247.701666	63000	196215812.205185	63000	201315955.174140	63000	203400312.330945	63000	182022688.901062	63000	185933425.053024	63000	187889134.773913	63000	189761432.889475	63000	192182672.138276	63000	193320282.755581	63000	196142460.861326
63500	177138291.476311	63500	197997503.316671	63500	200332709.877002	63500	204372411.451507	63500	181744661.289867	63500	187355053.808674	63500	187861040.864781	63500	191751763.925152	63500	191223699.985638	63500	193651327.403874	63500	197007592.243693
64000	176257003.116197	64000	199549636.185553	64000	201819444.252257	64000	203737119.950421	64000	181661371.894073	64000	186218613.979203	64000	188030418.907884	64000	192040678.707802	64000	192837351.455979	64000	193745969.777173	64000	196016802.011493
64500	176842126.627028	64500	198392760.526531	64500	202304760.854870	64500	202229536.677442	64500	182104782.106203	64500	186610242.328143	64500	187757772.675845	64500	191154819.609263	64500	193672632.603951	64500	194175280.485510	64500	195965004.235938
65000	176029524.127915	65000	197314604.564435	65000	200349376.082238	65000	202808027.273367	65000	181216806.445398	65000	187239877.433747	65000	189437488.820969	65000	190397314.754474	65000	193719421.371380	65000	194356155.985840	65000	196808207.270805
65500	176528186.580144	65500	197624597.206127	65500	200905371.444940	65500	202837040.161057	65500	181343168.457726	65500	186414734.874573	65500	188126768.399302	65500	190358636.553180	65500	192722757.381582	65500	193523562.241607	65500	196676246.263569
66000	176141877.085677	66000	198992867.738673	66000	199938777.347238	66000	201979791.377307	66000	181137742.892691	66000	186811968.791313	66000	188886953.331543	66000	190496224.765877	66000	192722791.541557	66000	194686037.647482	66000	196596459.415599
66500	176441221.744511	66500	197757083.622861	66500	200176910.284335	66500	203210888.854883	66500	182491162.568121	66500	186603217.865825	66500	188716089.591528	66500	191156406.368066	66500	191977357.928963	66500	195103926.960754	66500	195502025.117882
67000	177530928.097152	67000	198093486.804131	67000	201490298.462069	67000	204912427.351454	67000	182389538.888298	67000	187749064.596739	67000	189517580.296534	67000	190707409.486251	67000	193274860.565420	67000	194652897.851293	67000	196195757.032880
67500	177076232.229956	67500	198032641.973696	67500	200654138.097701	67500	203684334.180979	67500	180980020.140872	67500	186640568.966216	67500	186919505.918059	67500	189299201.196995	67500	193402913.649886	67500	193346468.178666	67500	195708927.517368
68000	177054568.548023	68000	198065045.479629	68000	201452794.404521	68000	205778021.426493	68000	182250680.824519	68000	187748115.043245	68000	188508231.596084	68000	190690076.594460	68000	192525942.095175	68000	193846927.055457	68000	196267725.590327
68500	176960911.257716	68500	197888754.485752	68500	200082685.155419	68500	205220137.629276	68500	181426620.949996	68500	185270153.208048	68500	187962492.820227	68500	192194334.653190	68500	191468860.284509	68500	194534223.921495	68500	196248169.289987
69000	176105498.918318	69000	197076539.649179	69000	200592156.520385	69000	204761645.036366	69000	182439551.064614	69000	185821491.240533	69000	188920304.421157	69000	191115943.731763	69000	193001323.747284	69000	194078659.471875	69000	196273866.820322
69500	175431634.303276	69500	198330385.677405	69500	199367294.674276	69500	205136373.750648	69500	180480141.553805	69500	185510245.272507	69500	187450882.737402	69500	191210836.679569	69500	192128978.412331	69500	193335882.476083	69500	195576879.369611
70000	175584974.833089	70000	197969496.640158	70000	201729759.151398	70000	205531198.748052	70000	181171961.566203	70000	187595345.055855	70000	187869034.114165	70000	190055094.807447	70000	193497392.117726	70000	193540841.718415	70000	195078877.388602
70500	176179644.758573	70500	196545904.641332	70500	201794773.157537	70500	203577071.679175	70500	182025600.475134	70500	186897172.802695	70500	188977432.338878	70500	190481879.057458	70500	192574625.183564	70500	194908585.168924	70500	197458817.307247
71000	177115314.669785	71000	197931094.679510	71000	200541544.083639	71000	205993906.984472	71000	180743402.834709	71000	187342158.520647	71000	189255974.866862	71000	190890314.938375	71000	192359375.588036	71000	193452379.050723	71000	196795840.200620
71500	176607103.046177	71500	197522514.768259	71500	199962330.468537	71500	203877261.115002	71500	182429289.722215	71500	186256235.253169	71500	189209936.436085	71500	190912376.441807	71500	193551448.443718	71500	194058659.643523	71500	196248271.286744
72000	176741235.404451	72000	197797035.308598	72000	202403441.812210	72000	203883774.499300	72000	181892779.911512	72000	188375647.149776	72000	188618201.996082	72000	190556520.702589	72000	193328619.527481	72000	194363318.284300	72000	195502653.165029
72500	176138844.461189	72500	198037263.295761	72500	201957757.534636	72500	203681479.709223	72500	181336670.893156	72500	187745854.924691	72500	188345540.994220	72500	189876609.572689	72500	193490706.006871	72500	193362699.172553	72500	196393868.845692
73000	176679067.333058	73000	196803521.767317	73000	201028124.685834	73000	203154577.808135	73000	180756145.731833	73000	185532104.644742	73000	189593907.836040	73000	189800131.558515	73000	193102613.738596	73000	194071805.069067	73000	197594026.793196
73500	176814434.111725	73500	198022824.735978	73500	200661370.244279	73500	205099164.508675	73500	183302541.552514	73500	186805652.453974	73500	188575737.059034	73500	190536109.148732	73500	192319414.637161	73500	195592940.868889	73500	196282382.586554
74000	176370748.466664	74000	196864993.653241	74000	201315978.602741	74000	204628069.992537	74000	182785065.408850	74000	187067304.076645	74000	187523204.004323	74000	190590140.494005	74000	192715346.257175	74000	194485676.752767	74000	196768326.911121
74500	176567801.299671	74500	199122871.895342	74500	200289356.458258	74500	204504614.937335	74500	182660649.323955	74500	186785156.566093	74500	189673170.842650	74500	191432232.601447	74500	194072881.033230	74500	195374110.933169	74500	196642560.023480
75000	176735478.062032	75000	196116747.142695	75000	200351184.684634	75000	205895210.216856	75000	181383701.871231	75000	186191500.430460	75000	189280168.716343	75000	189589047.376771	75000	192385631.998494	75000	195044623.277551	75000	196961131.354399
75500	177386570.078192	75500	198916915.002985	75500	201080320.032923	75500	204102716.261996	75500	182313039.904032	75500	186760431.566453	75500	187524943.047331	75500	191145314.026377	75500	193066041.475072	75500	193319545.048855	75500	196023526.102687
76000	176270617.784023	76000	197680328.793890	76000	201270397.674426	76000	204390216.694890	76000	182103846.177077	76000	187172872.761971	76000	189070720.228174	76000	190021076.802071	76000	191252841.481865	76000	194437623.595937	76000	198001299.037338
76500	176382818.551632	76500	196704046.776709	76500	200606770.891618	76500	204411982.409626	76500	181284221.480016	76500	186483510.295919	76500	189734271.755766	76500	191170093.747870	76500	191969954.096676	76500	194246760.978782	76500	196003784.767568
77000	176137071.995264	77000	198401527.732686	77000	200845012.897382	77000	204000987.356058	77000	181564428.864278	77000	187157974.630168	77000	187373922.953243	77000	191488091.510973	77000	191683186.930019	77000	193949583.280097	77000	196870087.284245
77500	175589759.530250	77500	199314833.584381	77500	200080154.773644	77500	206474226.553000	77500	181334457.290638	77500	187599475.202766	77500	189347552.803866	77500	191470137.760401	77500	192200241.104493	77500	194659790.778732	77500	196691928.250841
78000	176924138.598230	78000	198468954.784330	78000	200489862.196224	78000	203597227.574437	78000	183081030.319781	78000	186440927.444281	78000	189809012.995199	78000	192205121.890334	78000	191868409.628216	78000	194249796.642040	78000	196618257.645857
78500	176699621.229481	78500	197946252.112460	78500	200442750.354402	78500	204216156.527091	78500	181775134.125852	78500	187129575.979822	78500	188725583.364445	78500	191266532.570912	78500	192972317.525968	78500	195024591.266064	78500	197349853.787542
79000	177183518.345482	79000	199144735.275290	79000	200766237.155125	79000	204392145.801269	79000	182433243.708330	79000	186120649.193525	79000	188521638.823974	79000	191410629.700536	79000	192689953.120293	79000	193950035.674385	79000	196099866.545435
79500	176352737.734857	79500	198223392.855018	79500	200299162.500769	79500	203128757.217592	79500	182304211.507343	79500	185909208.286859	79500	189609189.730202	79500	191094442.145234	79500	191529665.255386	79500	195035898.283122	79500	195507049.231766
80000	176553824.089936	80000	199775493.520556	80000	201547105.198906	80000	203696103.283195	80000	182413336.827967	80000	186732069.114434	80000	189353618.045420	80000	191888529.669985	80000	193745516.089280	80000	195176556.180725	80000	195862908.391258
80500	176671674.523845	80500	199599379.565756	80500	200833355.909708	80500	204424738.121338	80500	183076259.685145	80500	186432566.592922	80500	189676444.058643	80500	190397819.069803	80500	192867972.629414	80500	194754003.357697	80500	197161883.950478
81000	175523345.889685	81000	198401820.623247	81000	200991237.193218	81000	204576995.243971	81000	181493370.674814	81000	186232995.838890	81000	188732696.950524	81000	190347596.808339	81000	192665189.175055	81000	194393375.519925	81000	196067551.719998
81500	176209701.369089	81500	196098631.749556	81500	198617232.665591	81500	204313278.608830	81500	181560764.017792	81500	185083201.871247	81500	187826265.450083	81500	190034181.232800	81500	189984281.568358	81500	192562512.303832	81500	196316372.782091
82000	177131096.255599	82000	196793985.494427	82000	201894820.155323	82000	204853655.598881	82000	181492949.231525	82000	185775092.410084	82000	188182602.904850	82000	189338220.129867	82000	192701604.128966	82000	191273998.194296	82000	195666479.525852
82500	176992558.340505	82500	195870985.949311	82500	201685922.250362	82500	205188138.683937	82500	181174870.837854	82500	187016536.038920	82500	189093167.527890	82500	190071345.411888	82500	193292556.966902	82500	194255750.852556	82500	196545275.479093
83000	176451441.123089	83000	197533872.910841	83000	199640275.422342	83000	203612261.600688	83000	181320705.372911	83000	186530447.198325	83000	189795410.773087	83000	191261065.791743	83000	192948774.470452	83000	194346362.723440	83000	196995018.347667
83500	175541125.231866	83500	198016532.906941	83500	199614065.631092	83500	204193035.770795	83500	182356154.853226	83500	186179472.761313	83500	188250424.353374	83500	190221296.579679	83500	192471743.849328	83500	194198335.636156	83500	196869403.729486
84000	175660289.748384	84000	198340139.321585	84000	200794373.630282	84000	204150878.221748	84000	181760964.662170	84000	187409563.794155	84000	187661420.445220	84000	191386369.491816	84000	194486407.308337	84000	194172615.059470	84000	196462584.105929
84500	175086448.086732	84500	197652109.230752	84500	201066502.810798	84500	204423386.021154	84500	181476521.331565	84500	187694801.369618	84500	188885968.580485	84500	190905634.186639	84500	192992889.533648	84500	194517268.816476	84500	196909249.219416
85000	175133867.758831	85000	197670319.403534	85000	202404415.946132	85000	205178274.598530	85000	181367354.654623	85000	188403846.222223	85000	187840304.006325	85000	190647067.915076	85000	195096160.320448	85000	194486252.886580	85000	197148132.834530
85500	176635284.454837	85500	198330655.732580	85500	201606931.717730	85500	205238604.398138	85500	181274728.455724	85500	186828630.083475	85500	188277303.950088	85500	190497067.674420	85500	192324039.402956	85500	194017892.811509	85500	197165307.075034
86000	176892019.627477	86000	199191308.698868	86000	202823446.983090	86000	205887849.482099	86000	180382534.609006	86000	186698105.315052	86000	189962599.583954	86000	191008287.545583	86000	193088783.197748	86000	193767662.268996	86000	196409308.096082
86500	177484886.784898	86500	198248883.841264	86500	201485897.041318	86500	203996123.611652	86500	181975217.799575	86500	187201464.116355	86500	190011218.284768	86500	190490927.715515	86500	192637426.201965	86500	194329464.941816	86500	195419559.054231
87000	176186923.702058	87000	199184263.483146	87000	202002470.701161	87000	204794197.782977	87000	182167113.900438	87000	186975565.912737	87000	187354298.142911	87000	191134792.338988	87000	192099942.512275	87000	193125762.498273	87000	195373120.137047
87500	177389493.789800	87500	196485300.390869	87500	201448591.586722	87500	203706043.348927	87500	181422880.298509	87500	187262084.488795	87500	189065010.803297	87500	191010399.723435	87500	193742625.287589	87500	194027711.455386	87500	196477732.853896
88000	176419373.748089	88000	198670806.354557	88000	200839218.864158	88000	203879948.081484	88000	182403185.024569	88000	185393982.928102	88000	188432185.805951	88000	190520788.194453	88000	191966621.325992	88000	193775392.759309	88000	197299984.106871
88500	176012751.325911	88500	197648416.948828	88500	199098580.063502	88500	203274853.548578	88500	181423082.135392	88500	187328701.769030	88500	188948548.996303	88500	191656824.359676	88500	192167297.640879	88500	194032841.130259	88500	195529598.008087
89000	176315521.658587	89000	197434206.850611	89000	200248535.874976	89000	203974917.277584	89000	180560291.082242	89000	186418034.551783	89000	188728400.153680	89000	191429956.549814	89000	192217528.714110	89000	194122319.836849	89000	196320469.803187
89500	176835327.575765	89500	197892364.014410	89500	201022145.728697	89500	204968124.552015	89500	182290282.414603	89500	186312095.138494	89500	189095915.914807	89500	191099542.473420	89500	191963522.993151	89500	195790719.510533	89500	197744106.202672
90000	175990653.866805	90000	197409750.849602	90000	200438124.243768	90000	203525065.253333	90000	182286093.023357	90000	186246012.648816	90000	190201279.380793	90000	190368452.268741	90000	192591656.740018	90000	195643478.440416	90000	196022569.608091
90500	176824313.476204	90500	197913003.134436	90500	201861516.188563	90500	203919451.869329	90500	181651188.234552	90500	186327049.820742	90500	189079884.173651	90500	191524413.641570	90500	194659331.996298	90500	193815835.132511	90500	195817687.150389
91000	177303760.086601	91000	198569122.604325	91000	200876995.195225	91000	205406769.155135	91000	182609069.804472	91000	186869137.198550	91000	190133735.776100	91000	191313256.359386	91000	193815859.008174	91000	194611572.588224	91000	195724307.895812
91500	177012249.089970	91500	198165144.348150	91500	201398477.221281	91500	205003637.112799	91500	183420927.359032	91500	186655354.035541	91500	189090971.689400	91500	191612175.555460	91500	193831325.670569	91500	194838973.752573	91500	196831690.700466
92000	176243569.568843	92000	198243096.560243	92000	200284556.704444	92000	205664078.627189	92000	182208458.936251	92000	185795009.852776	92000	188576621.364387	92000	190879211.329032	92000	193457575.496059	92000	195648982.824966	92000	196934645.147873
92500	175739921.450709	92500	197695926.509453	92500	200282332.310323	92500	204098778.252558	92500	182186167.887150	92500	186126353.942200	92500	189869886.510647	92500	191723733.452403	92500	193080245.040524	92500	194195981.932332	92500	196029726.794434
93000	176592501.664132	93000	197657322.540709	93000	200035418.259154	93000	203795135.381244	93000	181135872.912682	93000	187014701.763281	93000	187705661.685734	93000	190519842.349223	93000	192635873.696214	93000	194737442.956553	93000	195903258.272873
93500	176105908.500322	93500	196609832.949948	93500	200753727.631189	93500	204519983.964476	93500	181340046.410198	93500	186244138.267991	93500	188580029.542575	93500	189989786.340593	93500	192393670.526393	93500	193115475.656763	93500	195865422.887430
94000	176965539.169671	94000	199005459.593772	94000	200566359.534501	94000	203515862.284568	94000	182607190.153393	94000	187353922.224671	94000	188015115.851727	94000	190647220.465139	94000	192410036.745641	94000	194974415.598612	94000	195559380.245124
94500	177385966.118669	94500	197367843.195819	94500	202186449.997822	94500	204350449.340413	94500	181194056.337378	94500	187374088.607882	94500	189495552.247049	94500	191022399.180891	94500	193208336.798330	94500	195070829.243300	94500	195576812.597925
95000	176832287.288934	95000	198217452.437053	95000	201015003.282018	95000	205901293.476832	95000	182346424.610564	95000	185485026.420098	95000	188181300.449792	95000	190255054.276414	95000	193295348.282340	95000	195760195.994343	95000	195955632.927991
95500	175614463.475857	95500	196353692.895946	95500	200529432.100218	95500	204299294.209688	95500	182659752.940982	95500	186880729.165817	95500	189036401.764542	95500	191260112.707096	95500	194028535.292469	95500	194290867.417082	95500	198627137.904257
96000	175231792.513652	96000	199202539.991370	96000	202235409.558278	96000	202758168.339174	96000	181457608.544243	96000	185798150.956940	96000	187541417.265004	96000	190481972.514638	96000	192555308.119583	96000	192793579.259612	96000	196894513.080986
96500	176718472.174849	96500	198922480.400965	96500	201513682.429722	96500	203775932.448306	96500	182078999.607875	96500	186870760.078929	96500	188862610.728698	96500	189935434.845295	96500	192910951.654821	96500	194267899.985591	96500	197632060.007714
97000	176742600.057948	97000	197538657.591619	97000	200989116.286518	97000	205179665.644104	97000	181938408.473270	97000	185707534.986712	97000	189401920.629747	97000	191803845.693923	97000	192444424.664634	97000	195892069.160661	97000	196726824.510893
97500	176565543.636218	97500	198700028.483239	97500	201922221.940440	97500	203217852.724315	97500	181792408.510281	97500	186156645.624350	97500	187774642.900541	97500	190223653.262363	97500	192656503.319445	97500	194586957.439215	97500	195459809.503174
98000	176154343.264369	98000	197967385.641178	98000	201391235.738836	98000	204476478.422854	98000	180546609.104875	98000	185502276.434545	98000	189836726.206509	98000	189279352.687836	98000	192764666.716593	98000	195842924.821106	98000	196663058.139482
98500	176354642.603803	98500	198607304.572717	98500	200289163.383239	98500	204943005.470853	98500	181922412.340017	98500	185248002.459010	98500	188783368.936274	98500	191001403.701342	98500	192485993.966942	98500	195636517.538612	98500	196766251.906116
99000	176976387.389409	99000	197784796.921234	99000	201516590.543437	99000	202930690.819041	99000	181312047.162607	99000	186165122.571126	99000	188915977.723039	99000	190716973.184813	99000	192970750.223112	99000	195162697.170013	99000	197405582.748937
99500	175927389.151298	99500	197495052.635508	99500	201039106.166818	99500	204154443.069547	99500	181141373.397617	99500	187161243.069197	99500	189149391.378495	99500	191811588.424070	99500	194054213.809471	99500	194719007.267575	99500	197100502.600844
100000	175455354.692720	100000	197807819.740364	100000	200112853.055120	100000	203175628.081849	100000	181598776.919846	100000	186339297.273469	100000	190256096.439077	100000	190834514.371797	100000	193407893.508799	100000	194592078.902366	100000	196016258.878017
