#	SIM_20_0.05_0		#	SIM_20_0.05_-10		#	SIM_20_0.05_-12		#	SIM_20_0.05_-15		#	SIM_20_0.05_-2		#	SIM_20_0.05_-4		#	SIM_20_0.05_-5		#	SIM_20_0.05_-6		#	SIM_20_0.05_-7		#	SIM_20_0.05_-8		#	SIM_20_0.05_-9	
1	104150.384577118	1	116700.935924096	1	118193.274842100	1	119711.283764463	1	105532.563872706	1	109448.151595642	1	111132.012543650	1	111200.770366877	1	112564.689735545	1	114018.845000551	1	114698.533376503
500	102759.422190259	500	115695.569258454	500	117277.167147948	500	119402.754168268	500	105732.186132638	500	108492.926958658	500	109387.516685138	500	111149.768410412	500	112256.615643460	500	112797.487852892	500	113598.162215991
1000	103714.255219779	1000	115073.480964133	1000	116883.302658051	1000	119968.347478763	1000	105277.370182118	1000	108919.719055719	1000	109412.679562534	1000	109952.794932230	1000	112626.715380438	1000	112723.620990816	1000	114651.128682348
1500	103122.306054412	1500	114878.385047826	1500	117178.419592337	1500	119093.966699631	1500	106560.595354473	1500	108264.237576204	1500	110028.140751289	1500	110999.521088620	1500	111584.935134114	1500	112392.745828325	1500	113947.701673478
2000	102857.228677106	2000	115610.195234799	2000	117338.592559286	2000	119294.310208327	2000	105789.100949876	2000	108573.325419038	2000	109683.666565381	2000	110572.753152446	2000	112180.436597390	2000	112966.908581928	2000	114196.996292499
2500	103086.948858644	2500	115508.703995701	2500	116845.254576619	2500	118794.299322128	2500	105229.424082831	2500	108611.881266750	2500	109733.838779593	2500	111242.252991113	2500	110888.072164092	2500	113333.342531935	2500	113710.325989588
3000	103473.183572308	3000	115742.869664548	3000	116814.742812510	3000	120410.031426851	3000	105390.392320448	3000	108330.479653279	3000	108718.811371357	3000	111016.470014245	3000	111827.248250508	3000	112535.367767753	3000	114084.688598297
3500	102871.189447890	3500	115513.673331635	3500	117704.174620828	3500	119630.613910266	3500	106354.443007340	3500	108567.057207804	3500	109045.991741704	3500	111367.610194593	3500	112658.723677976	3500	114307.787971694	3500	113747.272625818
4000	103059.772756237	4000	115387.650663048	4000	116808.257433605	4000	118846.723742285	4000	106625.753421858	4000	108389.715387349	4000	110130.194484566	4000	110791.058730934	4000	111488.358364630	4000	112869.861540978	4000	114781.902929685
4500	103289.244893626	4500	115208.103796516	4500	116994.798446119	4500	119953.750309284	4500	107033.640869059	4500	107366.148276046	4500	110183.927409222	4500	111128.214913049	4500	111785.697531455	4500	112707.381614273	4500	114843.514863703
5000	102545.107237356	5000	114976.620511590	5000	115938.411983252	5000	119827.003209369	5000	106602.349724232	5000	108560.840897311	5000	109561.986067280	5000	110691.574960551	5000	112130.822247985	5000	112738.205589229	5000	114537.947852576
5500	102630.736514331	5500	115186.299649435	5500	116787.828110794	5500	119677.659527457	5500	106723.368554943	5500	108286.404511375	5500	109952.384251850	5500	110783.440584923	5500	112210.992138417	5500	112536.158487918	5500	113261.590377931
6000	103675.929975910	6000	115583.544993833	6000	117420.031127103	6000	120081.286772616	6000	105629.453060843	6000	108776.943636317	6000	109889.871746540	6000	110745.678879123	6000	112115.506374430	6000	113353.694844597	6000	114072.253947180
6500	102685.856134024	6500	114198.429785230	6500	116331.835737975	6500	119233.610712071	6500	105337.173425753	6500	107839.656665262	6500	110103.518106422	6500	111447.849639970	6500	112421.126786391	6500	113097.716225251	6500	113597.930898347
7000	102602.619645406	7000	114532.580021311	7000	117175.959537562	7000	119172.160019373	7000	106096.426895204	7000	108418.189931032	7000	109682.645830075	7000	110432.604029115	7000	112627.745337238	7000	112094.192644331	7000	114654.669835127
7500	103723.428012773	7500	114700.545305932	7500	116794.988204579	7500	120222.271326367	7500	106071.484787569	7500	108544.632584056	7500	109617.053878289	7500	111087.704343044	7500	111758.849632150	7500	112909.803502312	7500	114346.085454846
8000	102999.425524491	8000	116009.446069360	8000	116731.039766729	8000	119633.293228375	8000	105796.678289208	8000	108663.921027263	8000	109257.745828164	8000	110979.118359101	8000	112980.616768969	8000	113077.086286037	8000	114860.506290798
8500	102768.721168310	8500	114674.931170528	8500	116894.005999820	8500	119741.738443740	8500	105933.423285180	8500	108191.468876104	8500	108951.358880899	8500	110461.815739160	8500	111965.229450381	8500	112304.716827211	8500	113845.907852714
9000	102685.878370858	9000	115223.970948362	9000	116525.937534526	9000	119764.726434036	9000	105949.034543474	9000	107926.353919844	9000	108411.342596775	9000	110669.559196968	9000	112515.062745446	9000	113088.350161004	9000	113471.619491450
9500	103769.804382935	9500	115015.529829710	9500	116877.622364235	9500	119834.432920899	9500	106432.162938704	9500	108645.905779261	9500	110117.029578289	9500	111508.805116815	9500	111753.304540360	9500	113362.422940377	9500	114384.688305567
10000	103515.094709277	10000	115277.538910045	10000	116990.699789005	10000	119329.802714650	10000	106743.564444455	10000	108604.526618417	10000	109373.615485117	10000	111299.500411997	10000	112449.738902932	10000	112992.505320874	10000	114122.590927898
10500	102291.250709664	10500	114981.610575843	10500	116369.780675619	10500	119865.307771980	10500	106821.225021922	10500	108926.445707418	10500	110011.121927069	10500	111051.656553730	10500	112176.922814850	10500	112655.658176149	10500	114907.201779354
11000	102774.810633636	11000	115215.032851499	11000	116961.141792376	11000	120263.880675723	11000	106491.740845996	11000	108258.954066810	11000	110044.905810377	11000	110609.832386375	11000	111666.803318189	11000	112602.026348978	11000	114184.005291211
11500	102496.069712341	11500	115372.068470548	11500	117220.074709371	11500	119804.495416368	11500	105859.108005214	11500	108962.289295501	11500	110346.663794185	11500	112731.105938161	11500	111796.348207404	11500	113564.051637877	11500	114309.579654158
12000	103125.214612165	12000	114796.456212227	12000	117082.050116674	12000	120222.553155166	12000	105944.497032167	12000	108073.940949908	12000	109926.674323182	12000	110026.091046028	12000	112048.083085821	12000	112819.012204118	12000	114929.423064560
12500	103125.824662746	12500	114369.770928132	12500	116942.968970502	12500	118249.305038970	12500	105488.131602128	12500	108856.888853261	12500	109372.958144692	12500	111428.176583281	12500	112491.968819990	12500	114281.147411450	12500	114870.782004252
13000	103532.669543852	13000	115010.090354445	13000	117377.504289730	13000	120548.413844100	13000	105936.720624022	13000	108595.617152138	13000	109377.287376136	13000	110146.486015599	13000	110911.545167061	13000	112486.988816057	13000	113647.510779274
13500	103015.987352652	13500	114888.648849846	13500	116889.095038148	13500	118912.759165183	13500	105988.338858898	13500	108413.680492599	13500	109623.447614262	13500	110987.059344940	13500	112397.912856875	13500	112896.348687464	13500	114697.135677228
14000	101820.987926205	14000	114335.227433153	14000	116031.646192167	14000	119562.716940096	14000	106416.520266019	14000	107333.101827841	14000	109466.660009424	14000	110899.867909533	14000	111335.408297083	14000	112689.613853270	14000	114180.679583880
14500	102359.347459806	14500	115124.816847126	14500	116636.598120282	14500	119630.010500976	14500	106190.385852476	14500	108111.118573418	14500	108981.194179508	14500	110707.222507980	14500	112043.422656553	14500	112733.238014480	14500	114259.854705852
15000	102799.047675084	15000	114916.279774455	15000	117350.911668886	15000	119498.757211889	15000	106283.403928112	15000	108920.519455720	15000	110839.290514558	15000	111292.917529327	15000	112254.098771986	15000	112780.655219125	15000	114920.266638042
15500	103509.361675224	15500	116087.722016161	15500	116316.948685526	15500	119497.488401575	15500	106743.403597075	15500	108116.509670877	15500	109929.139375913	15500	111042.415393550	15500	113169.409885294	15500	113336.610789303	15500	113799.323271322
16000	102851.457391759	16000	115401.904260836	16000	117145.487603805	16000	120015.124970975	16000	106048.861796384	16000	108841.527835077	16000	109756.733543069	16000	110688.754639078	16000	112103.367311683	16000	113210.721072804	16000	114214.567191053
16500	103933.489248766	16500	115064.298677131	16500	116776.703596110	16500	119452.193376090	16500	107043.240158693	16500	107858.045722223	16500	110318.560451734	16500	111247.743880812	16500	112161.792545510	16500	112889.534749988	16500	113827.191271757
17000	102633.848833906	17000	115677.116712945	17000	117388.643153614	17000	120087.772346072	17000	105569.979735673	17000	108240.354701512	17000	109274.876496596	17000	111174.628725821	17000	112111.365899417	17000	112711.649755034	17000	114459.314695979
17500	102768.009484523	17500	115449.124712545	17500	116705.553074291	17500	119859.412320141	17500	105993.753791575	17500	109015.451964708	17500	109559.615481159	17500	110244.294767385	17500	112764.280987441	17500	112657.773642711	17500	114088.234003631
18000	103374.300612892	18000	114985.686906593	18000	117595.079397289	18000	120069.433507409	18000	105724.704029654	18000	107833.444751178	18000	108915.120802284	18000	110791.849483913	18000	112479.464201969	18000	113769.808309877	18000	113961.210216022
18500	102451.077202398	18500	115286.368781789	18500	116767.771461560	18500	119681.070474631	18500	106428.213767807	18500	108208.997172621	18500	109750.605769153	18500	111047.106939029	18500	111745.834064838	18500	112321.021345348	18500	114350.945128483
19000	103492.196163957	19000	115117.058490566	19000	116943.842872081	19000	119246.828513252	19000	106771.356130884	19000	108705.085860748	19000	110143.288301779	19000	110605.646384814	19000	112042.702998812	19000	112718.123353404	19000	114178.039759890
19500	103480.082088782	19500	114982.944612255	19500	116784.841638771	19500	120242.671412949	19500	105959.966890618	19500	109217.111024054	19500	109551.562053862	19500	110303.291757455	19500	113014.649953160	19500	113483.660880382	19500	114906.098364468
20000	103818.377639270	20000	115350.101383352	20000	116712.255547502	20000	120297.479511682	20000	106278.166207996	20000	109459.450614511	20000	110312.350549316	20000	110807.801941284	20000	111979.630984904	20000	112995.909062857	20000	114519.897211443
20500	102525.700482656	20500	116265.486262134	20500	116382.271171575	20500	119601.571951442	20500	106338.018958134	20500	108209.099162026	20500	110167.085518143	20500	111144.726907292	20500	112212.232991895	20500	113252.346695492	20500	114453.301029393
21000	103362.714188611	21000	115035.129336993	21000	116412.894462413	21000	119669.113124479	21000	106044.557526958	21000	108937.194889463	21000	109258.975043622	21000	110901.530918673	21000	112210.242001594	21000	113108.668725027	21000	114346.328751703
21500	103454.625056213	21500	115335.286416807	21500	116882.588233822	21500	118789.646687640	21500	106806.358566635	21500	108847.789174381	21500	110651.677531434	21500	111319.853863650	21500	112527.633047063	21500	113073.256149105	21500	115057.360868148
22000	103707.896904804	22000	114541.569480268	22000	116982.365261314	22000	119162.999142088	22000	105497.433150944	22000	108868.145736412	22000	109929.745545105	22000	111185.165137963	22000	111176.785595242	22000	111716.806352086	22000	113465.362735610
22500	102923.646092979	22500	115447.091494504	22500	116402.761254406	22500	119645.349913638	22500	106027.097318736	22500	107671.172478193	22500	109289.120983054	22500	110376.794448956	22500	111763.668943786	22500	113052.194690904	22500	113771.780559559
23000	103079.099440629	23000	114540.139439121	23000	117029.236852543	23000	119914.643958086	23000	105420.632494687	23000	108498.853202947	23000	109705.944668404	23000	110937.516683942	23000	111604.649354954	23000	111907.357302174	23000	114108.476052843
23500	103230.526679889	23500	115939.641188393	23500	117044.739618013	23500	120010.800869318	23500	106157.658733989	23500	108180.685310759	23500	109399.777305515	23500	111178.887765156	23500	112354.609455058	23500	113323.486517591	23500	114473.199252846
24000	102691.799463183	24000	115645.353512291	24000	116443.848876247	24000	119235.742648363	24000	105472.273410420	24000	108798.391076187	24000	110028.643062911	24000	111602.456518127	24000	111993.716228108	24000	113273.321047202	24000	113267.483982195
24500	103325.690492775	24500	115093.842549911	24500	116983.844809546	24500	119256.238373125	24500	105457.080556922	24500	108768.309055155	24500	109178.179493944	24500	110965.438346560	24500	111392.684490952	24500	113171.289818574	24500	114086.649524257
25000	104066.540627870	25000	115821.254135343	25000	116993.583013953	25000	119346.123432852	25000	105191.555596732	25000	108731.154959598	25000	109298.191006623	25000	110319.962427988	25000	111854.965400525	25000	112472.904635766	25000	114535.870394938
25500	102952.087377364	25500	115581.259257795	25500	117171.607350572	25500	119937.314353602	25500	106106.766904296	25500	108187.363883977	25500	109072.005329407	25500	111294.904493993	25500	111475.139017566	25500	112841.293305905	25500	115076.306727921
26000	103065.412307492	26000	114994.109604008	26000	116857.152268986	26000	119451.510012377	26000	105585.771374887	26000	107932.412352258	26000	110141.674825721	26000	110400.805343863	26000	112339.126541840	26000	112675.729090209	26000	114671.069791389
26500	102853.996311748	26500	115541.434420102	26500	117970.217602071	26500	119043.813742688	26500	106402.056917436	26500	107796.357194499	26500	110330.038751204	26500	110523.616539083	26500	112291.128161674	26500	113378.987465847	26500	115187.711584981
27000	103110.408753259	27000	115310.694712784	27000	116827.976583664	27000	119634.261673415	27000	106336.926071875	27000	107344.708121932	27000	109509.296113965	27000	111037.786376907	27000	111909.458789035	27000	112097.515639139	27000	115327.750182802
27500	102588.290264478	27500	115607.913285010	27500	116889.185258110	27500	119670.203079385	27500	106258.904215057	27500	108793.614555252	27500	109855.854366737	27500	111753.318404318	27500	111388.392233601	27500	113644.646388659	27500	114978.972170941
28000	102814.060445035	28000	115078.175920122	28000	116323.783407690	28000	119407.340911592	28000	104633.114525260	28000	108448.048230300	28000	110252.935609162	28000	110445.015429508	28000	111938.019655482	28000	112540.864183528	28000	113339.634738150
28500	103010.965466640	28500	115625.324175237	28500	117449.369169845	28500	119723.552946901	28500	106076.317792987	28500	108191.147204298	28500	109804.645095795	28500	110040.104807083	28500	111562.742493519	28500	112681.266841269	28500	114100.573190513
29000	103306.985831299	29000	115571.295196211	29000	116181.944659768	29000	119056.603465042	29000	105699.769817270	29000	107691.951592195	29000	109868.794526362	29000	110557.783302350	29000	112266.118686440	29000	112594.071346254	29000	113322.139467632
29500	102760.192099576	29500	115149.964571190	29500	117169.049328883	29500	120141.907762504	29500	105951.569116510	29500	107585.340537396	29500	109573.673490989	29500	111227.437821218	29500	110446.749345591	29500	112657.058582641	29500	113687.925003292
30000	103783.456882111	30000	114660.805569613	30000	117108.840357594	30000	119388.244860528	30000	106427.954946569	30000	108651.322813577	30000	109698.187792982	30000	110942.922242670	30000	112402.692115878	30000	113333.624698796	30000	113987.763289505
30500	102428.176919142	30500	115452.264256028	30500	116749.044266607	30500	118730.458325926	30500	105778.513053412	30500	108464.821009773	30500	108878.258664111	30500	111135.966758125	30500	112000.401672893	30500	112537.611346825	30500	114264.255378808
31000	103408.759371453	31000	115176.523294496	31000	116725.994799583	31000	119496.942533746	31000	106700.733870432	31000	108534.259065141	31000	109628.060411492	31000	110378.850485539	31000	111890.106794104	31000	112408.139006118	31000	114933.285748106
31500	103509.873394393	31500	114402.667543458	31500	116947.425257877	31500	119912.744905914	31500	106113.308484976	31500	108469.328474839	31500	110179.436667524	31500	111790.263532684	31500	111490.434989462	31500	113039.089995048	31500	113959.969524718
32000	102709.899763009	32000	115266.519108721	32000	116686.206802331	32000	119261.636361595	32000	106510.956903802	32000	108619.083685287	32000	109536.973434943	32000	111225.604939336	32000	112087.615204868	32000	113001.715091240	32000	114168.369745187
32500	102605.605898778	32500	115311.663940479	32500	116954.273034589	32500	119313.459861859	32500	105653.223032696	32500	107816.631711980	32500	108806.403133201	32500	111510.900914691	32500	112558.953907996	32500	114083.522295290	32500	114321.394144753
33000	102955.324928531	33000	115410.656125287	33000	117410.598890528	33000	119618.213225231	33000	106732.562334517	33000	107657.551913017	33000	109250.124137441	33000	110974.663680619	33000	111075.555426921	33000	112763.086152644	33000	113614.967130349
33500	102549.695273051	33500	115764.651439926	33500	117000.165810822	33500	119692.032084501	33500	106172.365485261	33500	107815.747544212	33500	110417.228412574	33500	110729.069887104	33500	113046.757052963	33500	113062.221040262	33500	113781.158236863
34000	103331.062499890	34000	114406.299272272	34000	117147.812369089	34000	120209.824900508	34000	105892.425285555	34000	109011.935038227	34000	109589.292388229	34000	111201.214894954	34000	111385.594111461	34000	113515.112766967	34000	113374.662073328
34500	103867.946692898	34500	114314.783373115	34500	116367.229264424	34500	119737.824180199	34500	106561.106121048	34500	108212.004659211	34500	109746.167054359	34500	110598.059882956	34500	112349.083432491	34500	113308.047100947	34500	113641.778128038
35000	103955.825693548	35000	115607.414887649	35000	116973.761213420	35000	120538.373874169	35000	105393.620939441	35000	106901.043921714	35000	109538.767488232	35000	110646.587953837	35000	111191.641207422	35000	112406.553525141	35000	113698.898277268
35500	104100.143294969	35500	114736.166186063	35500	116348.528664505	35500	120228.953519843	35500	105682.310454220	35500	108733.695869035	35500	109159.976715342	35500	110740.962553908	35500	111842.943980701	35500	112785.778156839	35500	114132.706429311
36000	102662.945676135	36000	113870.424503081	36000	117044.755570456	36000	119180.870889571	36000	105489.319117207	36000	108122.088658356	36000	109764.604999812	36000	110871.077946769	36000	112031.239671926	36000	112360.808980007	36000	114267.167362093
36500	103523.553958959	36500	114808.115039032	36500	116480.341082185	36500	120797.515212960	36500	105822.558810613	36500	108532.879132888	36500	109681.660719036	36500	111501.997900637	36500	111556.658041861	36500	114313.410877789	36500	114016.050373185
37000	102665.999107772	37000	115196.322103609	37000	117272.796471393	37000	119147.848944202	37000	105941.845210782	37000	109041.813930643	37000	110114.171320856	37000	111282.804769692	37000	112472.962725407	37000	112788.147771863	37000	114345.686266949
37500	103269.784101044	37500	114268.423434744	37500	117966.616656274	37500	119920.997136353	37500	106065.936109517	37500	108958.660823424	37500	110294.715893572	37500	111151.626972617	37500	112785.748128720	37500	113693.713547423	37500	114060.978864687
38000	102481.347351042	38000	115791.892141348	38000	117081.406323797	38000	120072.325789078	38000	106498.590018815	38000	108112.360097344	38000	110281.921018955	38000	111662.601618149	38000	111999.492498498	38000	113585.863479655	38000	114734.179058169
38500	103028.319629708	38500	114639.800094669	38500	117133.713820483	38500	120618.815324575	38500	104850.430394281	38500	107609.154597590	38500	109634.931306351	38500	111501.502277399	38500	111547.604901501	38500	113586.925032788	38500	114512.043378508
39000	102578.237200533	39000	115341.201041563	39000	116991.990367025	39000	119407.036815717	39000	105704.573231665	39000	109500.543065149	39000	110140.009073934	39000	111293.361801981	39000	112409.531253527	39000	114176.086634728	39000	114978.590291098
39500	102845.832470992	39500	114915.503294624	39500	116298.630357842	39500	119921.549020476	39500	106239.820840996	39500	107440.391394629	39500	109939.051166534	39500	111268.174860129	39500	112621.829186796	39500	113645.576434396	39500	114224.471667538
40000	102643.259526982	40000	114304.842624430	40000	117837.494803548	40000	119959.715233238	40000	106088.067562698	40000	108616.399443724	40000	109220.802578314	40000	110682.927867516	40000	111570.091992886	40000	113855.428038277	40000	114145.722799080
40500	103387.894500940	40500	115519.115325841	40500	117123.686852281	40500	119766.765258771	40500	106334.121771992	40500	108337.588129453	40500	109380.242988051	40500	110400.241336173	40500	111919.795821143	40500	113352.845532166	40500	113689.238871009
41000	102732.235112354	41000	116407.364430355	41000	117769.411845092	41000	119601.643260449	41000	105601.029341788	41000	108783.341164164	41000	109002.124955311	41000	111724.984772882	41000	112165.518306553	41000	113139.519371462	41000	114745.012016524
41500	103773.173549978	41500	115729.103909877	41500	118023.425917223	41500	120480.920265918	41500	106411.763736978	41500	108334.197717559	41500	109459.025006468	41500	110304.075503371	41500	111108.982570436	41500	112870.308481025	41500	114652.371974088
42000	103418.105422251	42000	115491.828446749	42000	117228.099559548	42000	119827.287451803	42000	105612.006690534	42000	107446.571303166	42000	108806.292351362	42000	111008.767203525	42000	112326.067656320	42000	113460.641098992	42000	114015.399241274
42500	103341.707452020	42500	114538.017526937	42500	117365.057957334	42500	119615.845104859	42500	106311.104555274	42500	107967.153961875	42500	109642.514527307	42500	110786.881823587	42500	113060.899902933	42500	113966.917039355	42500	114555.076421308
43000	102595.094997110	43000	114431.105505132	43000	117670.182286154	43000	119178.645018224	43000	105410.443653798	43000	108147.638883286	43000	109483.481642091	43000	110042.251045678	43000	111353.822105906	43000	113076.931332033	43000	114089.876724999
43500	104052.775827961	43500	114448.652209554	43500	117097.204940218	43500	119609.887973350	43500	105216.679695183	43500	108333.812798121	43500	108854.974495857	43500	110811.423323568	43500	111240.157004273	43500	113102.212777069	43500	114379.580498311
44000	103350.053354480	44000	115080.169547819	44000	118220.303771827	44000	120037.943501086	44000	105802.506705428	44000	108730.280964552	44000	110583.367628958	44000	110868.152257161	44000	112267.922756413	44000	113627.237954846	44000	114575.942635825
44500	103778.152296265	44500	115376.678130457	44500	116772.897337576	44500	120257.020517644	44500	105322.323348945	44500	108478.917791265	44500	109513.493863725	44500	110922.553851987	44500	111988.604299084	44500	113057.135716045	44500	114564.294375181
45000	103135.092389543	45000	115368.650058466	45000	116886.953604194	45000	119722.837458242	45000	105942.593958946	45000	108869.438550385	45000	109465.829287140	45000	110479.459757082	45000	112144.574175379	45000	112566.798902690	45000	115551.463948889
45500	103522.074752880	45500	115187.816932210	45500	116892.352384657	45500	119606.214654127	45500	105479.328114036	45500	108499.199752568	45500	109366.271784378	45500	110635.787752820	45500	112674.043066110	45500	114146.220483137	45500	114784.330121375
46000	103818.881341540	46000	114717.882796962	46000	117655.547373114	46000	121049.105826525	46000	105336.793051403	46000	109617.441030754	46000	110225.776273231	46000	111501.677271443	46000	112699.924222441	46000	114228.240951104	46000	114898.327027256
46500	103468.789929723	46500	115779.618538120	46500	116279.698751066	46500	119522.246866137	46500	105892.897574420	46500	108451.119294971	46500	109102.173705182	46500	110854.427080395	46500	111621.229222848	46500	112523.228707635	46500	113892.470952636
47000	103156.484089253	47000	116180.765711215	47000	116922.606553416	47000	120571.280373151	47000	105348.914268013	47000	107884.140530259	47000	109176.487340443	47000	111669.891622861	47000	111715.144020468	47000	113024.762782829	47000	114072.532474638
47500	102847.193850416	47500	115315.230808959	47500	117183.260350239	47500	119398.347462412	47500	105673.395211196	47500	108798.518679568	47500	109637.696990127	47500	111519.835229164	47500	112440.314371447	47500	113145.554418945	47500	114173.092653932
48000	102110.437311656	48000	115480.926625605	48000	117083.492790241	48000	120146.742549144	48000	106186.324086197	48000	108253.460655023	48000	109638.748323040	48000	110712.055312155	48000	111586.962374153	48000	112566.998121808	48000	113860.833803545
48500	103202.268304643	48500	114624.484122773	48500	116661.799994871	48500	119610.908073732	48500	105845.301180242	48500	108105.213809269	48500	110150.739669114	48500	111411.129415207	48500	111535.243188908	48500	112995.827615950	48500	113705.402742271
49000	102616.595895232	49000	115315.755851557	49000	117971.777058293	49000	120107.499208281	49000	105345.950656961	49000	108998.709299056	49000	109295.055991947	49000	110109.784005089	49000	111442.107030064	49000	113338.852081409	49000	114252.733144375
49500	102319.105719538	49500	116035.155934742	49500	117317.929596663	49500	119588.152433858	49500	105955.120267004	49500	108530.444296176	49500	109643.847808560	49500	111778.699068546	49500	111623.992924401	49500	113218.020145325	49500	114584.936910091
50000	103137.427678222	50000	114547.787360322	50000	116553.930165015	50000	119345.262467117	50000	105285.382976649	50000	108367.635870720	50000	109182.439266406	50000	110790.411782660	50000	111830.165106076	50000	113332.282145873	50000	114459.033169944
50500	102719.998543024	50500	115943.966397052	50500	117500.972136504	50500	119903.729815270	50500	105887.499184861	50500	107654.574474225	50500	108728.067074689	50500	110618.749518874	50500	113356.057172003	50500	113384.620286371	50500	114536.686759264
51000	102346.462328200	51000	113587.776265039	51000	116167.446827182	51000	119271.844470895	51000	105115.335824566	51000	108494.330688315	51000	109164.206412516	51000	110420.126611494	51000	111016.806583420	51000	113191.281832448	51000	114902.800511176
51500	103808.712910101	51500	114798.775846377	51500	117413.049666106	51500	119557.540625977	51500	106116.815810885	51500	108285.038533869	51500	109339.647423388	51500	110948.562603864	51500	112123.990014858	51500	113049.184757412	51500	114227.599619933
52000	103388.129958206	52000	115324.693825256	52000	116563.975764525	52000	119203.380130637	52000	106380.708054158	52000	108785.761368257	52000	109598.295420004	52000	111508.063397252	52000	111941.153232422	52000	113144.397946701	52000	114468.968240340
52500	103150.829200406	52500	115094.575169728	52500	117090.488471649	52500	118835.368352004	52500	105266.636374861	52500	108692.738298485	52500	109771.765470257	52500	111027.897533245	52500	112887.518509196	52500	113208.252967550	52500	114287.585207577
53000	102946.079672958	53000	115061.364101374	53000	117204.629858829	53000	119751.809799717	53000	106281.356590855	53000	108455.600841499	53000	110187.941654180	53000	110661.136667096	53000	112073.567153484	53000	113191.321439861	53000	114425.982541494
53500	103444.098508997	53500	114907.189607963	53500	116730.393524508	53500	119252.352341508	53500	105991.399744289	53500	108064.750197859	53500	109922.761947277	53500	110495.499671500	53500	112187.170109644	53500	112406.866807278	53500	114676.897765069
54000	103926.081590744	54000	115358.634034094	54000	117545.592637735	54000	119734.422737102	54000	106130.912019142	54000	109117.828042439	54000	109782.950291909	54000	110655.744401606	54000	111903.432920638	54000	112762.392814424	54000	114747.917790429
54500	103148.055532543	54500	114681.676978898	54500	116147.195935451	54500	118922.927152311	54500	106016.812172863	54500	108261.992996557	54500	109815.335600151	54500	109997.982924435	54500	111910.480550059	54500	113098.739329041	54500	114234.452442763
55000	103322.858681300	55000	116223.638678548	55000	117231.398321381	55000	119615.406486762	55000	105691.519108547	55000	108668.135093255	55000	109579.118808709	55000	110892.353767899	55000	111817.545645569	55000	113729.127567588	55000	113965.143941179
55500	103339.563960604	55500	115690.171082085	55500	117397.372673102	55500	119580.846681159	55500	105891.596079115	55500	109876.456692673	55500	110777.619891922	55500	111327.342242284	55500	112224.549213359	55500	113273.038077775	55500	114333.791591846
56000	103678.118497247	56000	114306.416772894	56000	117257.234306610	56000	119243.887227676	56000	106497.188526698	56000	108991.458750640	56000	109841.914828208	56000	111702.537703358	56000	113247.350026018	56000	113324.755938744	56000	113298.404346488
56500	103374.793804489	56500	114979.257346613	56500	116927.491900071	56500	119617.702522897	56500	105103.089752076	56500	107930.220737061	56500	109013.561536657	56500	111523.492778648	56500	111724.671941531	56500	113239.369839585	56500	114003.500537092
57000	103394.592748361	57000	115428.983662187	57000	116935.122221704	57000	120470.617428093	57000	105526.832322801	57000	108497.418229811	57000	109629.828315487	57000	110964.825442677	57000	111579.028544130	57000	113823.102301655	57000	114651.095906619
57500	103027.534568563	57500	115731.840493869	57500	117041.196201008	57500	119189.040071037	57500	105167.657840561	57500	108392.193715595	57500	109616.170675645	57500	109419.345362081	57500	111271.579546920	57500	112987.250375307	57500	114116.160497588
58000	102903.129044109	58000	114969.093535050	58000	117032.308460415	58000	119505.507194038	58000	105162.522412931	58000	108287.861835694	58000	109702.163954582	58000	111105.640840206	58000	112087.546232836	58000	112602.753388369	58000	113719.946354386
58500	103572.819971497	58500	115816.790942896	58500	116769.729972178	58500	119780.568756985	58500	105573.479761948	58500	107826.614567260	58500	110662.099343137	58500	110444.660739993	58500	110757.785146630	58500	113134.853231664	58500	114582.922963386
59000	103799.050599637	59000	115472.922907653	59000	117809.000640765	59000	119234.762209275	59000	106064.185550107	59000	108794.160623113	59000	109693.817483303	59000	111403.953068227	59000	111991.852713686	59000	114046.098934757	59000	114669.198864776
59500	103341.152287320	59500	115569.567533343	59500	116970.572237349	59500	120354.251186032	59500	106386.371224351	59500	107879.090765350	59500	108216.104717094	59500	111081.819844669	59500	111358.105650745	59500	112934.273136585	59500	113908.103473447
60000	102889.970163198	60000	115469.000406615	60000	117091.113391514	60000	119520.931762160	60000	106778.127195769	60000	109198.376340863	60000	109940.319612130	60000	111528.270286768	60000	111801.000039525	60000	112800.769966569	60000	114405.416874079
60500	102316.413158094	60500	116022.156608493	60500	116522.040608794	60500	118642.807335703	60500	104997.054933277	60500	107983.054089371	60500	109664.571671607	60500	111415.657616012	60500	111881.811871583	60500	112946.114846816	60500	114396.269105413
61000	104250.100736634	61000	115136.587863054	61000	117270.105294212	61000	119823.079338510	61000	105185.587777955	61000	109279.890670132	61000	109005.010482472	61000	110231.665326111	61000	112355.484053360	61000	113813.642624368	61000	112792.112904340
61500	102893.377451873	61500	114974.782385245	61500	117625.595863964	61500	119930.154024573	61500	106345.453895567	61500	109163.772288118	61500	110970.962911708	61500	111277.695470168	61500	112188.614757294	61500	114043.644160206	61500	114441.283803841
62000	103773.760575464	62000	114818.528646268	62000	116621.055900741	62000	119912.096289416	62000	104975.436825553	62000	107734.505259154	62000	110246.371955594	62000	110620.867270875	62000	111328.976847408	62000	112933.936805944	62000	114773.560660148
62500	102924.987582861	62500	115219.722403609	62500	117200.803045305	62500	120560.123303583	62500	106480.531202241	62500	108675.102322541	62500	109502.914052071	62500	110810.687613042	62500	111796.260953384	62500	113077.855354076	62500	114470.744759547
63000	103124.410530399	63000	115278.337742224	63000	116999.702002531	63000	119453.781643813	63000	105905.169391782	63000	109044.307181820	63000	109994.203890622	63000	110872.506543832	63000	112341.646428479	63000	113097.273220855	63000	114568.597954889
63500	103920.723464787	63500	114946.845941955	63500	117286.691968465	63500	119238.414942173	63500	106164.279721404	63500	109145.154299084	63500	110124.203477054	63500	111328.647049912	63500	112053.699722435	63500	113144.438000179	63500	114877.117560032
64000	102796.937448595	64000	115413.796707998	64000	117221.026232196	64000	119748.205298656	64000	105703.395156338	64000	109265.376301846	64000	110437.593053113	64000	110920.200368870	64000	112171.975559591	64000	112963.497579948	64000	113871.693235715
64500	102894.234635076	64500	114760.184180345	64500	117014.793612489	64500	119853.670299559	64500	106198.675510131	64500	108068.243891020	64500	110159.246158774	64500	109933.530675566	64500	112307.943670486	64500	112709.361345211	64500	114564.910016414
65000	103188.496707718	65000	114917.791888060	65000	117163.503602142	65000	120131.716587489	65000	105089.363549073	65000	107919.683454739	65000	110064.970040288	65000	111594.578865342	65000	112197.606544121	65000	113563.706877948	65000	114774.690007902
65500	103461.235936455	65500	115211.332405669	65500	117720.818763804	65500	117948.023877473	65500	105242.519992835	65500	109328.130072694	65500	109812.858443996	65500	110155.280862093	65500	111723.060125913	65500	113085.098594264	65500	114448.869707969
66000	103287.993020255	66000	115059.465979674	66000	116851.605600436	66000	119151.813894216	66000	106259.166720659	66000	107363.005415201	66000	109543.243216832	66000	110303.256255690	66000	111763.163615533	66000	112834.960072035	66000	114589.331520484
66500	102590.403042780	66500	115642.415411579	66500	116762.325563403	66500	118838.083757596	66500	106148.736879434	66500	108174.369929276	66500	109988.839003372	66500	111013.945458242	66500	111605.167339043	66500	112861.404677566	66500	114173.601312404
67000	102871.304767217	67000	115628.147898307	67000	117258.610974628	67000	119270.651052472	67000	105338.389722998	67000	109017.777477111	67000	108828.148802297	67000	111395.748284272	67000	111824.946555436	67000	112863.298833695	67000	113829.670910264
67500	102660.123100757	67500	114779.873265527	67500	117694.908928340	67500	119952.288218763	67500	106835.141383970	67500	108497.111088228	67500	110526.061608448	67500	110973.306919111	67500	111395.752082894	67500	113359.251462888	67500	114434.202160445
68000	103130.662832533	68000	114506.490526473	68000	117284.075808503	68000	118781.251098056	68000	106237.425430173	68000	108625.642996667	68000	108837.181559772	68000	111130.506186254	68000	111681.986265054	68000	113255.776218803	68000	113422.569636847
68500	102693.383502560	68500	115358.973514584	68500	116735.570721924	68500	119272.174319322	68500	105770.877349305	68500	108346.969187579	68500	109085.027285990	68500	110877.271221483	68500	111358.220676063	68500	112552.480438475	68500	114083.071166904
69000	103445.218888601	69000	115025.158439895	69000	117315.210120787	69000	120087.004238120	69000	106642.267913541	69000	109255.823708897	69000	109558.885513947	69000	110266.398050016	69000	112485.942295980	69000	112856.393081274	69000	114360.429726793
69500	103069.060647204	69500	115215.164625986	69500	116054.994307532	69500	119767.654624979	69500	106353.157885725	69500	108905.278769164	69500	109043.420257045	69500	110985.218304437	69500	112205.300375319	69500	113627.157069341	69500	114074.871119292
70000	103751.173141864	70000	115339.473762589	70000	116490.670263712	70000	119863.202656815	70000	105254.208440703	70000	108614.323743241	70000	109293.888256481	70000	110818.297620743	70000	112067.585725351	70000	113378.731372382	70000	114646.250529018
70500	102981.245972618	70500	115356.509609950	70500	117734.412076957	70500	119873.835998289	70500	106011.492055745	70500	109290.595365860	70500	109647.439928343	70500	110923.366023751	70500	112361.306343541	70500	113002.904347368	70500	113978.095874406
71000	102090.822740889	71000	115006.610334585	71000	117639.283134518	71000	119960.929422543	71000	105932.227373804	71000	108245.705936724	71000	109527.653058028	71000	110525.612086687	71000	111551.487030577	71000	112955.836231462	71000	113765.124319541
71500	103592.779321559	71500	113876.275596749	71500	116582.031660116	71500	119409.711100269	71500	105173.229395036	71500	108106.855017219	71500	109878.458495781	71500	110118.064082984	71500	112128.081265999	71500	111719.350231021	71500	113898.791163444
72000	103144.361219743	72000	114995.030768088	72000	117438.299109859	72000	118808.933317009	72000	106869.771815828	72000	108408.886095181	72000	110547.066199355	72000	111702.805006432	72000	111370.457305126	72000	113445.984638933	72000	115766.351924104
72500	102745.299028686	72500	114922.460367808	72500	116938.288122819	72500	119751.292103645	72500	105585.405873029	72500	109066.958550417	72500	109891.217049903	72500	110923.908310189	72500	112378.056539951	72500	113352.450124876	72500	113705.843215443
73000	103207.223897957	73000	115555.427867332	73000	117305.418892357	73000	119586.233870531	73000	106472.749285087	73000	108838.366659167	73000	110773.582916661	73000	111570.416676458	73000	112712.489283386	73000	113164.968428170	73000	114467.437338143
73500	103178.439381608	73500	115396.053465246	73500	116840.647674206	73500	119763.848276846	73500	105543.992532074	73500	108770.312892819	73500	110493.823408056	73500	110523.975015585	73500	112031.779285809	73500	112547.360968441	73500	114166.773791516
74000	102804.682970819	74000	115311.293147956	74000	117265.064734421	74000	119350.083119800	74000	105676.368197150	74000	108268.416853212	74000	109560.259644090	74000	110573.516012453	74000	111696.614635024	74000	112445.582638106	74000	114779.518116801
74500	103331.929064322	74500	115012.989832807	74500	117317.113208425	74500	119288.052437755	74500	106204.405958803	74500	107644.555491839	74500	110576.529118239	74500	110548.947689065	74500	111368.968831527	74500	113472.546480692	74500	114298.978785971
75000	103473.797874630	75000	114899.559617717	75000	116968.071057533	75000	119540.306222121	75000	105456.237165885	75000	108936.590970509	75000	110229.964268278	75000	110814.700140667	75000	112745.691217997	75000	113431.209778766	75000	114309.482691690
75500	103076.559157206	75500	115261.281158065	75500	116329.948854274	75500	119830.328713648	75500	106003.436549345	75500	109166.944121824	75500	109236.694253710	75500	110974.522968723	75500	111869.458003250	75500	112916.846776695	75500	114401.548072685
76000	102755.255658977	76000	114892.431839184	76000	117277.590706224	76000	120300.369664076	76000	106528.818490940	76000	108041.621408769	76000	110253.788192849	76000	111005.038765955	76000	111439.392262960	76000	112462.597527926	76000	113849.264983340
76500	103111.862397116	76500	114586.828231874	76500	116921.711206429	76500	119788.094221548	76500	105565.974586687	76500	108438.658973520	76500	110174.868185075	76500	111272.820189762	76500	112627.968761690	76500	113197.730688698	76500	113070.000406149
77000	103596.467911056	77000	115243.175770155	77000	116878.434367693	77000	119760.123595359	77000	105752.584037454	77000	108142.598705829	77000	109543.546643215	77000	110997.028534260	77000	111543.428973441	77000	113169.268700611	77000	113186.144770644
77500	102924.004195280	77500	114828.598496275	77500	117251.344910988	77500	120240.340970998	77500	106047.404003157	77500	108002.160436240	77500	109551.209921456	77500	110137.796312428	77500	111711.751245657	77500	113559.163563619	77500	113387.232836853
78000	103086.403858414	78000	115366.990510301	78000	117335.965240214	78000	119335.444822089	78000	105314.559573805	78000	109102.302775501	78000	109242.462469719	78000	110872.134459483	78000	111454.458559563	78000	113695.513173035	78000	114702.056027400
78500	104051.910798668	78500	115308.403710805	78500	118122.494508879	78500	120014.685025513	78500	106270.972189545	78500	108745.780929407	78500	109205.979360253	78500	112296.586247007	78500	112023.713853923	78500	113074.083706620	78500	114376.320271727
79000	103751.785727970	79000	115587.219696120	79000	116475.578752515	79000	119719.476056224	79000	105443.620419877	79000	108667.358247499	79000	109479.103016214	79000	111366.900785353	79000	111841.263677500	79000	113266.061099684	79000	114234.509199809
79500	102092.903469992	79500	115573.870917946	79500	116991.128800213	79500	118516.449460363	79500	106198.640782080	79500	108373.998787429	79500	110478.342126975	79500	111390.683897759	79500	112605.834634439	79500	113292.451160149	79500	114399.553946103
80000	102914.581011789	80000	115494.056547448	80000	116993.070569766	80000	120256.786445815	80000	106204.425151565	80000	108653.449183643	80000	109878.437033453	80000	110513.198339658	80000	112128.545821207	80000	113314.597224984	80000	115311.245187656
80500	103200.215406244	80500	114516.934171755	80500	117152.886793953	80500	119866.691420187	80500	107207.789758080	80500	108674.660996844	80500	110306.907303821	80500	110761.822057552	80500	111448.096869635	80500	112835.587254604	80500	113753.104310842
81000	102957.326087191	81000	114623.611564970	81000	117047.490975812	81000	119123.105339594	81000	106314.783468857	81000	108100.150808069	81000	109513.741934491	81000	111727.230884396	81000	111297.989244625	81000	112922.524469650	81000	113516.841204589
81500	103149.195696009	81500	114199.024145759	81500	117717.419494796	81500	119806.390821941	81500	105912.997066383	81500	108601.989527227	81500	110587.883331304	81500	110714.103937463	81500	113486.741586224	81500	112661.714273111	81500	115723.231625207
82000	104420.129349364	82000	115163.673718513	82000	116329.172431214	82000	120088.564246510	82000	105395.246588080	82000	108550.486554540	82000	109377.618955288	82000	111854.872584351	82000	111797.871598962	82000	112939.044159982	82000	113988.701350087
82500	103826.972472140	82500	115087.597312368	82500	117210.362254841	82500	119908.297913335	82500	104982.928838025	82500	108222.910000448	82500	109736.066350317	82500	111297.931515754	82500	112108.942536972	82500	113776.910112234	82500	114206.873024521
83000	103478.350639387	83000	115408.244780882	83000	116356.883463091	83000	120164.189663980	83000	105872.882487431	83000	108740.029018676	83000	109381.981919844	83000	111508.968253671	83000	111656.482360661	83000	114172.028891173	83000	114727.518111406
83500	101918.871546655	83500	114993.870178514	83500	117498.971658166	83500	119096.373438808	83500	104779.381680427	83500	108088.206039013	83500	108852.605712741	83500	111354.221598252	83500	112406.434225974	83500	113224.106668845	83500	114704.623123474
84000	102675.281122514	84000	115412.682114604	84000	116758.153430108	84000	119540.126943022	84000	106389.157879699	84000	108899.655931859	84000	110110.062156661	84000	111134.223924198	84000	112466.531042282	84000	113794.699933011	84000	114542.846739228
84500	102092.987436953	84500	114788.041525229	84500	116913.018321805	84500	119202.389743248	84500	106113.623031970	84500	108803.584369458	84500	109326.354151909	84500	111582.618790906	84500	112420.687563141	84500	112868.682264523	84500	114528.374288381
85000	102615.106711614	85000	114907.232377168	85000	117430.816168565	85000	119832.738380046	85000	105442.860789704	85000	108624.519243080	85000	110003.439426092	85000	111207.041012172	85000	112456.359899016	85000	112894.671262096	85000	114935.385482235
85500	103457.191644434	85500	115025.376582704	85500	117636.042068175	85500	119053.292087379	85500	105782.963112229	85500	109201.015432815	85500	109075.414548942	85500	110902.778579338	85500	111662.074457646	85500	113767.875693025	85500	113460.274513079
86000	103288.105368484	86000	114753.103411629	86000	117719.847943038	86000	120089.160282541	86000	106267.126911085	86000	108315.209514632	86000	109437.117919996	86000	110666.196774674	86000	110822.362891209	86000	112813.042413342	86000	114364.209001702
86500	103125.522144013	86500	114697.407262082	86500	116856.152682012	86500	119101.508541294	86500	105799.537711215	86500	108253.921237992	86500	110120.181642166	86500	110816.786859204	86500	112164.736325126	86500	113389.654083378	86500	114592.452595000
87000	103232.592177971	87000	114834.313212135	87000	117104.977379661	87000	119248.993070690	87000	105936.614429667	87000	107809.232753356	87000	110443.705944670	87000	110718.405426103	87000	111393.898651061	87000	113191.778470162	87000	114208.495201628
87500	102975.948170239	87500	114510.725535322	87500	117085.301860588	87500	119274.257136159	87500	105229.343696405	87500	108456.157457884	87500	109165.381011439	87500	111281.517032452	87500	112504.186374839	87500	113179.052998501	87500	113340.789443268
88000	103863.558161638	88000	115429.516507492	88000	117016.011733969	88000	120104.934384835	88000	105839.494511304	88000	108186.467333319	88000	109657.463813196	88000	110976.013019645	88000	112292.897300570	88000	113453.802325880	88000	114908.688897301
88500	102942.954200928	88500	114808.606362616	88500	117244.953014440	88500	119493.716952425	88500	104877.125412180	88500	108226.129871820	88500	109846.904400121	88500	111368.104048591	88500	111808.521349723	88500	112581.787312354	88500	114074.577733967
89000	102187.768761542	89000	115463.536952783	89000	117016.818402617	89000	119302.636623070	89000	106288.275805997	89000	108864.937112272	89000	110266.851946013	89000	110373.894426056	89000	111396.265614549	89000	113283.146211185	89000	115191.769430930
89500	103015.526140808	89500	114806.044932852	89500	116490.665143752	89500	119029.970924722	89500	105983.043067483	89500	108859.655038685	89500	109285.985681286	89500	111018.220780402	89500	111325.762104921	89500	112783.745959295	89500	114190.041061033
90000	103772.809578235	90000	115574.681659589	90000	116822.340271198	90000	119520.958513997	90000	105473.483088486	90000	108480.085328053	90000	109724.461360990	90000	110542.582181792	90000	112781.432356339	90000	112490.809300971	90000	113843.456496210
90500	102186.883203257	90500	114951.810434205	90500	116329.540427329	90500	119699.161753882	90500	106503.857491332	90500	108420.603230766	90500	110429.121478819	90500	110289.307799456	90500	112378.125898818	90500	112975.172151686	90500	114160.517248179
91000	102639.955634902	91000	115288.029291942	91000	117356.398919621	91000	119639.820413648	91000	106072.973550831	91000	108750.910709564	91000	109465.402973372	91000	110141.557010044	91000	111416.690616031	91000	112744.259156343	91000	113705.736238562
91500	102883.492335178	91500	115850.627668654	91500	116937.040466063	91500	119604.069849711	91500	106279.079648677	91500	108582.027632389	91500	109678.660127354	91500	110583.510802044	91500	111435.300994156	91500	112140.743704816	91500	114128.532783977
92000	103986.378369362	92000	114980.956406729	92000	117414.520280482	92000	120302.219935364	92000	105513.789343839	92000	107773.570945931	92000	109510.810967673	92000	110782.883187067	92000	111210.796619373	92000	112922.562326303	92000	114275.159740718
92500	103812.919342141	92500	114840.606312755	92500	118030.078510910	92500	119832.163983241	92500	105552.715368912	92500	109675.915620567	92500	108995.479031216	92500	111579.847225685	92500	111887.967136339	92500	113391.256026308	92500	115278.965606541
93000	103096.251082104	93000	115246.927285618	93000	116988.977864553	93000	120690.189864931	93000	106457.899361436	93000	109853.590520705	93000	110478.222951677	93000	111157.677007456	93000	112596.527179499	93000	113510.199815577	93000	114464.983614426
93500	102926.619021581	93500	115263.224778390	93500	117118.556033417	93500	120099.907770760	93500	105237.782579567	93500	108300.997961282	93500	109760.392361825	93500	110983.179597982	93500	111888.493244894	93500	113418.328754644	93500	114407.055814665
94000	102372.840384680	94000	115632.580470593	94000	117760.823303365	94000	119869.496340461	94000	105609.772018207	94000	107876.974830691	94000	109331.074163232	94000	111853.346677463	94000	112030.316417462	94000	112924.536741431	94000	115106.332575714
94500	102373.284483178	94500	114994.607578957	94500	116165.093134407	94500	119432.243814758	94500	106119.186894103	94500	107962.883682191	94500	110750.944037415	94500	110521.898206778	94500	111212.151687807	94500	113013.366228638	94500	114352.817697516
95000	103253.302324479	95000	115615.486765920	95000	117071.383653609	95000	119660.670044470	95000	105633.239117103	95000	108817.585445071	95000	110334.300336823	95000	110655.625806000	95000	112886.758792332	95000	113546.880853227	95000	115527.287532140
95500	103710.580729289	95500	115051.997532779	95500	116785.620344213	95500	120026.187837913	95500	106041.253523451	95500	108672.751874598	95500	109398.363871328	95500	111608.519274306	95500	112828.170804199	95500	113549.971906383	95500	115096.791500338
96000	101979.994359423	96000	115183.790850613	96000	117565.702877642	96000	119322.673394909	96000	106501.945727001	96000	107949.649967996	96000	109510.023349339	96000	111195.000174235	96000	113051.600072167	96000	113141.484604377	96000	113695.141955642
96500	103294.617695184	96500	115489.018871452	96500	117246.084777728	96500	119267.834433021	96500	105312.952477468	96500	108638.283114269	96500	109022.985280465	96500	111354.919882299	96500	111829.791576796	96500	113705.076831361	96500	115005.371405590
97000	103928.439141847	97000	115040.298826843	97000	117046.739340709	97000	119796.194677724	97000	106086.473935994	97000	108518.054262475	97000	109580.102936585	97000	111883.805756207	97000	112640.170069080	97000	114630.134765328	97000	114053.994108673
97500	103349.499637927	97500	114181.661720728	97500	116505.302798962	97500	118912.505673130	97500	105928.731953591	97500	108353.159125261	97500	110706.152609901	97500	109906.952970475	97500	111767.335059786	97500	113228.237288414	97500	113677.026793365
98000	103711.176038362	98000	115857.691125904	98000	117857.223447971	98000	120271.237652124	98000	105488.771493122	98000	107834.826521041	98000	109775.377809302	98000	110867.366164933	98000	111884.921346917	98000	113478.966685534	98000	114152.743986946
98500	102393.018084159	98500	114808.666828225	98500	117421.640495095	98500	119125.220171257	98500	105672.928039299	98500	108130.639657445	98500	110185.096192451	98500	110538.712724228	98500	112031.637978549	98500	113832.383544628	98500	115179.033363672
99000	103045.340294909	99000	115113.703201280	99000	116507.222885885	99000	119274.027809863	99000	106097.795582531	99000	107581.196848444	99000	108925.194318824	99000	110529.895769500	99000	112145.887494090	99000	113042.764205662	99000	114133.330703507
99500	103574.867281641	99500	115121.038802730	99500	116718.331620925	99500	119390.268239316	99500	105753.615446530	99500	107876.784769062	99500	109743.486814030	99500	110101.140043121	99500	110997.776964092	99500	113024.763948059	99500	114205.796708533
100000	102816.063155842	100000	114790.023757170	100000	117162.469634803	100000	119200.795576880	100000	105651.839432923	100000	108509.161507604	100000	110210.116343587	100000	111734.567957329	100000	111316.564714927	100000	112957.706450790	100000	114041.284604279
