#	SIM_20_0.05_0		#	SIM_20_0.05_-10		#	SIM_20_0.05_-12		#	SIM_20_0.05_-15		#	SIM_20_0.05_-2		#	SIM_20_0.05_-4		#	SIM_20_0.05_-5		#	SIM_20_0.05_-6		#	SIM_20_0.05_-7		#	SIM_20_0.05_-8		#	SIM_20_0.05_-9	
1	173092724.662275	1	193740476.208115	1	191353605.521481	1	194854893.908289	1	179437107.003198	1	179519497.928697	1	183155556.451933	1	184951422.723330	1	188097127.950778	1	186906044.217221	1	190036605.213523
500	171160895.261077	500	192147830.128514	500	193345625.735088	500	196440531.839087	500	176913157.221041	500	181841225.182820	500	182259417.843412	500	184037589.222745	500	185332885.384138	500	187281203.201088	500	190619131.129181
1000	172213449.825995	1000	191384610.605107	1000	191977242.784111	1000	197029688.079122	1000	176815637.353298	1000	182109423.152545	1000	182820871.436018	1000	184213410.423876	1000	187606043.507742	1000	188262953.062262	1000	189518394.415283
1500	173363689.251439	1500	191238582.700578	1500	192621605.958880	1500	195743059.465378	1500	179167402.635895	1500	183584516.627541	1500	184806371.930792	1500	184338395.729480	1500	186347781.381836	1500	187929351.433368	1500	188465789.932480
2000	174387387.910007	2000	192605963.984116	2000	192944556.675790	2000	195330155.009120	2000	177139463.040181	2000	179066521.180901	2000	183652507.339771	2000	184276414.342272	2000	186547258.473170	2000	188321435.103024	2000	191044578.282685
2500	172252431.052081	2500	192922975.377116	2500	192553352.363712	2500	195735977.900324	2500	178221687.747636	2500	181925473.188280	2500	184478745.559994	2500	184571515.784259	2500	187318763.916739	2500	189141262.560257	2500	189726551.032095
3000	173335720.691013	3000	191448617.148747	3000	193528554.249088	3000	198850559.522222	3000	179214980.639204	3000	181488638.889410	3000	183006030.159603	3000	184769394.830114	3000	187164299.958165	3000	187874157.253351	3000	189996479.358688
3500	173190514.899099	3500	195863221.476706	3500	194091134.954439	3500	198478845.436934	3500	176255082.197757	3500	182249425.456949	3500	182923181.407583	3500	186539428.850638	3500	187691650.825709	3500	189646370.311738	3500	187892996.204044
4000	172289826.394020	4000	189452405.513662	4000	196054369.018451	4000	195056138.737098	4000	176917918.174900	4000	180968954.704354	4000	183972733.994380	4000	181866227.863146	4000	188195135.332516	4000	190091703.791669	4000	188894141.627968
4500	172247996.384037	4500	191966684.406531	4500	194178682.885221	4500	196555841.020465	4500	177789511.728946	4500	180697120.111560	4500	185289491.648020	4500	184250973.182262	4500	186735364.656154	4500	188567629.586485	4500	188696888.933762
5000	172232193.969793	5000	191788751.527604	5000	190904151.165586	5000	197689737.084334	5000	177652954.105175	5000	181887837.708010	5000	182117920.300214	5000	184965805.585684	5000	186490313.576734	5000	187326943.442751	5000	188267522.948238
5500	169954134.299300	5500	193206697.201547	5500	194347313.465518	5500	197042953.086005	5500	177704231.654443	5500	180629233.019145	5500	183217739.975949	5500	185444340.682542	5500	186382914.586786	5500	189610742.994494	5500	190807982.248749
6000	172444625.746614	6000	190904368.599261	6000	193205402.762874	6000	198183054.856672	6000	177808150.034589	6000	181083112.971684	6000	182866873.929237	6000	184258532.203435	6000	185453585.895065	6000	187543626.719261	6000	190917501.639303
6500	172836098.190009	6500	192927271.692338	6500	192856689.694760	6500	196984346.021407	6500	175548602.844034	6500	180799033.115966	6500	185226791.021894	6500	187440357.889528	6500	183729431.063780	6500	187776976.937006	6500	190221675.487678
7000	175662048.202091	7000	190242395.629172	7000	195074527.249771	7000	198275613.677321	7000	178289196.467759	7000	181993262.924150	7000	183460622.838563	7000	187555587.088702	7000	186333664.545159	7000	188701999.197050	7000	191517461.031934
7500	173024502.127650	7500	191915032.283187	7500	193823241.784952	7500	195739965.729099	7500	177154252.890143	7500	179520641.245898	7500	184376305.748566	7500	186317337.124470	7500	186949367.462026	7500	187876763.470594	7500	189852466.275206
8000	173686086.422804	8000	193133639.616540	8000	194509830.059214	8000	196998942.863304	8000	177517638.359952	8000	181885380.892601	8000	183457877.259936	8000	185466322.453610	8000	188113279.244100	8000	189098435.488309	8000	190951341.055010
8500	173446321.229916	8500	192337692.176464	8500	192848429.155995	8500	194838099.294496	8500	178540934.984728	8500	181164364.805099	8500	182891341.327279	8500	183444665.527686	8500	187816265.893557	8500	187726964.516076	8500	191088880.699411
9000	171285718.162155	9000	190187142.079015	9000	193589711.065018	9000	196366494.186306	9000	179179148.201197	9000	180183949.557745	9000	183314664.106657	9000	182800277.504142	9000	185828736.466801	9000	189147809.803913	9000	189328832.827425
9500	173156895.250113	9500	189903441.740723	9500	192700945.290399	9500	196016699.137642	9500	178824166.016295	9500	180428299.291504	9500	184555720.376826	9500	183821898.222179	9500	187407554.384524	9500	190234549.342035	9500	190330292.293153
10000	172731016.909678	10000	191051590.753958	10000	192990715.730256	10000	196611374.910175	10000	178116632.270810	10000	181374172.299283	10000	182181556.474204	10000	186579455.956983	10000	187308050.654138	10000	188420929.680283	10000	191876004.165265
10500	172697097.994683	10500	191338023.452169	10500	196195601.056916	10500	196807677.195597	10500	179623351.054143	10500	181175227.657174	10500	182156324.539497	10500	185249757.135815	10500	187347650.016615	10500	188605099.485166	10500	189646818.047709
11000	173271026.863097	11000	190541188.729233	11000	193246980.559697	11000	196204639.234762	11000	178900374.250553	11000	181395915.259772	11000	182621765.403994	11000	185558637.078297	11000	188483073.187574	11000	187609511.932566	11000	189730849.678119
11500	173306148.755441	11500	193068698.126913	11500	192290998.044864	11500	198251873.810239	11500	178310556.818221	11500	181642716.283808	11500	183416345.086060	11500	186285997.477042	11500	185405866.741808	11500	189173085.185517	11500	191527000.185238
12000	172802126.680029	12000	191845332.187801	12000	192997006.229279	12000	196729205.398305	12000	177963949.030195	12000	181016761.438672	12000	184805661.423570	12000	185001242.218364	12000	187589293.343345	12000	188903043.461477	12000	189995956.276913
12500	171020505.542131	12500	191579391.108192	12500	192966307.731714	12500	197684176.681513	12500	176917694.180950	12500	182100541.462899	12500	182650396.017167	12500	185960292.210103	12500	187901182.434594	12500	188294675.766126	12500	188813764.797052
13000	173839177.194249	13000	190923575.729347	13000	192835660.725351	13000	197383738.482492	13000	177260791.925888	13000	182859177.721129	13000	184374344.531030	13000	182607169.164373	13000	186699581.317046	13000	191558877.467876	13000	189754725.695495
13500	173231074.140250	13500	189868387.059190	13500	192057352.908070	13500	198189447.059602	13500	177785520.861483	13500	180909060.962884	13500	184309081.054166	13500	187473000.970703	13500	186615317.170676	13500	187952380.988186	13500	189276677.450273
14000	170453657.776420	14000	191915880.623369	14000	194954899.760212	14000	194698989.724476	14000	175861246.756410	14000	181219246.688716	14000	183676506.330044	14000	185921729.456721	14000	187044540.084225	14000	188283290.777309	14000	191076943.036588
14500	173528746.914662	14500	191823417.811281	14500	194799227.110954	14500	197575032.197874	14500	177854792.616192	14500	182174538.141532	14500	183396526.259322	14500	186165453.129606	14500	187176960.901284	14500	190201042.429210	14500	190388536.699069
15000	172789729.167024	15000	192145511.140015	15000	194704820.574560	15000	195701899.208838	15000	178839642.991661	15000	183015127.535127	15000	185633787.915407	15000	185393652.192186	15000	188214383.346526	15000	189660390.555662	15000	191551516.150942
15500	172786594.961083	15500	190874320.658974	15500	192996201.455465	15500	197473009.153025	15500	177533462.439527	15500	180282206.817387	15500	182934902.631384	15500	184445741.701932	15500	187107207.659256	15500	189510322.722439	15500	190413321.809483
16000	170427386.423980	16000	192821919.558742	16000	193213860.998484	16000	198829211.863034	16000	179111698.565640	16000	182221116.617240	16000	183509746.989782	16000	184763036.977090	16000	187556290.891118	16000	192170912.992253	16000	189265066.518006
16500	172730003.459582	16500	192208239.163297	16500	194856926.287409	16500	197645739.086520	16500	177197985.818294	16500	182513430.373068	16500	184538213.395889	16500	185009730.858457	16500	187652035.319916	16500	187210097.284785	16500	190932536.259003
17000	171620422.714811	17000	193578692.490035	17000	193471957.973466	17000	195197794.292636	17000	178001915.107774	17000	180151989.615747	17000	182658016.202969	17000	184287380.576399	17000	187223899.301755	17000	186762179.250344	17000	190454430.479318
17500	172436062.786657	17500	192283725.721794	17500	193751554.927523	17500	199079403.653925	17500	175598301.353711	17500	181165457.464511	17500	183809893.915587	17500	184418727.359121	17500	188518723.808006	17500	188798743.524504	17500	191375603.089533
18000	174133810.052624	18000	191070565.319261	18000	193365565.482980	18000	196599592.229103	18000	178361757.483469	18000	181906580.990359	18000	183497755.878802	18000	187466395.059734	18000	188812454.738359	18000	189495615.336725	18000	191385030.455503
18500	173249667.698289	18500	191352816.757723	18500	195459849.899276	18500	196543637.704604	18500	177471231.683576	18500	181995456.992097	18500	184791824.421731	18500	184292469.473774	18500	186585187.220922	18500	188401622.454380	18500	188823218.576488
19000	173700327.052450	19000	191862834.754845	19000	192714427.054296	19000	197395257.949468	19000	177383733.056267	19000	181862132.487146	19000	185472749.760451	19000	184373614.403973	19000	186506847.640973	19000	188219324.960011	19000	190700082.609152
19500	172816278.822749	19500	191432979.188517	19500	191892247.794245	19500	195767342.225702	19500	177410208.047740	19500	182361237.140178	19500	181479087.168597	19500	184049986.850336	19500	187454027.089162	19500	188802401.852856	19500	190645733.313617
20000	174165439.501042	20000	192679627.220113	20000	193971331.444412	20000	196944536.250782	20000	178428755.251489	20000	182413990.090850	20000	185459167.443767	20000	183595300.865155	20000	185191352.805456	20000	186226723.309496	20000	188351880.631426
20500	173371837.638461	20500	192035571.143112	20500	194654979.660212	20500	196887689.805327	20500	176995951.994543	20500	182778075.882998	20500	184279485.323641	20500	184065061.929396	20500	185320239.913467	20500	188940847.289071	20500	189420371.317519
21000	173449070.703300	21000	192557256.265961	21000	194069339.354198	21000	198181118.738381	21000	177160169.044458	21000	181357949.231707	21000	184736692.432338	21000	186212374.284682	21000	187399517.956317	21000	188719318.308805	21000	190336980.133109
21500	172641969.809114	21500	191920757.001532	21500	194266960.112107	21500	197357055.553807	21500	177789697.390399	21500	181687017.988254	21500	186513452.886289	21500	185975787.440684	21500	187715070.782671	21500	188113681.834358	21500	188590178.495584
22000	173853996.806544	22000	190470642.252081	22000	193312355.883731	22000	195201661.528391	22000	177187809.677118	22000	182700282.334151	22000	183327240.893352	22000	185785781.070393	22000	187415355.209889	22000	189341146.528540	22000	189778080.592807
22500	173846144.404700	22500	190846745.540981	22500	193480508.819251	22500	198449201.737156	22500	177701139.949955	22500	182050642.314321	22500	182137961.651174	22500	186190611.355308	22500	189289563.581905	22500	186423061.151441	22500	190845086.462513
23000	172082569.698534	23000	190644336.232478	23000	192635075.304122	23000	197592829.742133	23000	178432375.619114	23000	181174260.775750	23000	184973538.637251	23000	185064530.912537	23000	187744424.211609	23000	189278362.875342	23000	190484553.915526
23500	172950628.052917	23500	192061924.678854	23500	193861302.044438	23500	197424007.807014	23500	177569623.220792	23500	182863701.471827	23500	182126876.429640	23500	185164426.870621	23500	188024102.489110	23500	189502691.024969	23500	189308834.342523
24000	173711932.174843	24000	190397174.566654	24000	191703010.446276	24000	197413509.870303	24000	177749787.621485	24000	182125620.821995	24000	182760913.374723	24000	185730500.444892	24000	189137774.013063	24000	190644638.465840	24000	191473221.850596
24500	172042036.518012	24500	190258697.161677	24500	193850970.906451	24500	196015291.984298	24500	177954562.587505	24500	181288640.505566	24500	184452965.991873	24500	185053605.423773	24500	187543220.037720	24500	188456377.330781	24500	190597929.845677
25000	171663876.028140	25000	192691298.636598	25000	194749580.623544	25000	196783353.249578	25000	176911933.350506	25000	182023093.490994	25000	184341295.697099	25000	185666727.654113	25000	186498425.481793	25000	185798108.263283	25000	189929219.476788
25500	174415840.727947	25500	192870990.162044	25500	191851547.010330	25500	197925257.976952	25500	176608614.889270	25500	180934072.986134	25500	182159976.813794	25500	186677215.958451	25500	187934107.122255	25500	188454051.358139	25500	189115027.805988
26000	173365558.752227	26000	190464537.378694	26000	194174360.133267	26000	196089775.137185	26000	176867779.241329	26000	182098949.636032	26000	184537203.827938	26000	186127639.686960	26000	186317708.466155	26000	189134008.724649	26000	190784508.902428
26500	173156872.909450	26500	191151371.297366	26500	195555445.975672	26500	196122054.109663	26500	175656792.448362	26500	182344613.802897	26500	182803853.546534	26500	187976532.566928	26500	189152071.270962	26500	190564910.279531	26500	191419637.285580
27000	173596305.644505	27000	189939820.052567	27000	194371778.418242	27000	196354204.922746	27000	176459487.330392	27000	182575252.611598	27000	184596814.600588	27000	183623200.769158	27000	188504511.479318	27000	188342898.745386	27000	188444189.909580
27500	172524962.926221	27500	191242566.035284	27500	195613779.717278	27500	197078930.045063	27500	177269571.342444	27500	183299093.623605	27500	184760478.610371	27500	186212365.623491	27500	185177331.234660	27500	187785377.775494	27500	190168332.382494
28000	171903223.705095	28000	192060221.284339	28000	193213614.435159	28000	197484404.720234	28000	179268236.741887	28000	181046151.355239	28000	182302297.575153	28000	183921848.257094	28000	186568414.705922	28000	188247968.898809	28000	190943278.998220
28500	173735111.861489	28500	192220894.207205	28500	193157823.943099	28500	197769785.612359	28500	177888910.882104	28500	180150005.343984	28500	184558600.772122	28500	185030602.411649	28500	187259491.665195	28500	187358778.325116	28500	190192870.988584
29000	172318705.974238	29000	189414262.299458	29000	194826813.419297	29000	194719806.450993	29000	177074273.862884	29000	180856467.363500	29000	185475928.703497	29000	185185570.960540	29000	186448350.357973	29000	187245350.764427	29000	189931619.378107
29500	173131720.614390	29500	191665344.000701	29500	191098856.052941	29500	197494883.120726	29500	177462485.307431	29500	179841149.476302	29500	182485380.439609	29500	186762002.963827	29500	185287676.441876	29500	188286533.086086	29500	189454672.422250
30000	171728161.228315	30000	190849957.457398	30000	193425822.666843	30000	194297104.952958	30000	177779616.511006	30000	180517318.685994	30000	183664365.845844	30000	184797782.607862	30000	186205787.748135	30000	188084241.779148	30000	190231214.134666
30500	173852893.721897	30500	191251637.352147	30500	195655371.890741	30500	197032910.472415	30500	176941821.111826	30500	181979837.301423	30500	184273859.321266	30500	187141609.263185	30500	188195593.569267	30500	189744523.700005	30500	190523087.196034
31000	172031090.298851	31000	193242503.491024	31000	194440775.494008	31000	197878180.169211	31000	177635177.155559	31000	182714797.586838	31000	183225194.542324	31000	185411724.439210	31000	187250171.009784	31000	189410517.785787	31000	191176345.976000
31500	173945327.827760	31500	193189322.627347	31500	194309754.944856	31500	196184749.028435	31500	176256013.975181	31500	181827276.350119	31500	182447667.101134	31500	188041467.846925	31500	188522625.517787	31500	190861759.051902	31500	187582672.588134
32000	174697901.186173	32000	191925994.288259	32000	195932216.773653	32000	196373752.410917	32000	178461690.322710	32000	182362432.487371	32000	182926074.867243	32000	185323363.066465	32000	187482105.037323	32000	188492649.267419	32000	189830050.324795
32500	171083285.220801	32500	191121167.347250	32500	194843623.462532	32500	195525556.727830	32500	179278105.931851	32500	181581727.483352	32500	183130063.656296	32500	185857760.372759	32500	189500188.087509	32500	189086019.612679	32500	190939827.018816
33000	172905559.174016	33000	191148240.360082	33000	194027812.479562	33000	193898353.277714	33000	177324199.582798	33000	180934323.933391	33000	183019134.503130	33000	186191114.219792	33000	187407060.465549	33000	189308374.411863	33000	189019839.196413
33500	173450120.192936	33500	190306320.416473	33500	193612543.012968	33500	196659768.009670	33500	178024490.851633	33500	182885977.483584	33500	183141087.609841	33500	183811096.667151	33500	186578077.863372	33500	187919892.609049	33500	189507563.448932
34000	171238897.821438	34000	192888393.200096	34000	194789449.457565	34000	195773320.680844	34000	177687690.456671	34000	181955159.182474	34000	182637177.679587	34000	186238120.791008	34000	188070360.243280	34000	189629444.688947	34000	189792947.967587
34500	174294490.633361	34500	191941579.058321	34500	193476365.541422	34500	198404935.998056	34500	178656308.813798	34500	181216716.730888	34500	184270472.758101	34500	185824935.643562	34500	187616995.484825	34500	187686310.314109	34500	191186809.106657
35000	173074205.236916	35000	192602611.570387	35000	196315802.505601	35000	197737174.175646	35000	177099979.874262	35000	181293479.093176	35000	182794285.677332	35000	183449567.730502	35000	186567487.894448	35000	186932882.057909	35000	188547351.916511
35500	173675482.051213	35500	193638370.139708	35500	193117758.300535	35500	197917324.471271	35500	178215645.026671	35500	180936054.217835	35500	183960033.471841	35500	185514217.046540	35500	187507480.958513	35500	188571770.025902	35500	191209088.575257
36000	173215329.871796	36000	190613614.464367	36000	194110574.194565	36000	195526104.738324	36000	178289569.605516	36000	182125183.397334	36000	184310401.502616	36000	186402125.443952	36000	186906483.862075	36000	188604736.015006	36000	187914564.019333
36500	172801196.663909	36500	189810966.419674	36500	192534604.343855	36500	194745497.604368	36500	179196000.486730	36500	180096771.173598	36500	183536750.337661	36500	185695301.463080	36500	186942563.940827	36500	187129418.578980	36500	190207375.334624
37000	172015058.841940	37000	191974201.902001	37000	193035674.234459	37000	197323939.420396	37000	178294203.385674	37000	181905340.781219	37000	182651975.762162	37000	186352487.181199	37000	187601126.564074	37000	189308285.783820	37000	189709379.729386
37500	171861066.874428	37500	190287273.009203	37500	194255894.168154	37500	196966475.425335	37500	176227185.723021	37500	183534498.319059	37500	183450206.452612	37500	185356733.721637	37500	184430906.647590	37500	188288365.954774	37500	188877980.188516
38000	170902502.970827	38000	192189507.798007	38000	193954260.058360	38000	195755642.148265	38000	176444094.557320	38000	182373737.313575	38000	184772933.546737	38000	186125063.589563	38000	186883378.418683	38000	187883633.740965	38000	192908012.951899
38500	170902013.969285	38500	190196124.605010	38500	195252588.887500	38500	195661399.161297	38500	177656479.823203	38500	182250847.301145	38500	183941764.230792	38500	184584351.246143	38500	186678769.350217	38500	187609136.287993	38500	190614864.100307
39000	171681860.665213	39000	191010181.959340	39000	194490589.183568	39000	196606781.841234	39000	176141770.083423	39000	181410586.525771	39000	182893538.964450	39000	186058881.439834	39000	185931715.971959	39000	190292966.777906	39000	192507660.808501
39500	173022032.128350	39500	191397494.278853	39500	194670920.852448	39500	197885909.830966	39500	176918613.596619	39500	182153944.042876	39500	183991490.058526	39500	186156403.628124	39500	186299520.554325	39500	188282982.893709	39500	190785136.928137
40000	176214412.796977	40000	190372384.085289	40000	193588578.657638	40000	198498892.680555	40000	179537067.888722	40000	180347099.580227	40000	180977550.564016	40000	186609855.813552	40000	188369082.203173	40000	190508702.268448	40000	190313042.543398
40500	172593410.997329	40500	191221670.773126	40500	195327328.450048	40500	197141605.132245	40500	179532298.834563	40500	182652126.028048	40500	182675725.607972	40500	183479944.912445	40500	186447737.523987	40500	188759566.503431	40500	189041826.342423
41000	170929778.391096	41000	192143925.387914	41000	194848861.886722	41000	196887635.888581	41000	176560672.584071	41000	182475523.851304	41000	184118151.833097	41000	187377099.954751	41000	188869155.730118	41000	189630612.544678	41000	190393822.687212
41500	173248648.553101	41500	195700536.785475	41500	194215061.498637	41500	199056755.544073	41500	179594719.942235	41500	182259083.469575	41500	184267461.387528	41500	184639815.577710	41500	187353929.475781	41500	188829387.587661	41500	192211066.090417
42000	174089469.169909	42000	193119529.507352	42000	194747984.711048	42000	196882445.398847	42000	176140678.560627	42000	181666042.208482	42000	182703433.062523	42000	186716189.878501	42000	185522880.984991	42000	187740784.638260	42000	192273855.297774
42500	172942465.629665	42500	190432704.915719	42500	195424218.839745	42500	197591201.370008	42500	177934430.577047	42500	181524115.991297	42500	184503734.807495	42500	186303469.573185	42500	186733922.041640	42500	188644350.751579	42500	192511465.546311
43000	173409461.381185	43000	189375529.212623	43000	193661948.759412	43000	197487649.038267	43000	178350525.066600	43000	180818231.444043	43000	182943767.680692	43000	184769556.842544	43000	189319340.767778	43000	188826395.063592	43000	188465625.910271
43500	171748594.496188	43500	192091966.557142	43500	194475064.704053	43500	196233731.760772	43500	176244748.202705	43500	180857250.126715	43500	183962794.190653	43500	185212021.117995	43500	186698750.848776	43500	187809001.456418	43500	190260101.755774
44000	173028143.539581	44000	194122287.468487	44000	195745843.033345	44000	195904151.254646	44000	178825576.194465	44000	180933435.005018	44000	182144243.203520	44000	184305577.236914	44000	188447277.873450	44000	189746496.490512	44000	189907083.266325
44500	172235901.425759	44500	191882862.013855	44500	194052480.103301	44500	197722667.131295	44500	176004132.041768	44500	181694934.117489	44500	186117741.552020	44500	184737709.775737	44500	185665741.617936	44500	187160857.440161	44500	192020518.694004
45000	174554965.385032	45000	194992728.622541	45000	195665219.890284	45000	196547655.667074	45000	176851402.471444	45000	179769524.663513	45000	183171580.583621	45000	185679552.092123	45000	185559086.938938	45000	187845509.638936	45000	189857344.127502
45500	172975958.917265	45500	189852478.648824	45500	194469164.622615	45500	196554387.008731	45500	178294603.953518	45500	181141325.443613	45500	182403997.647314	45500	186404952.883718	45500	186255025.439334	45500	187945146.322431	45500	188987327.468636
46000	173525584.172862	46000	190485261.388831	46000	194805833.311858	46000	197076505.260505	46000	179021105.191288	46000	181685351.937348	46000	183136040.662795	46000	186353259.034910	46000	186495449.259598	46000	188307227.845681	46000	193614311.273456
46500	173911326.576479	46500	192567394.056828	46500	195676398.902502	46500	196559629.335743	46500	176740574.115330	46500	183838489.449923	46500	183709347.851196	46500	186364888.014784	46500	185908905.210402	46500	188230338.816391	46500	186823439.280968
47000	172918323.935080	47000	190557605.084810	47000	193862726.350110	47000	197456600.225197	47000	177109733.593307	47000	183063824.906161	47000	187133033.624844	47000	187790859.399499	47000	187368029.228184	47000	189645065.387337	47000	192739173.387659
47500	171106404.270966	47500	191878368.080984	47500	195945277.964413	47500	197539285.994883	47500	178119861.353662	47500	181628019.933255	47500	184293366.230489	47500	187370237.054866	47500	187661029.465379	47500	188282605.881162	47500	191643053.348720
48000	173280167.603115	48000	192334345.008285	48000	193449289.269872	48000	197258769.566049	48000	174628153.128100	48000	181009851.689884	48000	183015628.805222	48000	186531413.218508	48000	186529138.409117	48000	189228062.122275	48000	190355765.907871
48500	173512829.003487	48500	189649504.469314	48500	194086644.067284	48500	197588386.090083	48500	177491112.154627	48500	182795760.783461	48500	184375045.484051	48500	186744469.032487	48500	187440349.250746	48500	190927066.780858	48500	192259464.210735
49000	172558479.950651	49000	191167158.632429	49000	194883985.797822	49000	197851263.901481	49000	176677942.014388	49000	181785240.424753	49000	183783420.362576	49000	184954945.446757	49000	185179303.919908	49000	188371279.893444	49000	190019011.870798
49500	173733372.889967	49500	191494567.097780	49500	195724272.034794	49500	197692809.045117	49500	174485790.981635	49500	181725725.291706	49500	183555300.489883	49500	186633061.907189	49500	188554685.038531	49500	186873921.023547	49500	190926548.769455
50000	174532806.158283	50000	190950990.322016	50000	193634200.894918	50000	196204100.321591	50000	177391529.027942	50000	182031633.809769	50000	184334365.259321	50000	185920649.417565	50000	187784985.856390	50000	190230637.835867	50000	186908539.819691
50500	172170081.924418	50500	192542301.174032	50500	192596558.634142	50500	197645424.354899	50500	179082172.908139	50500	180224514.978520	50500	182246913.017504	50500	186248445.425907	50500	185397856.193732	50500	187802358.934942	50500	190515159.960864
51000	172481234.857170	51000	190703621.402211	51000	193462297.494514	51000	195250304.161947	51000	177566140.478541	51000	182691341.904732	51000	184320108.363553	51000	185377855.773588	51000	187709659.560808	51000	188345760.493434	51000	191109270.783685
51500	174076114.963351	51500	190480990.687641	51500	193513383.057714	51500	194652624.064871	51500	177601171.981730	51500	182461268.495368	51500	182848329.820616	51500	184290264.342986	51500	187210370.565115	51500	188450651.044218	51500	189673151.492013
52000	173563599.937269	52000	191637943.805254	52000	194205391.411718	52000	195671701.801255	52000	177805553.995916	52000	182275965.541722	52000	183562356.933318	52000	183549829.285265	52000	184672702.895718	52000	187858368.257964	52000	191256215.017756
52500	171330260.251218	52500	191119212.634184	52500	195492245.694200	52500	196544269.854291	52500	177097823.077401	52500	182921148.395377	52500	183819020.444972	52500	187300748.218253	52500	186286806.812164	52500	189691477.175175	52500	188479677.297278
53000	174154585.755496	53000	190007713.226201	53000	195376049.291658	53000	196719703.975617	53000	179162330.615287	53000	181304761.587832	53000	183786447.338525	53000	185273748.441611	53000	187607817.458302	53000	188342440.888271	53000	190137309.109081
53500	172414909.409548	53500	190742030.091342	53500	194077668.662434	53500	195278477.745099	53500	176790400.709423	53500	181569367.083421	53500	183929981.984110	53500	186160061.867898	53500	187708862.622635	53500	189206953.092884	53500	189891091.401211
54000	172033327.376672	54000	192741516.724803	54000	193181474.571891	54000	197408485.061961	54000	179151024.865882	54000	181223703.911488	54000	183647038.813695	54000	187315152.757132	54000	188700031.274530	54000	188329992.064595	54000	189714032.496141
54500	172087341.439244	54500	191737565.799395	54500	192742479.471175	54500	196816989.523015	54500	177816404.604847	54500	182066453.026655	54500	183934462.565220	54500	185475084.682628	54500	186844164.592530	54500	189070497.728632	54500	192801948.500138
55000	170329472.812086	55000	192411333.396959	55000	193303891.540400	55000	197593958.280761	55000	178654548.711346	55000	183232731.457364	55000	182157546.827854	55000	184397319.752628	55000	185021497.651132	55000	190483797.031223	55000	187850481.448971
55500	173562816.168094	55500	189349805.864951	55500	193466578.205859	55500	197932973.773164	55500	178165690.377695	55500	182374561.767684	55500	183097111.564627	55500	187032407.658985	55500	186536242.908196	55500	189214714.033704	55500	189343506.188156
56000	173055055.666310	56000	191373378.880423	56000	193183119.851499	56000	195925662.494179	56000	177835135.443805	56000	183213676.870255	56000	183907061.413418	56000	183489043.861226	56000	188641454.589069	56000	188677794.770854	56000	189578619.884889
56500	171196901.460424	56500	190314912.301884	56500	194722065.418696	56500	197629592.121026	56500	175810602.003847	56500	182879111.887248	56500	184522603.881658	56500	184235364.532854	56500	184851749.933940	56500	187096375.636910	56500	189261544.158171
57000	172902406.122897	57000	191631204.024481	57000	193875790.898745	57000	196320043.453402	57000	177736673.371250	57000	181543386.136331	57000	183969342.626145	57000	184860416.093245	57000	185616694.629830	57000	188708589.746213	57000	190594042.524905
57500	171629497.208229	57500	189281822.319052	57500	193533830.996901	57500	195648016.786892	57500	177438655.834921	57500	181812446.951706	57500	182477349.076173	57500	184472705.163012	57500	186553123.366866	57500	188693128.779209	57500	189452963.758085
58000	171917442.052514	58000	192325660.896286	58000	194070968.382770	58000	195981390.284463	58000	177163929.802137	58000	181883437.497391	58000	183756121.569086	58000	185317338.178053	58000	187100898.363037	58000	187418805.224439	58000	189384894.754961
58500	172328648.659947	58500	191383481.129193	58500	194250388.166715	58500	197156065.481553	58500	177366071.997285	58500	182274977.168539	58500	183770898.808330	58500	185191189.665418	58500	188557704.322336	58500	189714660.712333	58500	189900367.586935
59000	171469015.050541	59000	190432703.497242	59000	193246566.824853	59000	198191434.529296	59000	176377649.732371	59000	180811611.898240	59000	183969807.612784	59000	183573434.010282	59000	187100646.025899	59000	189206413.273647	59000	188353114.543069
59500	171730010.735276	59500	190797999.476166	59500	193991012.742039	59500	194631657.718458	59500	177746349.141579	59500	179523769.080717	59500	184942118.259223	59500	186607944.049336	59500	187051495.804227	59500	188804770.120588	59500	189943499.550497
60000	173110376.328191	60000	190402219.828995	60000	193020484.661093	60000	194845941.566467	60000	177927199.749126	60000	182006997.668605	60000	183482487.614964	60000	186169060.689462	60000	188726853.664150	60000	189558217.082108	60000	190692414.805148
60500	172853873.454397	60500	191604499.214345	60500	194891580.333676	60500	196624179.303683	60500	176934849.636236	60500	181455538.475378	60500	183505628.784942	60500	185199630.147456	60500	185884993.354674	60500	187887138.032298	60500	191138423.597253
61000	173982458.804535	61000	191350390.580175	61000	193788628.247494	61000	196925529.747164	61000	176586708.702700	61000	182190457.511933	61000	183109345.855008	61000	186516708.400512	61000	188050627.502286	61000	190026707.663343	61000	190812924.287613
61500	173895248.692639	61500	191302109.043620	61500	194062749.174625	61500	196560762.283276	61500	177040228.533304	61500	179700677.582055	61500	182926360.886216	61500	184429039.762211	61500	187045472.372755	61500	187004574.035278	61500	188902510.834676
62000	173009275.251721	62000	193153775.825988	62000	191268908.200151	62000	198440492.665825	62000	176840567.876587	62000	181764454.068014	62000	183756033.849469	62000	185355377.460106	62000	188827783.290307	62000	187716073.358539	62000	189983066.484241
62500	172000296.817521	62500	191593864.109620	62500	192239376.103027	62500	197513361.803359	62500	178482822.539312	62500	181636253.728180	62500	183924741.489913	62500	184737311.353816	62500	186372678.965668	62500	188277455.563065	62500	190109491.554162
63000	173034731.073498	63000	190638556.455610	63000	192575000.184725	63000	197926254.021893	63000	177794437.106956	63000	182220141.886450	63000	183030531.344021	63000	185614913.100342	63000	187542472.416249	63000	188032380.115257	63000	189325883.686895
63500	174139066.772987	63500	191375172.289254	63500	193220297.330890	63500	197958952.353973	63500	176637717.663669	63500	180437502.299133	63500	182718646.297404	63500	184845580.549811	63500	186220263.752813	63500	186368179.317623	63500	190269876.500406
64000	173183846.889256	64000	192547730.305349	64000	194656015.184374	64000	195949267.617250	64000	179555467.121552	64000	183681881.581642	64000	185075934.989502	64000	186243119.757073	64000	187232626.951561	64000	189162712.919613	64000	188166758.657957
64500	171981758.554705	64500	191317120.558327	64500	195070497.769531	64500	196569146.922018	64500	178668280.565307	64500	181454172.917946	64500	185304144.138014	64500	183802534.084336	64500	188102395.611572	64500	189316277.594392	64500	190097014.982906
65000	172774923.117615	65000	192817509.248872	65000	193785799.329949	65000	196792067.022658	65000	176910530.613238	65000	182423964.906035	65000	182801366.633668	65000	184185553.764841	65000	186754022.637357	65000	188606458.658831	65000	191842755.035735
65500	172740426.302285	65500	194856214.370764	65500	193488405.205895	65500	195644780.816137	65500	179965346.795717	65500	181209552.618633	65500	184825782.408987	65500	185289746.116958	65500	188668624.764212	65500	187566180.915533	65500	187343601.779382
66000	173041812.591622	66000	192464358.467311	66000	192052204.411737	66000	197398849.921737	66000	178197940.321692	66000	182322757.731802	66000	182548142.436652	66000	183760184.163869	66000	188230501.818044	66000	188890664.673757	66000	191303357.037096
66500	173208683.112282	66500	192526881.573297	66500	194689572.494616	66500	196914115.919350	66500	176976618.283459	66500	183076796.180338	66500	183196238.029588	66500	186095987.242387	66500	187531809.593274	66500	187948715.662380	66500	190217899.915250
67000	172900951.683839	67000	193167916.246121	67000	193112143.324434	67000	196475220.444933	67000	177676254.254709	67000	182813001.029198	67000	182087797.425329	67000	186220521.384804	67000	185454827.701216	67000	187418566.252191	67000	187522869.604666
67500	173981997.498646	67500	191359189.923358	67500	195652468.231626	67500	198064411.085581	67500	177557799.650155	67500	182299844.383298	67500	186105499.587368	67500	184770606.569477	67500	186681159.071697	67500	188261595.395049	67500	189074383.087994
68000	172635544.233801	68000	191262589.593464	68000	193911453.005900	68000	195128396.943520	68000	176204562.559283	68000	180532708.084404	68000	184321552.503289	68000	185345243.075120	68000	186307451.434221	68000	188364260.680259	68000	189730032.291909
68500	171872931.349386	68500	190133754.219359	68500	193739181.565744	68500	195600927.812647	68500	178103406.685826	68500	181219485.082843	68500	183874793.029832	68500	185614456.035691	68500	187901276.762614	68500	189677473.740039	68500	190213278.468598
69000	172897939.751508	69000	192041843.077952	69000	193537124.976675	69000	197253913.768687	69000	179506716.047396	69000	180435458.240583	69000	182456194.415382	69000	185848316.410269	69000	185738878.575158	69000	188838213.848492	69000	191513068.485803
69500	174522121.543285	69500	192429364.123672	69500	193015682.183056	69500	197845167.967452	69500	179032866.237965	69500	182258118.063259	69500	182210211.176187	69500	185266273.359031	69500	186500582.096680	69500	189068897.984015	69500	192401467.208801
70000	173305770.730449	70000	193156994.898725	70000	193909216.805056	70000	197411434.992371	70000	177885723.494411	70000	182341314.039840	70000	184198009.011069	70000	183797260.916601	70000	188177801.860112	70000	190329257.326407	70000	190051208.632680
70500	173295510.530761	70500	192930153.371169	70500	193321706.860105	70500	195845276.475187	70500	177706755.484092	70500	180932186.452547	70500	183115134.005651	70500	185643616.843660	70500	186168822.360271	70500	187923593.433043	70500	189129171.558325
71000	172276697.914856	71000	192296472.857244	71000	193966291.820469	71000	197866153.999814	71000	177422961.365684	71000	183555097.493734	71000	184144760.312256	71000	185655819.464590	71000	186891131.741537	71000	187512875.519193	71000	190544839.732370
71500	173795669.472690	71500	192345574.822941	71500	193480338.126452	71500	197811476.392904	71500	176203875.248447	71500	180840267.196681	71500	182540298.160929	71500	184754445.953985	71500	186477996.436202	71500	189168849.212293	71500	190940655.021825
72000	174310863.774262	72000	192149667.096220	72000	194081537.181693	72000	198397656.496700	72000	178255926.878897	72000	182119062.492400	72000	184276607.912980	72000	187365739.935839	72000	186329201.011982	72000	189028543.701301	72000	191048273.125487
72500	173520797.936496	72500	192703371.360509	72500	193551915.532305	72500	195924331.861237	72500	179263438.474358	72500	182746039.957621	72500	181416515.293647	72500	185322951.752390	72500	187470145.434259	72500	187016592.854547	72500	191868559.143891
73000	172833285.491212	73000	191332580.044378	73000	194109450.275758	73000	196577472.340818	73000	176564727.400635	73000	181087897.571819	73000	183839490.221186	73000	187499442.351153	73000	188430813.296294	73000	189814994.960122	73000	188631407.154819
73500	173609026.124410	73500	190478699.462455	73500	193925444.227921	73500	195264935.829821	73500	177922788.955461	73500	180043160.936963	73500	183644720.991512	73500	184497860.526090	73500	186315552.400564	73500	187931881.399647	73500	192929573.402474
74000	172385366.087318	74000	190165604.489617	74000	195519329.749579	74000	197652427.253315	74000	179506736.932975	74000	180435899.142942	74000	183608615.272930	74000	183815325.514362	74000	188499267.193121	74000	188116046.512809	74000	189381653.252164
74500	172523100.903551	74500	192336959.584701	74500	193139118.456630	74500	197668623.412819	74500	176677831.960245	74500	180682833.657756	74500	184791674.240215	74500	185007003.928460	74500	187492372.254694	74500	188867809.857162	74500	187954131.780875
75000	173649326.082125	75000	192612539.424283	75000	193597472.109208	75000	196504724.668266	75000	178200180.658910	75000	182943017.225315	75000	185589606.484935	75000	185075340.545012	75000	188792814.845073	75000	190773301.524552	75000	190267477.552842
75500	172545447.906930	75500	192105384.227091	75500	193834803.942088	75500	195652289.173169	75500	177948672.320736	75500	182437044.695096	75500	183288938.481187	75500	185813076.813921	75500	188276435.179523	75500	189213324.145552	75500	190191272.219823
76000	173405217.419355	76000	191183066.720729	76000	194343205.247640	76000	198563334.713648	76000	179087338.634576	76000	182226153.166866	76000	184495788.745197	76000	186776649.769098	76000	189897721.576359	76000	188570041.407689	76000	190383310.283137
76500	172407370.923997	76500	190219719.020109	76500	192019145.286475	76500	194867690.085403	76500	178114075.367641	76500	181098249.674352	76500	182549980.368515	76500	185517482.305423	76500	186335553.931953	76500	188994724.670464	76500	189415523.680490
77000	175302388.993474	77000	192676684.821165	77000	194961501.492899	77000	198239265.629920	77000	177275983.431569	77000	180459712.534615	77000	184286752.787824	77000	186345886.015537	77000	188112435.964465	77000	190148644.090151	77000	190972573.317780
77500	173413901.604289	77500	191293152.602351	77500	194898898.007522	77500	195347168.229301	77500	176805301.256862	77500	181332581.417588	77500	182834948.991797	77500	184579423.008435	77500	187171633.763750	77500	188061550.435420	77500	188442874.641724
78000	171995983.838339	78000	191740569.152196	78000	194816149.343779	78000	197890714.438769	78000	178435970.420278	78000	183681348.673891	78000	182789789.725651	78000	184736330.487458	78000	187721723.985938	78000	189675774.488697	78000	190822381.550555
78500	172305228.591390	78500	192357007.623415	78500	194807902.186187	78500	196741063.696137	78500	177825087.882421	78500	180627612.775919	78500	182643551.306471	78500	186417961.807947	78500	186084597.920067	78500	188612555.580412	78500	189981676.834884
79000	174619554.788178	79000	192151860.651701	79000	194571126.961191	79000	196102098.195704	79000	177878793.219253	79000	181697177.753678	79000	183807131.821928	79000	185485772.941398	79000	187755551.932457	79000	189569716.837853	79000	187967464.601616
79500	171646377.307110	79500	191140575.774101	79500	195694759.230281	79500	193368832.583505	79500	176941663.247441	79500	182494547.685095	79500	183781644.989133	79500	186692307.653739	79500	187163853.774715	79500	188976299.640313	79500	191621266.023871
80000	172078426.694347	80000	192723330.889996	80000	194171606.969783	80000	197424313.833822	80000	177299450.254812	80000	182295531.847707	80000	183797235.052695	80000	185745903.212777	80000	187723772.848900	80000	189191747.596838	80000	191185990.307293
80500	172926098.831596	80500	192109915.438760	80500	195336434.178688	80500	195853958.949523	80500	176141092.221411	80500	179564156.095482	80500	183335188.884908	80500	186501837.640059	80500	185634945.254833	80500	188861640.570455	80500	191075337.724645
81000	171350477.131967	81000	192143795.843821	81000	193952225.695374	81000	198328270.484079	81000	178317164.503025	81000	180162887.017069	81000	183018638.315882	81000	186938538.856825	81000	187216755.942540	81000	187825948.637072	81000	189322512.587800
81500	174572326.274442	81500	190952097.775979	81500	193701581.517648	81500	195580672.266969	81500	177221137.874181	81500	179992109.181213	81500	183857728.852622	81500	186233677.568362	81500	187156617.985791	81500	188275958.268601	81500	190190515.316535
82000	172385727.999510	82000	192304859.351835	82000	191282738.913556	82000	196513868.101363	82000	177554631.447268	82000	181407497.406591	82000	182939657.896245	82000	185838332.653688	82000	185836070.583424	82000	189670009.691809	82000	190059272.566129
82500	171846158.393077	82500	193408670.545409	82500	192943196.714775	82500	199361230.592245	82500	178338123.227698	82500	183670072.582287	82500	183498528.975068	82500	186207271.002525	82500	187769402.095575	82500	187405488.610341	82500	189057715.014927
83000	173303161.983405	83000	192282108.246917	83000	191762498.336466	83000	196466743.695060	83000	178046971.752473	83000	178399674.939260	83000	185300106.238208	83000	186149884.988125	83000	187312354.758361	83000	187751103.222102	83000	189561295.687813
83500	172681112.987206	83500	192867785.327433	83500	194416969.027382	83500	197760044.548403	83500	176192505.523939	83500	180334478.057168	83500	182710156.651178	83500	186340199.330472	83500	186424942.142324	83500	189472957.890587	83500	190657772.689214
84000	171095955.478385	84000	192622466.443539	84000	194686772.475423	84000	195825195.298322	84000	177708311.226495	84000	180814279.123655	84000	184067272.000306	84000	185170275.308777	84000	188109138.867084	84000	185814652.308523	84000	191388555.835623
84500	172207730.717568	84500	193854375.437266	84500	192061097.912843	84500	197312501.952610	84500	177272432.759809	84500	179847183.838902	84500	183829186.908665	84500	186314415.295067	84500	186939273.764984	84500	190090426.692623	84500	192792946.322559
85000	170693575.518707	85000	189907144.780703	85000	193001141.961275	85000	197389865.329126	85000	178780101.764389	85000	183286558.431686	85000	184313793.697142	85000	184695026.864828	85000	187359089.463314	85000	188123179.169301	85000	188398305.552089
85500	172982295.722371	85500	192951119.341940	85500	193125454.777301	85500	196684655.817026	85500	178783454.987202	85500	181212263.010553	85500	183882687.156037	85500	186249106.178894	85500	189471304.348196	85500	189656226.656028	85500	191301655.360660
86000	173259634.336513	86000	190232066.027839	86000	194855815.136495	86000	195287581.473423	86000	176729603.906206	86000	181546563.308045	86000	184322472.145285	86000	185664386.695213	86000	185613060.726385	86000	188355209.974200	86000	188417728.719437
86500	173908111.269143	86500	192824660.898155	86500	195562996.635005	86500	194839935.222557	86500	178597696.675369	86500	181326989.354149	86500	184396279.488243	86500	185265781.144575	86500	186079586.158315	86500	188614015.803252	86500	190592042.528655
87000	172328498.882522	87000	192253895.849095	87000	196534078.597000	87000	198913099.025524	87000	176687768.593646	87000	181979577.158351	87000	183722442.339437	87000	185277727.599426	87000	186791375.508691	87000	188337238.705172	87000	190402393.529610
87500	171800462.390945	87500	191333692.637410	87500	195341725.885932	87500	194214804.559998	87500	177025107.652431	87500	182827737.156656	87500	182839377.090645	87500	185513018.586493	87500	186525554.743029	87500	187825738.491360	87500	190247382.949346
88000	174182860.669509	88000	191199004.952020	88000	195582228.831886	88000	196017614.681581	88000	179277522.659181	88000	180625120.463122	88000	184789126.169823	88000	185243381.070339	88000	187523956.937988	88000	190440369.592404	88000	189436420.531103
88500	172592122.023541	88500	189312957.239529	88500	192654025.315770	88500	196771595.277094	88500	174918726.350565	88500	182351041.899332	88500	183548970.532698	88500	187552950.576540	88500	189200477.103327	88500	188775354.128562	88500	188994069.930196
89000	173568293.798425	89000	191375635.763623	89000	192813993.923435	89000	198164136.951931	89000	178121822.212141	89000	180867288.469826	89000	184242450.337282	89000	185707142.906564	89000	187803586.719025	89000	188533654.078644	89000	189761960.131124
89500	173422103.811228	89500	192029584.697604	89500	194902428.657101	89500	196255136.726133	89500	178425587.757548	89500	181787004.640120	89500	183167767.345810	89500	184124419.526355	89500	187958577.877558	89500	186860610.102080	89500	190524780.302247
90000	172469235.643628	90000	192165905.907807	90000	195174254.780316	90000	196915275.197135	90000	178807847.232489	90000	182856649.471893	90000	182608144.558096	90000	185213990.988423	90000	186762362.206371	90000	189717416.673960	90000	189243300.260557
90500	174254306.398647	90500	191797107.231540	90500	193169608.320499	90500	199338375.281575	90500	178368774.065952	90500	180630567.569659	90500	184093795.385798	90500	185576746.585016	90500	186427835.324027	90500	188719128.556412	90500	190387026.088054
91000	172907053.592717	91000	193665944.155805	91000	195868453.342104	91000	196315689.416418	91000	178307153.513021	91000	181841432.665148	91000	185179729.745978	91000	186856343.389014	91000	189160233.971280	91000	189384694.044351	91000	190054215.829495
91500	172648511.953144	91500	194204455.210129	91500	193620085.026470	91500	193621767.400741	91500	179554088.780797	91500	183195370.776872	91500	185391884.089718	91500	185358603.698682	91500	187917125.637592	91500	187467120.629540	91500	188500790.091531
92000	171474076.589409	92000	192138879.406169	92000	195083787.208410	92000	194994891.455354	92000	177437952.635307	92000	181604473.239748	92000	182550455.540935	92000	185860359.041556	92000	188021212.436901	92000	189545943.193884	92000	188698961.562557
92500	173994958.609282	92500	191048651.193731	92500	194945550.297303	92500	197738870.585279	92500	177319701.802162	92500	180408075.640198	92500	182996549.322662	92500	186608328.108208	92500	186625375.612575	92500	188443640.838973	92500	190491047.449826
93000	174027098.384468	93000	192266786.165316	93000	195854981.393318	93000	196144546.622263	93000	177736366.689695	93000	180635443.951260	93000	183293068.409952	93000	185588121.873121	93000	186999956.117937	93000	188327112.188432	93000	191177937.875165
93500	173172026.375268	93500	190081634.348420	93500	193861698.479969	93500	197372032.847398	93500	176074453.960495	93500	180976428.268712	93500	181620111.193566	93500	184679576.740015	93500	187657540.853816	93500	187913922.503013	93500	189905676.287108
94000	174991393.785035	94000	191662293.604223	94000	194647013.020281	94000	197502279.622406	94000	177947652.791073	94000	181269350.048282	94000	184137490.429495	94000	186449909.532022	94000	186391500.743155	94000	186935592.361706	94000	190976544.285811
94500	172135292.746662	94500	191976453.444652	94500	194834978.394117	94500	197502019.679733	94500	178772226.733657	94500	180445538.947675	94500	184088089.575409	94500	184424062.257629	94500	187345389.004925	94500	188996307.512994	94500	191865845.549689
95000	171922408.965757	95000	193241762.265796	95000	194036674.009891	95000	194957921.895399	95000	177579970.253517	95000	182520889.933376	95000	184118070.327322	95000	183965793.366852	95000	187497542.508821	95000	188713161.494057	95000	191758608.792025
95500	172080580.800268	95500	192757468.239699	95500	193739952.074030	95500	197641634.511406	95500	178013459.115599	95500	179901491.764370	95500	182725068.341628	95500	185988055.766722	95500	186556653.520781	95500	188710458.503722	95500	190606984.876111
96000	172077263.725538	96000	191952924.218867	96000	193944076.772983	96000	196529555.856924	96000	177207467.392620	96000	181254001.144390	96000	183972691.256610	96000	186588824.073641	96000	187555403.198392	96000	188897992.967121	96000	191839834.526516
96500	172084693.315561	96500	190560863.756906	96500	193634518.973621	96500	196306488.845467	96500	178221453.175978	96500	181797784.359748	96500	181860175.365894	96500	186635529.322493	96500	187646397.273653	96500	190033921.632511	96500	191230055.463218
97000	173735907.786458	97000	191183092.490353	97000	194547430.737027	97000	199204262.683177	97000	178568115.317672	97000	183527051.192063	97000	183857221.725248	97000	185426674.451449	97000	189676751.676977	97000	189389568.324378	97000	189780882.784516
97500	171815884.121514	97500	190915737.510638	97500	191093397.886993	97500	194168818.760157	97500	178923691.821919	97500	183693385.820555	97500	184267002.934199	97500	185538691.331267	97500	186314706.609053	97500	188098387.987361	97500	189255921.884093
98000	173722429.282950	98000	190739689.578027	98000	194425241.263470	98000	195092795.840090	98000	176271753.759763	98000	181933789.478539	98000	184066229.266552	98000	184431087.157496	98000	188291143.001381	98000	188498510.942061	98000	189402611.823966
98500	173357096.439502	98500	191994500.893573	98500	194536991.961123	98500	196963309.486266	98500	178645243.150078	98500	180729002.266607	98500	183547080.071586	98500	185110037.679570	98500	188977869.704366	98500	189077508.538619	98500	190858233.267448
99000	171413540.100691	99000	190960954.891474	99000	193540874.350384	99000	196034004.713057	99000	179107879.581980	99000	180868547.088916	99000	183496380.096231	99000	186054362.525440	99000	186983791.391222	99000	187746243.928616	99000	190349198.624932
99500	173785385.661060	99500	190655440.015756	99500	194949996.936290	99500	197347324.820839	99500	179383363.905582	99500	182307490.990690	99500	184424226.914532	99500	185521862.764381	99500	187232788.433383	99500	187824662.258635	99500	191503127.722676
100000	171681594.669231	100000	191404373.022577	100000	191684365.270329	100000	196839227.887917	100000	176062602.291021	100000	180808923.940035	100000	181924916.068397	100000	185521675.112447	100000	186832699.302686	100000	188441241.855526	100000	191677471.901808
