#	SIM_20_0.05_-6.23	
1	1027.63597657481
5000	1025.95351208782
10000	1026.51905906221
15000	1027.33393845621
20000	1027.32445374956
25000	1027.34302877874
30000	1027.55391093816
35000	1027.38803673809
40000	1027.34000404934
45000	1027.36798263223
50000	1027.39684616671
55000	1027.46386160640
60000	1027.65902426111
65000	1027.66398792230
70000	1027.80259811319
75000	1027.97209319609
80000	1028.09733630396
85000	1027.77689207574
90000	1027.66009554838
95000	1027.70470474457
100000	1027.38023791059
105000	1027.79889807065
110000	1027.89203503517
115000	1027.71350291203
120000	1027.72116540978
125000	1027.41308834776
130000	1027.47213314962
135000	1027.49064977744
140000	1027.76719015534
145000	1027.71553630242
150000	1027.58032159249
155000	1027.66083451299
160000	1027.66433258264
165000	1027.70948572618
170000	1027.47059481726
175000	1027.78242355301
180000	1028.04252995730
185000	1027.93769288441
190000	1027.75560196113
195000	1027.74219829450
200000	1027.72951254188
205000	1027.90225103774
210000	1027.24394509236
215000	1027.68737319621
220000	1027.65618536567
225000	1027.56663832331
230000	1027.51329825680
235000	1027.92715550631
240000	1027.88589860219
245000	1028.09219455215
250000	1028.19448714411
255000	1027.95233307443
260000	1027.66096793092
265000	1027.53186045775
270000	1027.70425256944
275000	1027.63793892777
280000	1027.81612084324
285000	1028.05056583969
290000	1027.84631787823
295000	1027.70416342978
300000	1027.67115438579
305000	1027.45923557782
310000	1027.33148871700
315000	1027.43578293981
320000	1027.22848781740
325000	1027.13688955401
330000	1027.36742911287
335000	1027.66457672204
340000	1027.26900996467
345000	1027.38072969813
350000	1027.69196414510
355000	1028.00516237395
360000	1027.81322129213
365000	1027.66726389411
370000	1027.94203413346
375000	1027.68788679715
380000	1027.73128317013
385000	1027.36293260043
390000	1027.39099240908
395000	1027.22182118614
400000	1027.31630665811
405000	1027.26003410835
410000	1027.71670477117
415000	1027.57220023782
420000	1027.33288449141
425000	1027.77812851904
430000	1027.86467999931
435000	1027.45116195473
440000	1027.29423817871
445000	1027.36617375640
450000	1027.45146506028
455000	1027.77999153124
460000	1027.73861641535
465000	1027.80735017413
470000	1027.54068565501
475000	1027.83402429728
480000	1028.10634925808
485000	1028.45471769327
490000	1028.05594242246
495000	1027.82256830822
500000	1027.49571306732
505000	1027.36231621234
510000	1027.34182526389
515000	1027.40223164615
520000	1027.71579449868
525000	1027.78262020140
530000	1027.35076976581
535000	1028.16182976683
540000	1027.73493496512
545000	1028.02654315520
550000	1028.19544228164
555000	1028.02892185309
560000	1027.85733181534
565000	1027.89870279163
570000	1027.94493579000
575000	1028.14169919766
580000	1027.80092242250
585000	1027.67997211515
590000	1027.18517544539
595000	1027.39918389658
600000	1027.52405739201
605000	1027.17693324474
610000	1027.52438273917
615000	1027.71363084041
620000	1027.64420047584
625000	1027.99450533122
630000	1028.08300099339
635000	1027.88477174347
640000	1027.66998752833
645000	1027.33927791035
650000	1027.71615278277
655000	1028.05598452877
660000	1028.02649466981
665000	1027.57279688009
670000	1027.52238271020
675000	1027.13681716240
680000	1027.38250399462
685000	1027.48283142695
690000	1027.50959287357
695000	1027.58443818713
700000	1027.71613238899
705000	1027.30013339056
710000	1027.50304506191
715000	1027.37882962369
720000	1027.46721478833
725000	1027.77053159747
730000	1027.76846835512
735000	1027.80962296433
740000	1027.68265997952
745000	1028.01853938450
750000	1028.10761473161
755000	1027.81182320824
760000	1027.42188226600
765000	1027.36011085931
770000	1027.98561261355
775000	1027.78337522542
780000	1027.98436338611
785000	1028.04805121725
790000	1028.07638198072
795000	1027.98860753719
800000	1028.04901259742
805000	1027.96836445708
810000	1027.80497308780
815000	1027.35070752145
820000	1027.96180626449
825000	1027.88146446221
830000	1028.26239028160
835000	1028.26768352231
840000	1028.09067427547
845000	1028.21948475973
850000	1028.17043924068
855000	1028.17491445004
860000	1028.04120621817
865000	1027.97746698939
870000	1028.02818347092
875000	1028.15545763161
880000	1028.21933734721
885000	1028.19482980772
890000	1028.12418685100
895000	1028.54323303726
900000	1028.30042897900
905000	1027.83613786126
910000	1028.03007271043
915000	1027.68421902826
920000	1027.67310961291
925000	1027.68734793717
930000	1027.65133517583
935000	1028.05409579646
940000	1027.80810423969
945000	1027.58640170480
950000	1027.86937239362
955000	1028.16206337428
960000	1028.07783969239
965000	1028.22866467906
970000	1028.17237042455
975000	1027.80243873357
980000	1027.73723020034
985000	1027.74355424799
990000	1028.13816906889
995000	1028.10614374848
1000000	1028.34381839565
1005000	1028.34935656390
1010000	1028.01556847139
1015000	1028.32237661173
1020000	1028.29428393921
1025000	1027.97013546337
1030000	1028.35410982961
1035000	1028.07147614368
1040000	1027.70844014402
1045000	1027.53562958606
1050000	1027.85403444660
1055000	1027.63170086816
1060000	1027.82627206926
1065000	1027.81802513407
1070000	1028.04341801143
1075000	1027.99957188214
1080000	1028.04850522508
1085000	1028.30930427146
1090000	1028.30281555144
1095000	1027.72339473198
1100000	1028.04551810556
1105000	1027.91753711094
1110000	1027.74124779704
1115000	1027.97540331373
1120000	1028.23484051263
1125000	1028.20567822664
1130000	1027.70358020195
1135000	1028.02063698175
1140000	1028.24313952026
1145000	1028.47288446398
1150000	1028.17851399793
1155000	1027.93527070908
1160000	1028.03057999935
1165000	1028.02542458565
1170000	1027.98878816023
1175000	1027.78226623470
1180000	1028.24328551654
1185000	1028.20100428626
1190000	1028.03804485438
1195000	1028.01365715931
1200000	1028.28578965118
1205000	1027.97213416859
1210000	1027.81876173089
1215000	1028.14188836606
1220000	1028.17145730964
1225000	1028.20093179465
1230000	1028.07935877640
1235000	1028.02311228367
1240000	1028.06963501741
1245000	1027.98854788379
1250000	1027.90853503730
1255000	1027.99119835735
1260000	1028.32890215193
1265000	1028.61865137322
1270000	1028.44505331400
1275000	1028.23218461259
1280000	1027.86740683485
1285000	1027.85426899446
1290000	1027.94435900985
1295000	1028.19604442731
1300000	1028.32698492738
1305000	1028.08193129155
1310000	1027.97592801333
1315000	1027.95991366735
1320000	1027.98574690369
1325000	1028.30413815424
1330000	1027.92896590678
1335000	1028.16745659235
1340000	1027.65698120816
1345000	1027.87474113711
1350000	1028.15036768257
1355000	1028.00160124289
1360000	1028.19030406980
1365000	1027.72174089195
1370000	1027.80351177185
1375000	1027.71874591062
1380000	1027.81792205569
1385000	1027.68357493647
1390000	1028.04149988740
1395000	1028.10045078575
1400000	1027.57612732905
1405000	1027.67136265817
1410000	1027.95993428538
1415000	1027.68091162597
1420000	1027.66850316018
1425000	1027.94875802267
1430000	1027.76606640900
1435000	1028.01084932429
1440000	1028.07220493814
1445000	1027.96950262487
1450000	1027.62805613497
1455000	1027.67241569739
1460000	1028.14183964737
1465000	1028.20514200517
1470000	1028.07369632694
1475000	1027.90781410695
1480000	1027.85875962355
1485000	1028.22155327941
1490000	1028.16638022514
1495000	1027.78793457092
1500000	1027.63787054691
1505000	1028.22770049811
1510000	1027.63170884443
1515000	1027.81072420624
1520000	1028.07385249421
1525000	1028.15151459974
1530000	1027.63052200381
1535000	1027.94058562546
1540000	1028.01738506435
1545000	1028.30231049891
1550000	1028.21353064735
1555000	1027.94455827212
1560000	1027.87761291957
1565000	1027.88340971957
1570000	1027.73257285494
1575000	1027.78908552411
1580000	1027.51034571384
1585000	1027.72509182749
1590000	1027.99339860605
1595000	1028.22154847024
1600000	1027.73092647046
1605000	1027.66648238387
1610000	1028.07279037126
1615000	1027.79755766928
1620000	1028.00879210351
1625000	1028.07014300239
1630000	1028.22892968783
1635000	1028.00588554364
1640000	1027.86610313266
1645000	1027.88365494958
1650000	1028.37614464954
1655000	1028.30401145967
1660000	1028.22445569173
1665000	1027.66871862273
1670000	1027.88230533315
1675000	1027.89847576259
1680000	1027.93863475730
1685000	1027.89128911935
1690000	1028.00227828793
1695000	1027.54882704408
1700000	1027.64029161942
1705000	1027.81988788204
1710000	1027.75544295287
1715000	1027.74844744946
1720000	1028.18232928289
1725000	1028.15215006561
1730000	1027.99465033944
1735000	1028.07905232970
1740000	1027.85164785742
1745000	1027.80239508089
1750000	1028.15880422752
1755000	1027.95430412538
1760000	1027.97683368676
1765000	1027.99535026740
1770000	1027.80843254105
1775000	1027.72799091747
1780000	1027.67854966817
1785000	1028.10778444268
1790000	1028.01178700771
1795000	1028.40773947761
1800000	1028.26148855740
1805000	1027.93471957396
1810000	1027.88313003965
1815000	1028.11947453449
1820000	1027.87224748467
1825000	1028.28338000916
1830000	1028.52356662140
1835000	1027.90983288191
1840000	1027.74557730251
1845000	1027.88890276872
1850000	1028.01497231094
1855000	1027.97846354685
1860000	1028.16077260409
1865000	1028.50059982425
1870000	1028.17650186184
1875000	1027.83481311504
1880000	1027.72939039438
1885000	1027.98874468605
1890000	1028.29411703857
1895000	1028.29897528488
1900000	1028.02920652468
1905000	1027.60528947312
1910000	1027.76219806460
1915000	1027.47113342863
1920000	1027.74363085087
1925000	1027.88702368867
1930000	1028.08680456418
1935000	1028.29889005955
1940000	1027.90137929777
1945000	1027.72533330463
1950000	1027.76776864622
1955000	1028.14057305105
1960000	1027.95934498981
1965000	1028.14680760647
1970000	1027.62504689742
1975000	1027.88398896855
1980000	1028.16430189361
1985000	1028.33794974970
1990000	1028.39868504306
1995000	1028.24265443136
2000000	1028.20326171311
2005000	1028.59251052152
2010000	1028.18553959442
2015000	1028.01812007740
2020000	1027.93059212680
2025000	1028.03450429218
2030000	1027.90069234461
2035000	1028.19375371403
2040000	1028.22308896741
2045000	1027.97218845657
2050000	1028.05768789189
2055000	1028.03359834012
2060000	1028.00982058549
2065000	1027.87142742437
2070000	1028.15686979013
2075000	1027.70310067639
2080000	1027.93356726752
2085000	1028.10540799928
2090000	1028.04990400908
2095000	1027.97442234346
2100000	1027.85005221423
2105000	1027.91687560768
2110000	1027.40117463250
2115000	1028.00176964425
2120000	1028.19334040744
2125000	1028.11691306975
2130000	1027.76028346578
2135000	1028.16219720136
2140000	1027.95199568710
2145000	1027.82355198198
2150000	1027.68502912802
2155000	1027.77997418934
2160000	1027.54579151384
2165000	1027.98614025740
2170000	1028.00777310386
2175000	1028.10530986533
2180000	1028.20146974097
2185000	1028.08520658550
2190000	1027.33540651151
2195000	1027.32673254153
2200000	1027.84089850048
2205000	1027.96243525714
2210000	1027.87556036077
2215000	1027.78324501693
2220000	1027.61096001643
2225000	1027.86930508765
2230000	1027.85407008424
2235000	1027.91017607562
2240000	1027.71370771311
2245000	1027.47395095033
2250000	1027.91370152430
2255000	1027.96403860368
2260000	1027.82408366678
2265000	1028.25150940968
2270000	1028.09827645065
2275000	1028.30017171471
2280000	1028.00805201398
2285000	1028.24267464944
2290000	1028.12471358385
2295000	1028.04834707295
2300000	1027.67906043045
2305000	1028.04289860617
2310000	1027.86708536201
2315000	1027.73125204629
2320000	1027.84924315111
2325000	1028.00093386795
2330000	1028.20817079289
2335000	1028.11347288739
2340000	1028.21843633292
2345000	1028.26157851111
2350000	1028.23971885390
2355000	1027.94261722088
2360000	1027.98025388215
2365000	1027.53375387478
2370000	1027.14194070497
2375000	1027.56031420569
2380000	1027.75611689753
2385000	1027.86094506892
2390000	1028.15539805848
2395000	1027.70177299291
2400000	1027.41796081035
2405000	1027.72352932288
2410000	1027.69379567749
2415000	1027.92956701396
2420000	1027.69267494757
2425000	1027.33044835402
2430000	1027.28890198310
2435000	1027.44834192309
2440000	1027.82496100526
2445000	1027.91369260220
2450000	1027.84141823037
2455000	1027.92615945026
2460000	1027.91651960066
2465000	1028.03850471346
2470000	1027.88816110478
2475000	1028.16009174220
2480000	1027.67955716418
2485000	1027.82262956836
2490000	1028.13465501160
2495000	1028.18054963627
2500000	1027.97541264496
2505000	1027.97173793489
2510000	1028.02328524342
2515000	1028.16836269668
2520000	1027.95254561477
2525000	1027.77267540712
2530000	1027.96351682949
2535000	1027.61100895310
2540000	1027.87481209264
2545000	1028.16943977081
2550000	1028.28666783272
2555000	1028.22182371909
2560000	1028.06001773729
2565000	1028.35085535237
2570000	1028.38556054810
2575000	1028.35633274098
2580000	1028.20951604551
2585000	1028.40789937691
2590000	1028.26149734021
2595000	1028.56397177113
2600000	1028.30440649899
2605000	1027.62976023706
2610000	1028.12253455263
2615000	1028.09698316504
2620000	1027.74349861949
2625000	1028.04011378452
2630000	1027.69711575444
2635000	1027.78308949812
2640000	1028.05839125813
2645000	1027.45014571610
2650000	1027.80739465434
2655000	1028.13002453570
2660000	1027.91337268703
2665000	1027.76037670728
2670000	1028.09526080916
2675000	1027.77505682082
2680000	1027.64200824670
2685000	1027.80114506287
2690000	1028.03544915585
2695000	1028.27562962630
2700000	1028.25977608818
2705000	1027.94224377016
2710000	1027.65362948786
2715000	1027.77216434206
2720000	1028.11053093680
2725000	1027.99578222640
2730000	1028.00921419869
2735000	1028.16171258532
2740000	1028.71755350515
2745000	1028.74757859956
2750000	1028.44588818193
2755000	1027.82537584151
2760000	1027.66992915772
2765000	1027.68526855776
2770000	1027.48657169816
2775000	1027.57570482684
2780000	1028.04030291633
2785000	1027.84868319568
2790000	1028.29416421160
2795000	1028.17541900675
2800000	1027.99962368989
2805000	1028.05695752102
2810000	1028.01976635803
2815000	1027.74365345001
2820000	1028.18677916956
2825000	1028.30584657038
2830000	1028.00461271995
2835000	1027.87470526894
2840000	1027.99063289436
2845000	1028.25133624675
2850000	1028.20224995554
2855000	1028.04317305082
2860000	1028.06859338362
2865000	1027.87194466506
2870000	1028.06705453003
2875000	1028.33376009085
2880000	1027.93402608822
2885000	1027.86248148964
2890000	1027.77347454639
2895000	1028.20499977080
2900000	1028.21771363215
2905000	1027.58247105062
2910000	1027.68768456454
2915000	1027.75444776743
2920000	1027.63505177436
2925000	1027.99504109931
2930000	1027.92255406581
2935000	1027.82583277694
2940000	1027.97436742338
2945000	1027.86827757572
2950000	1028.29862635864
2955000	1027.98096575377
2960000	1027.99308475558
2965000	1027.82505177097
2970000	1027.93118556547
2975000	1027.63005024642
2980000	1028.04855920062
2985000	1028.43592864048
2990000	1028.45930872707
2995000	1028.15882748367
3000000	1027.98075287816
3005000	1027.62190967689
3010000	1027.92424086140
3015000	1028.18188784193
3020000	1027.68019825367
3025000	1027.78981776825
3030000	1027.89112539804
3035000	1028.05323813135
3040000	1027.82590985362
3045000	1027.65711992693
3050000	1027.96007555208
3055000	1027.73527378173
3060000	1027.51683968912
3065000	1027.59929331525
3070000	1027.99415682601
3075000	1027.81873646156
3080000	1027.87103230819
3085000	1028.07237492326
3090000	1027.84739962457
3095000	1028.15783073344
3100000	1027.86191673711
3105000	1028.20411348669
3110000	1028.30286910326
3115000	1028.07116026369
3120000	1028.09710644796
3125000	1028.00528067303
3130000	1027.78692842442
3135000	1027.62085130904
3140000	1027.70255903846
3145000	1028.15294104005
3150000	1028.01003420741
3155000	1028.25591070596
3160000	1028.13818267259
3165000	1027.95377192892
3170000	1027.72232309561
3175000	1027.98709274397
3180000	1028.50060122245
3185000	1028.46253819796
3190000	1027.86564616461
3195000	1028.12838300093
3200000	1028.14785849970
3205000	1028.34441940301
3210000	1028.17667602017
3215000	1028.10920380375
3220000	1028.28049496383
3225000	1028.22174502948
3230000	1028.12343710925
3235000	1027.75383327430
3240000	1027.98090402568
3245000	1028.20942555764
3250000	1028.36212498012
3255000	1027.86896215620
3260000	1028.05721485690
3265000	1028.16338852286
3270000	1027.70067447701
3275000	1027.68638068545
3280000	1027.81460505388
3285000	1027.96956567645
3290000	1028.24979458688
3295000	1028.52449423729
3300000	1027.95147795010
3305000	1027.52577357870
3310000	1027.60224820068
3315000	1027.76083717890
3320000	1027.74552321488
3325000	1028.31545421249
3330000	1028.31189139583
3335000	1028.51377793578
3340000	1027.97662167575
3345000	1028.05203471109
3350000	1027.56713702492
3355000	1028.03121255803
3360000	1028.08563690742
3365000	1028.26128270403
3370000	1027.92173792543
3375000	1028.10327907010
3380000	1027.99396169581
3385000	1027.81006465568
3390000	1027.97946739865
3395000	1028.05351222002
3400000	1028.69981640432
3405000	1028.28215965318
3410000	1028.14036527355
3415000	1028.01777700760
3420000	1027.84496613116
3425000	1027.67114227418
3430000	1028.27608921906
3435000	1028.44202090838
3440000	1028.26490607472
3445000	1028.07195836147
3450000	1028.18636757539
3455000	1027.90195222024
3460000	1028.08951458281
3465000	1028.16083387270
3470000	1028.14449734302
3475000	1027.61139997188
3480000	1027.56491127877
3485000	1027.33849050904
3490000	1027.66154194228
3495000	1027.92825033869
3500000	1027.86639204088
3505000	1028.02828774984
3510000	1027.81783992786
3515000	1027.94617062734
3520000	1027.93801993602
3525000	1027.59226772066
3530000	1028.09507629654
3535000	1028.04427450424
3540000	1028.18285448536
3545000	1028.09030003496
3550000	1027.87104148349
3555000	1027.83210223765
3560000	1027.60808200035
3565000	1027.65582804187
3570000	1027.90037119666
3575000	1027.87645021280
3580000	1028.26800111432
3585000	1028.07688879263
3590000	1027.96817380725
3595000	1027.26140852419
3600000	1027.50119923751
3605000	1028.28054247377
3610000	1028.07933033870
3615000	1028.30128934689
3620000	1028.01518627074
3625000	1028.25513694318
3630000	1027.90651054539
3635000	1027.99037066699
3640000	1028.53157629430
3645000	1028.13749251328
3650000	1028.19075034635
3655000	1028.15016799311
3660000	1028.00135995021
3665000	1027.94688342976
3670000	1027.76633307349
3675000	1027.26558164535
3680000	1027.72943577727
3685000	1027.41934069239
3690000	1027.73723260584
3695000	1027.66408241930
3700000	1028.04275860142
3705000	1028.03925541660
3710000	1027.99273827694
3715000	1028.06630666374
3720000	1027.91330069170
3725000	1028.21148416819
3730000	1028.33898772133
3735000	1028.04339877122
3740000	1027.94324660850
3745000	1028.25819472886
3750000	1028.21482657673
3755000	1028.09243083818
3760000	1028.18871504638
3765000	1027.83519406672
3770000	1028.26343688928
3775000	1028.50891949288
3780000	1028.32111919478
3785000	1028.00022801758
3790000	1027.88479897411
3795000	1027.54969848039
3800000	1027.80705883024
3805000	1027.60238465593
3810000	1027.81919349490
3815000	1028.07579744086
3820000	1028.19043816478
3825000	1028.18002090033
3830000	1027.82774575357
3835000	1028.00908867350
3840000	1028.09850292791
3845000	1027.96363822862
3850000	1027.86852067593
3855000	1027.91692550919
3860000	1028.09137434285
3865000	1027.73256173950
3870000	1027.71593392477
3875000	1027.89920513000
3880000	1027.68920891376
3885000	1027.64285634127
3890000	1028.06504190156
3895000	1028.06840667413
3900000	1028.34968183291
3905000	1027.99602579274
3910000	1027.97216304329
3915000	1028.15709799799
3920000	1028.01716726061
3925000	1027.87203425117
3930000	1027.81693534582
3935000	1027.94592479384
3940000	1027.60828748908
3945000	1027.34621559818
3950000	1027.98994230368
3955000	1027.70676637516
3960000	1027.57824836906
3965000	1027.90138770469
3970000	1027.98527222744
3975000	1027.61718483508
3980000	1027.70322576895
3985000	1027.90876445141
3990000	1027.73559433636
3995000	1027.58384926689
4000000	1028.04581703427
4005000	1028.21840593683
4010000	1028.37045964376
4015000	1028.29062475042
4020000	1028.01069628259
4025000	1028.05206646501
4030000	1028.01658582843
4035000	1028.25125291258
4040000	1027.62150009188
4045000	1027.68112764047
4050000	1027.97169911575
4055000	1027.93594250899
4060000	1028.22702105591
4065000	1028.37320267046
4070000	1028.33190057353
4075000	1028.14748834192
4080000	1028.16592465884
4085000	1028.16805511625
4090000	1027.91318719129
4095000	1027.85833535505
4100000	1027.80990610445
4105000	1027.90025173702
4110000	1027.58436692867
4115000	1027.73837828242
4120000	1027.79574441638
4125000	1028.11518238227
4130000	1028.19927162644
4135000	1028.03265195028
4140000	1027.96836532388
4145000	1027.86367892637
4150000	1027.84575725132
4155000	1027.43490415263
4160000	1027.80406997522
4165000	1027.65829973813
4170000	1027.26995261569
4175000	1027.65907920180
4180000	1027.74758364483
4185000	1027.88442660978
4190000	1028.14486782854
4195000	1027.84394577567
4200000	1028.07433813107
4205000	1028.13976549511
4210000	1027.80241406162
4215000	1027.92518725931
4220000	1027.76488131743
4225000	1028.11916040306
4230000	1028.23294228073
4235000	1028.28751162960
4240000	1028.06427326892
4245000	1028.35202184597
4250000	1028.05217792233
4255000	1028.01952902981
4260000	1028.03386543054
4265000	1028.25107740834
4270000	1028.59779686945
4275000	1028.04780329512
4280000	1027.74031132849
4285000	1027.77789422282
4290000	1027.70835174022
4295000	1027.87169588838
4300000	1028.16716649771
4305000	1027.97330782861
4310000	1028.22789836388
4315000	1028.33077585693
4320000	1028.11882453082
4325000	1027.90770873711
4330000	1028.00762926402
4335000	1027.87062623209
4340000	1027.73731142075
4345000	1028.16939459912
4350000	1028.24023525006
4355000	1028.20369369626
4360000	1027.98097926316
4365000	1028.01923949768
4370000	1028.17788454592
4375000	1028.06839743208
4380000	1027.71856978729
4385000	1028.18516168263
4390000	1028.37354926886
4395000	1028.11102511869
4400000	1028.02589926247
4405000	1027.77962225646
4410000	1027.68838680866
4415000	1027.98175306298
4420000	1028.09560709720
4425000	1028.07842052983
4430000	1028.20616847692
4435000	1027.69570399685
4440000	1027.36999990810
4445000	1027.62085081153
4450000	1028.22345826847
4455000	1028.03290346327
4460000	1028.03787504935
4465000	1027.88350886659
4470000	1028.17360480448
4475000	1027.63549746992
4480000	1027.78822022099
4485000	1027.56940219697
4490000	1027.77300586347
4495000	1027.75821175678
4500000	1028.09093696110
4505000	1027.72356923704
4510000	1027.95398496362
4515000	1028.26626188317
4520000	1027.83420982832
4525000	1028.05933548854
4530000	1027.56137517349
4535000	1027.99447647415
4540000	1027.69693547011
4545000	1027.36759078653
4550000	1027.43465908255
4555000	1027.40847830511
4560000	1027.48240279256
4565000	1027.61172855711
4570000	1027.56702846478
4575000	1027.53554849700
4580000	1027.97666399730
4585000	1028.27762171095
4590000	1028.06601924648
4595000	1028.38360957490
4600000	1028.80261668937
4605000	1028.50279896685
4610000	1028.23343267269
4615000	1028.27278755553
4620000	1028.21071558623
4625000	1028.04317199453
4630000	1028.20961838819
4635000	1028.03717906291
4640000	1027.79913932850
4645000	1027.67134495583
4650000	1028.10117264959
4655000	1028.21085041974
4660000	1027.69218109240
4665000	1027.67253928529
4670000	1027.62948538984
4675000	1027.69430674744
4680000	1027.97434982089
4685000	1028.22958481005
4690000	1027.85571229894
4695000	1028.23156741075
4700000	1028.15069318226
4705000	1027.86134714665
4710000	1027.44690402720
4715000	1027.76398402891
4720000	1027.95055440291
4725000	1027.88031771071
4730000	1027.72533575810
4735000	1027.72128030236
4740000	1027.78693412094
4745000	1028.55167316944
4750000	1028.37167840239
4755000	1028.05351572835
4760000	1028.07959251543
4765000	1027.89386086804
4770000	1028.08327669550
4775000	1028.05071370116
4780000	1028.32723845501
4785000	1028.21123094246
4790000	1028.28826233744
4795000	1028.13225382736
4800000	1027.64645774727
4805000	1028.05128541906
4810000	1028.13467300736
4815000	1028.10307096893
4820000	1028.50522562248
4825000	1027.88319449189
4830000	1028.08891888844
4835000	1028.10476205060
4840000	1028.40583789124
4845000	1027.85098031170
4850000	1027.59164375033
4855000	1028.25785672301
4860000	1028.26828295679
4865000	1027.91513234227
4870000	1027.86481611653
4875000	1027.67770637721
4880000	1027.84703055014
4885000	1027.93335368926
4890000	1027.79470635783
4895000	1027.98034251156
4900000	1027.81033485677
4905000	1028.13241416881
4910000	1027.76910259542
4915000	1027.71770005665
4920000	1027.77558466323
4925000	1028.18890744698
4930000	1028.18826157780
4935000	1027.93392892041
4940000	1028.05686972808
4945000	1027.74656878362
4950000	1028.10157932933
4955000	1027.91806591431
4960000	1027.74717079258
4965000	1027.88593735161
4970000	1027.63233729283
4975000	1027.89412950672
4980000	1028.07223898240
4985000	1028.02442095718
4990000	1027.96634790909
4995000	1028.26387371502
5000000	1028.19353613349
5005000	1028.09397447269
5010000	1028.11593297811
5015000	1027.98611575316
5020000	1027.58542586780
5025000	1027.58443475008
5030000	1027.36008318415
5035000	1027.75098675694
5040000	1027.50021614670
5045000	1027.71296977618
5050000	1027.92632607208
5055000	1027.82665997285
5060000	1028.12576979174
5065000	1027.95539176682
5070000	1027.68095496547
5075000	1027.80548419583
5080000	1028.05176229424
5085000	1027.42869681061
5090000	1027.70291192526
5095000	1028.00073066884
5100000	1027.94322100060
5105000	1028.17419343495
5110000	1028.28999718886
5115000	1028.13615100413
5120000	1027.79096143928
5125000	1027.79257709747
5130000	1027.94059581587
5135000	1028.15816740524
5140000	1028.10806315658
5145000	1028.35110724290
5150000	1028.28259227813
5155000	1028.16071766147
5160000	1028.40722401983
5165000	1028.25893678520
5170000	1028.27091088047
5175000	1027.78886551553
5180000	1027.59209316507
5185000	1027.71223806341
5190000	1027.93710173850
5195000	1027.99886960371
5200000	1028.40731132067
5205000	1028.23613638920
5210000	1028.04442536707
5215000	1028.07628255858
5220000	1027.97029880874
5225000	1028.14165703589
5230000	1028.27123420035
5235000	1028.11235667086
5240000	1028.35592567462
5245000	1028.18177462635
5250000	1027.80110543560
5255000	1028.34013552064
5260000	1028.04293908260
5265000	1028.10604284603
5270000	1028.27569478779
5275000	1027.76190927972
5280000	1027.91711764529
5285000	1027.94581114950
5290000	1028.10124992585
5295000	1028.34266549358
5300000	1027.92403703296
5305000	1028.06328314475
5310000	1028.32562797510
5315000	1027.84155567958
5320000	1027.71113401625
5325000	1027.73332641351
5330000	1027.72245788028
5335000	1028.02770643705
5340000	1028.04527957089
5345000	1028.14667733839
5350000	1028.08589490369
5355000	1028.07792459118
5360000	1027.94926047125
5365000	1027.81912341863
5370000	1027.55738161736
5375000	1027.93934994148
5380000	1027.89145121484
5385000	1028.22726518214
5390000	1028.31657159229
5395000	1028.42224514841
5400000	1028.13838955615
5405000	1028.29521959089
5410000	1027.93583390471
5415000	1027.82180907006
5420000	1027.63106534339
5425000	1027.64344330787
5430000	1027.41565533031
5435000	1027.73967174506
5440000	1027.89978378576
5445000	1027.99548608059
5450000	1028.10887266939
5455000	1027.68574151877
5460000	1027.91957197570
5465000	1027.87245446012
5470000	1028.03219239435
5475000	1027.89326475176
5480000	1027.75436158190
5485000	1027.87984478209
5490000	1027.95619782839
5495000	1027.99487573573
5500000	1027.92385771129
5505000	1027.82166154921
5510000	1028.23097901098
5515000	1028.57686037429
5520000	1027.95903217802
5525000	1027.99352601729
5530000	1027.99317735370
5535000	1028.10488835414
5540000	1027.88789587703
5545000	1028.39758483572
5550000	1028.27554371708
5555000	1027.81013285191
5560000	1027.76632774635
5565000	1027.94853122289
5570000	1027.82123318273
5575000	1027.55529706091
5580000	1027.87792814764
5585000	1028.09928567782
5590000	1028.28577428525
5595000	1028.23326782964
5600000	1027.91386697208
5605000	1027.84711455913
5610000	1028.06892189104
5615000	1027.94916788765
5620000	1028.20856535652
5625000	1028.27237495177
5630000	1028.31433960729
5635000	1028.10741448684
5640000	1027.98398711244
5645000	1027.92628087477
5650000	1028.06200195135
5655000	1028.16177810300
5660000	1027.96303411697
5665000	1028.06050852666
5670000	1027.65718894841
5675000	1027.71623295816
5680000	1028.05296397707
5685000	1027.71869411020
5690000	1027.37397796375
5695000	1027.45128128262
5700000	1027.37598255374
5705000	1027.47211088126
5710000	1027.60775475105
5715000	1027.82647293176
5720000	1027.93313319951
5725000	1027.89759432356
5730000	1027.81712895049
5735000	1027.73708025821
5740000	1027.57043529399
5745000	1027.46989009266
5750000	1027.61826985296
5755000	1027.47359514935
5760000	1028.11194384006
5765000	1028.44132274339
5770000	1028.03621031833
5775000	1028.14643279515
5780000	1027.93493946633
5785000	1028.03419529708
5790000	1028.29942309455
5795000	1028.25525881582
5800000	1028.11849782164
5805000	1028.34070879274
5810000	1028.19489485049
5815000	1028.14632879029
5820000	1028.15339463101
5825000	1028.58322227520
5830000	1028.57905158592
5835000	1028.56318452009
5840000	1028.13402416897
5845000	1027.93834453498
5850000	1028.12397401310
5855000	1028.04224829121
5860000	1028.05670216492
5865000	1027.61682100126
5870000	1027.53883474134
5875000	1027.38453270263
5880000	1028.13029695817
5885000	1028.06512846777
5890000	1028.01841103447
5895000	1027.87427496005
5900000	1028.02116733793
5905000	1027.64527801555
5910000	1027.84294241990
5915000	1027.67074386315
5920000	1028.04525340877
5925000	1027.87961794457
5930000	1027.83154400234
5935000	1027.90611216431
5940000	1027.96433926822
5945000	1028.08962601791
5950000	1027.83119232571
5955000	1027.95931364194
5960000	1028.07198817788
5965000	1027.94467091830
5970000	1028.18349938702
5975000	1028.03621526679
5980000	1028.04069640400
5985000	1028.03748107110
5990000	1027.68593197027
5995000	1027.87815869506
6000000	1027.81433056520
6005000	1027.83805028864
6010000	1027.85155910835
6015000	1028.10451027996
6020000	1028.26895424949
6025000	1028.14267031958
6030000	1028.20421978349
6035000	1027.89790752961
6040000	1028.25420269198
6045000	1028.03605339623
6050000	1027.97646774844
6055000	1028.05301406444
6060000	1028.00373340970
6065000	1027.70761559432
6070000	1027.93614849300
6075000	1028.11973059690
6080000	1027.80755930460
6085000	1028.05007635595
6090000	1027.80206555062
6095000	1027.42546719017
6100000	1027.43092052810
6105000	1027.64993395400
6110000	1027.45859709218
6115000	1027.66579984760
6120000	1028.09210123010
6125000	1028.16656634927
6130000	1028.26283346644
6135000	1027.92355884084
6140000	1027.74098509129
6145000	1027.99233221139
6150000	1028.09737198994
6155000	1028.27946623076
6160000	1027.86281983166
6165000	1028.04187817557
6170000	1027.92683451987
6175000	1027.91274484554
6180000	1027.96202078338
6185000	1027.92713068345
6190000	1028.20827529164
6195000	1027.85805541462
6200000	1028.02691332158
6205000	1028.23473973507
6210000	1028.05417994924
6215000	1028.06009953661
6220000	1027.94416557964
6225000	1027.74118068878
6230000	1028.16894884955
6235000	1028.05847676938
6240000	1027.75319179988
6245000	1027.92990544244
6250000	1028.00106991316
6255000	1027.97625244434
6260000	1027.96052400489
6265000	1028.21974096400
6270000	1028.15198131304
6275000	1027.97784776463
6280000	1027.97733345341
6285000	1028.18905897579
6290000	1028.36552076511
6295000	1028.07866476100
6300000	1027.89776837018
6305000	1028.35627390865
6310000	1028.09703494586
6315000	1027.77553570161
6320000	1027.68784106906
6325000	1027.54198524485
6330000	1027.78794682078
6335000	1027.78699275611
6340000	1028.09852772283
6345000	1028.40472926143
6350000	1028.10373592999
6355000	1028.10326133580
6360000	1028.30673444666
6365000	1027.82243899690
6370000	1027.93629173196
6375000	1027.94421229989
6380000	1027.83607109316
6385000	1027.72096276184
6390000	1027.54231000542
6395000	1028.29352463323
6400000	1028.41918335377
6405000	1028.20669715478
6410000	1028.29279337922
6415000	1028.30947461815
6420000	1027.98335254660
6425000	1028.04918041231
6430000	1028.28861146494
6435000	1028.06499630862
6440000	1027.84295028168
6445000	1027.94634130829
6450000	1027.98913565604
6455000	1028.21426631940
6460000	1028.32620582219
6465000	1028.37604613941
6470000	1028.40007149892
6475000	1027.95645711804
6480000	1027.96667355523
6485000	1028.28539256239
6490000	1027.74490041205
6495000	1027.71709821250
6500000	1027.95832960903
6505000	1027.87007808185
6510000	1027.87711571357
6515000	1028.22339130047
6520000	1027.95980565479
6525000	1027.88861731932
6530000	1027.86989287389
6535000	1027.73846081262
6540000	1027.86641517075
6545000	1028.02613702686
6550000	1027.82242484560
6555000	1028.08895496136
6560000	1028.53382215800
6565000	1028.58827214706
6570000	1028.13695963174
6575000	1027.96905644722
6580000	1028.16460772995
6585000	1028.06222641696
6590000	1027.47265874071
6595000	1027.15997523371
6600000	1027.50872838147
6605000	1028.12724176652
6610000	1027.83407966496
6615000	1027.94454384781
6620000	1027.73297703383
6625000	1028.05878396868
6630000	1028.20194449050
6635000	1027.82091730886
6640000	1027.81399700228
6645000	1027.60559905731
6650000	1027.74903683385
6655000	1028.00780827027
6660000	1027.71558761076
6665000	1027.81789920138
6670000	1028.04893159938
6675000	1028.05016420446
6680000	1027.78430715086
6685000	1027.80211740313
6690000	1028.12019451046
6695000	1027.78444606082
6700000	1028.38098972963
6705000	1027.95441478251
6710000	1028.18847038385
6715000	1028.10900422856
6720000	1027.92788065043
6725000	1027.66452569792
6730000	1028.19135847119
6735000	1027.89039006853
6740000	1028.04755701862
6745000	1028.07821423117
6750000	1028.50764057426
6755000	1028.17870915694
6760000	1027.90980025647
6765000	1027.95454824895
6770000	1027.91268635585
6775000	1028.13476343936
6780000	1027.89502945286
6785000	1027.38608315901
6790000	1027.70052680737
6795000	1027.58730800766
6800000	1028.04911225142
6805000	1027.98707374956
6810000	1027.95385872416
6815000	1028.13005345183
6820000	1028.10743632317
6825000	1028.23610605668
6830000	1028.21627987941
6835000	1027.97859609272
6840000	1028.07786136587
6845000	1028.17295676609
6850000	1027.92688962617
6855000	1028.10466677837
6860000	1027.83403584345
6865000	1027.63357524699
6870000	1027.82372806839
6875000	1027.77061329585
6880000	1027.79556949094
6885000	1027.92855775973
6890000	1027.79109192102
6895000	1027.84092454125
6900000	1028.14771338461
6905000	1028.00483412273
6910000	1028.15523759347
6915000	1028.40597043194
6920000	1028.26941432275
6925000	1028.44843451006
6930000	1027.91805711887
6935000	1027.98305343838
6940000	1027.72351928829
6945000	1027.85650972672
6950000	1028.00143413306
6955000	1027.55164077027
6960000	1027.64559602994
6965000	1028.00344998780
6970000	1027.92631850536
6975000	1027.71736972236
6980000	1027.62427944705
6985000	1027.83179109880
6990000	1028.24363993525
6995000	1028.13229300116
7000000	1027.88142033191
7005000	1028.11640145057
7010000	1027.74097768898
7015000	1028.38467187262
7020000	1028.39841700574
7025000	1027.83398590122
7030000	1028.37312298723
7035000	1028.09370102085
7040000	1027.92121446475
7045000	1027.99089431045
7050000	1028.15864337121
7055000	1028.31774742790
7060000	1028.16853790892
7065000	1027.99166340916
7070000	1028.36291484045
7075000	1028.54212229037
7080000	1028.33960065058
7085000	1028.09064303241
7090000	1027.84617676583
7095000	1027.75046627379
7100000	1028.18452604438
7105000	1028.00986348489
7110000	1028.00296060329
7115000	1028.16180428327
7120000	1028.13414042298
7125000	1027.74959551319
7130000	1028.15183891746
7135000	1027.89173892409
7140000	1028.14943052522
7145000	1027.83462387924
7150000	1027.66562502263
7155000	1028.04778096107
7160000	1027.97166489054
7165000	1028.38239265420
7170000	1027.76609358182
7175000	1028.09916535809
7180000	1028.03895076342
7185000	1028.21084593008
7190000	1027.82212607389
7195000	1028.02052834785
7200000	1027.75099515705
7205000	1027.90084110962
7210000	1027.97010337341
7215000	1027.88758746834
7220000	1027.78104625480
7225000	1027.83956963564
7230000	1027.60879391973
7235000	1027.63073774895
7240000	1028.17268603060
7245000	1027.97736329598
7250000	1028.12299244146
7255000	1028.40775906846
7260000	1028.30552342822
7265000	1028.26914303330
7270000	1027.97586911789
7275000	1028.35273130537
7280000	1028.03097411792
7285000	1027.96694415313
7290000	1027.96912386705
7295000	1028.25575001305
7300000	1028.08408208789
7305000	1028.00731737150
7310000	1028.26955737819
7315000	1027.79198293879
7320000	1027.84705994561
7325000	1028.12551205782
7330000	1028.01170230039
7335000	1027.76852328420
7340000	1028.11151178690
7345000	1027.73990237582
7350000	1028.00893425256
7355000	1028.23803683407
7360000	1027.81999784502
7365000	1027.96127643187
7370000	1027.65894030746
7375000	1027.95899126926
7380000	1028.38983101623
7385000	1028.14141208548
7390000	1027.88212414908
7395000	1027.64104259990
7400000	1027.86405593699
7405000	1027.79365605029
7410000	1027.92961704058
7415000	1027.92927216062
7420000	1027.41148687170
7425000	1028.16045076345
7430000	1028.22751267222
7435000	1027.94213622348
7440000	1027.87359070010
7445000	1027.75193267786
7450000	1027.94739705724
7455000	1027.90777937711
7460000	1028.13406172566
7465000	1028.06764382552
7470000	1028.32910703523
7475000	1027.81678593097
7480000	1027.64148514460
7485000	1028.02781629255
7490000	1028.26920689071
7495000	1027.93491107178
7500000	1028.04033225520
7505000	1028.05338957280
7510000	1027.92958048228
7515000	1027.84261421511
7520000	1028.04497854318
7525000	1027.82887667070
7530000	1028.00822468462
7535000	1028.29650000721
7540000	1028.27391722296
7545000	1028.07460774402
7550000	1027.98888931311
7555000	1027.89810770823
7560000	1028.34334717662
7565000	1028.34780382618
7570000	1028.61460849434
7575000	1028.59192693905
7580000	1028.59784815400
7585000	1028.32580600776
7590000	1028.31636809508
7595000	1028.29591524607
7600000	1027.87596473635
7605000	1028.39884495247
7610000	1028.00345558769
7615000	1027.96437220916
7620000	1028.00750069605
7625000	1027.94520970372
7630000	1027.67233727875
7635000	1027.99848340797
7640000	1028.09431662959
7645000	1028.13929352003
7650000	1028.12960282077
7655000	1028.28879551757
7660000	1028.03159830640
7665000	1027.84025141572
7670000	1027.64708950218
7675000	1027.44206893053
7680000	1027.64040929323
7685000	1027.89024205375
7690000	1027.85499111533
7695000	1028.10043846834
7700000	1028.21947688445
7705000	1027.79243183314
7710000	1028.13302117021
7715000	1028.20083697698
7720000	1028.06431466420
7725000	1027.90426601900
7730000	1027.64522629833
7735000	1027.60114629549
7740000	1027.88298618338
7745000	1027.91947192440
7750000	1028.20058954717
7755000	1027.52253555948
7760000	1027.60777098643
7765000	1027.72086853418
7770000	1027.52226424386
7775000	1027.56019769152
7780000	1027.68739370006
7785000	1027.78756974143
7790000	1027.87063293062
7795000	1027.45040787827
7800000	1027.82634044073
7805000	1028.04187641880
7810000	1027.75019301334
7815000	1027.93360948615
7820000	1027.78784380604
7825000	1027.52242412798
7830000	1028.22586823342
7835000	1028.04286288387
7840000	1027.99954531035
7845000	1027.80685854665
7850000	1027.98766902374
7855000	1027.92809550066
7860000	1027.69231191821
7865000	1028.03058685016
7870000	1028.27551012107
7875000	1028.09787477240
7880000	1028.07400456971
7885000	1027.65975523944
7890000	1027.81135964700
7895000	1028.07823316469
7900000	1027.97623551305
7905000	1028.03426602710
7910000	1027.99459679913
7915000	1027.66432261863
7920000	1027.71182554163
7925000	1027.75619263221
7930000	1027.97358693870
7935000	1027.90181873289
7940000	1028.36019652133
7945000	1028.34791765228
7950000	1027.88474871917
7955000	1027.99918595345
7960000	1027.98698278080
7965000	1027.67487026781
7970000	1028.12167084370
7975000	1027.68505654974
7980000	1028.04053333050
7985000	1027.90983455750
7990000	1028.09040931804
7995000	1028.15018365883
8000000	1028.18707291452
8005000	1028.61054042317
8010000	1028.24344445721
8015000	1028.13774879652
8020000	1028.23384553237
8025000	1028.25265232368
8030000	1027.96060326601
8035000	1028.18494393016
8040000	1028.30829116742
8045000	1028.30012998981
8050000	1028.21935395308
8055000	1028.22335671058
8060000	1027.96727889283
8065000	1027.88558316755
8070000	1027.91013342223
8075000	1028.03310884148
8080000	1027.88928651940
8085000	1028.10612813007
8090000	1028.31333540155
8095000	1028.16668250426
8100000	1027.89488076078
8105000	1028.11484051481
8110000	1027.93869287213
8115000	1027.77335248899
8120000	1027.75172836420
8125000	1027.63835130651
8130000	1027.48877137709
8135000	1028.19612726085
8140000	1027.90650187668
8145000	1028.19186480029
8150000	1028.04629736943
8155000	1027.81394244394
8160000	1027.99126759932
8165000	1028.38793876902
8170000	1028.12021098221
8175000	1028.09184208357
8180000	1028.34709077107
8185000	1028.00397860726
8190000	1027.77190744169
8195000	1028.01322654047
8200000	1027.82817480034
8205000	1027.97402668722
8210000	1028.09538060929
8215000	1027.80682771249
8220000	1028.32695206455
8225000	1028.24651068025
8230000	1028.14326119860
8235000	1027.91478682770
8240000	1027.63449076935
8245000	1027.85208626545
8250000	1028.14969274934
8255000	1028.25851587047
8260000	1028.10874855273
8265000	1028.06659283460
8270000	1027.77774445703
8275000	1028.06832642504
8280000	1028.09620796940
8285000	1027.38701394206
8290000	1028.14350480510
8295000	1027.90701223387
8300000	1028.14736831042
8305000	1028.07240296358
8310000	1027.97660367235
8315000	1028.15568419864
8320000	1027.98530500804
8325000	1027.76749100904
8330000	1027.57818161008
8335000	1027.45578415067
8340000	1027.69657154147
8345000	1028.02477142768
8350000	1027.65142989011
8355000	1028.09084226370
8360000	1028.13141345992
8365000	1028.16121894991
8370000	1028.24139348720
8375000	1028.35679401288
8380000	1028.23941463217
8385000	1027.82463043429
8390000	1028.00343671389
8395000	1027.64927257669
8400000	1027.73597605830
8405000	1027.66043527479
8410000	1027.85669730282
8415000	1028.10726288092
8420000	1028.00010043942
8425000	1028.04596965283
8430000	1027.86990666926
8435000	1028.32160713629
8440000	1028.19164512738
8445000	1028.08862257662
8450000	1028.11964756005
8455000	1028.21128020097
8460000	1027.72488032500
8465000	1027.82594278263
8470000	1028.05724363157
8475000	1028.45926139782
8480000	1028.18209530910
8485000	1028.05599496785
8490000	1028.12956478541
8495000	1027.85583744663
8500000	1027.89299085063
8505000	1027.75370411905
8510000	1028.20743083580
8515000	1027.92084641782
8520000	1027.91328700677
8525000	1027.78691596620
8530000	1027.96157338279
8535000	1027.97036355951
8540000	1027.91527229681
8545000	1027.66649896548
8550000	1027.92167751950
8555000	1027.89162943397
8560000	1027.93387857895
8565000	1027.72839927995
8570000	1028.23822416527
8575000	1028.27462174811
8580000	1028.09140698748
8585000	1027.80225038378
8590000	1027.87794379778
8595000	1028.15287854510
8600000	1028.08562263677
8605000	1027.83191335737
8610000	1028.09254443517
8615000	1027.95594949646
8620000	1027.93844830446
8625000	1027.85027260483
8630000	1028.03941142592
8635000	1028.34691501876
8640000	1027.80967260777
8645000	1028.18065813366
8650000	1028.36508322153
8655000	1028.28553972100
8660000	1028.19804514374
8665000	1027.80793990652
8670000	1027.61027007462
8675000	1027.76967181886
8680000	1027.96773192348
8685000	1027.97294376787
8690000	1027.92333972001
8695000	1027.95086455229
8700000	1028.02276516698
8705000	1027.81709764133
8710000	1027.97880955393
8715000	1028.26828592175
8720000	1028.06656764626
8725000	1027.59116518784
8730000	1027.73728140620
8735000	1027.84088585747
8740000	1028.10174587766
8745000	1028.12181122254
8750000	1028.16576150419
8755000	1028.15666953373
8760000	1027.88102864787
8765000	1028.00900104639
8770000	1027.90774871350
8775000	1028.00235504856
8780000	1027.87161207335
8785000	1027.95852612373
8790000	1027.76420152499
8795000	1027.86450657531
8800000	1028.07081303446
8805000	1027.99228323096
8810000	1028.52335855397
8815000	1028.17326898638
8820000	1028.06593220687
8825000	1027.97181477985
8830000	1027.83243295995
8835000	1028.27205303283
8840000	1028.42988968938
8845000	1028.07582762550
8850000	1028.24615126202
8855000	1028.28246119334
8860000	1028.24457838321
8865000	1027.79895143382
8870000	1027.71483372333
8875000	1027.78054451078
8880000	1027.97945871984
8885000	1027.78193340015
8890000	1027.48863148132
8895000	1028.28334452670
8900000	1028.15115023437
8905000	1028.19333278080
8910000	1027.96113013499
8915000	1027.91072358721
8920000	1028.31240324694
8925000	1028.32064677895
8930000	1028.08106639979
8935000	1027.89591259168
8940000	1028.38605589946
8945000	1028.58870382984
8950000	1028.71922855991
8955000	1028.17762157186
8960000	1028.09270056596
8965000	1028.36603884952
8970000	1028.18672116602
8975000	1027.77277574036
8980000	1028.03066164469
8985000	1028.21259614994
8990000	1028.26746464095
8995000	1028.23589711402
9000000	1027.84740762056
9005000	1028.01348098272
9010000	1027.72280492751
9015000	1027.83444916890
9020000	1027.94719538691
9025000	1027.47297800135
9030000	1028.04532742651
9035000	1027.82340345253
9040000	1028.36825702751
9045000	1028.28375924879
9050000	1027.83006971123
9055000	1027.88189725648
9060000	1027.69994788878
9065000	1028.12130739763
9070000	1027.93319633587
9075000	1028.11573989965
9080000	1027.92537422255
9085000	1027.71375162813
9090000	1027.59478586303
9095000	1027.84357051391
9100000	1028.03465187957
9105000	1028.41241263795
9110000	1027.85904525488
9115000	1027.91923005367
9120000	1027.84233449260
9125000	1027.80960037351
9130000	1028.15283447165
9135000	1028.17185945319
9140000	1028.17564462487
9145000	1027.82558940887
9150000	1027.70254116243
9155000	1027.68308803496
9160000	1028.04962749033
9165000	1028.19655744149
9170000	1028.14472798611
9175000	1028.05807839782
9180000	1027.60519220871
9185000	1027.77785140539
9190000	1027.75128289527
9195000	1027.68996573414
9200000	1027.93128437498
9205000	1028.41819681376
9210000	1028.07161984052
9215000	1028.06693135092
9220000	1027.85638934856
9225000	1027.78313018451
9230000	1027.97032474274
9235000	1027.98402042069
9240000	1027.63080591194
9245000	1027.52084959973
9250000	1027.69223330850
9255000	1027.63638246975
9260000	1027.84299883555
9265000	1028.32405785278
9270000	1028.17065781026
9275000	1028.31067769934
9280000	1027.86439090910
9285000	1028.13416500767
9290000	1028.16958209771
9295000	1028.30176290904
9300000	1027.85801082966
9305000	1027.92317256805
9310000	1027.78019148845
9315000	1027.93511776935
9320000	1028.00413208257
9325000	1027.96986816358
9330000	1028.10820586518
9335000	1028.37994768648
9340000	1028.24441197599
9345000	1028.23520150813
9350000	1028.37635407460
9355000	1027.56052138692
9360000	1027.73498245671
9365000	1027.82094701254
9370000	1027.92543657078
9375000	1027.79026810090
9380000	1027.40681341960
9385000	1027.61463571476
9390000	1027.80938117598
9395000	1028.04820161396
9400000	1027.80232139223
9405000	1027.90834332078
9410000	1028.22994443139
9415000	1028.03065505038
9420000	1027.70856956490
9425000	1027.59125918745
9430000	1028.10566859491
9435000	1027.98385286345
9440000	1028.22400058404
9445000	1028.10562165062
9450000	1028.29234565062
9455000	1028.03874762185
9460000	1027.98046284374
9465000	1027.95217662913
9470000	1028.46857689329
9475000	1028.45643543532
9480000	1028.58481117773
9485000	1028.27588819396
9490000	1028.35499984539
9495000	1027.78426969665
9500000	1028.13478500039
9505000	1027.91547927904
9510000	1028.08253154060
9515000	1028.41270149570
9520000	1028.30201575030
9525000	1028.19316863076
9530000	1028.24195731891
9535000	1028.13348608418
9540000	1027.85964504964
9545000	1027.67659505056
9550000	1027.58020484892
9555000	1027.81058638737
9560000	1027.88878237633
9565000	1028.18567903009
9570000	1027.93754942513
9575000	1027.81056351190
9580000	1027.64401195996
9585000	1027.64651090327
9590000	1027.92738935185
9595000	1027.78768586376
9600000	1028.00738254977
9605000	1027.93933613610
9610000	1027.84568491142
9615000	1028.28345705415
9620000	1028.38325606091
9625000	1028.34367633633
9630000	1027.98472382606
9635000	1028.12324581029
9640000	1028.15016429131
9645000	1028.14780124738
9650000	1027.82059743016
9655000	1028.13614823786
9660000	1027.92236654693
9665000	1027.94138932551
9670000	1028.13712157944
9675000	1028.57718841935
9680000	1028.93107908482
9685000	1028.53061378936
9690000	1028.24389953360
9695000	1027.82603278375
9700000	1028.11116212787
9705000	1027.87284109954
9710000	1027.59852143143
9715000	1027.92998987656
9720000	1028.31979943228
9725000	1028.14874588748
9730000	1028.27506000534
9735000	1028.20336028264
9740000	1027.69992593993
9745000	1027.69024856133
9750000	1027.86548806059
9755000	1027.92508774515
9760000	1028.19510087815
9765000	1027.86469962599
9770000	1028.25825338435
9775000	1027.85787308107
9780000	1027.91941885400
9785000	1027.98404293026
9790000	1027.56686090799
9795000	1027.72703959015
9800000	1027.91797273577
9805000	1027.61058540839
9810000	1028.24274653914
9815000	1027.91297465673
9820000	1028.01098369886
9825000	1027.78363922621
9830000	1027.82019907399
9835000	1027.81013026337
9840000	1028.31444557648
9845000	1028.52189383617
9850000	1028.47313000010
9855000	1028.03275755647
9860000	1027.73475577221
9865000	1027.80433508933
9870000	1028.04758414914
9875000	1027.79658201067
9880000	1027.68337766097
9885000	1027.49138230059
9890000	1027.83153130380
9895000	1027.80098521408
9900000	1027.72511383041
9905000	1027.94631074243
9910000	1027.89881637185
9915000	1028.00128108309
9920000	1027.92057623803
9925000	1027.69763464571
9930000	1028.17320101769
9935000	1028.15955153876
9940000	1028.48530727952
9945000	1028.58748006402
9950000	1028.47947640342
9955000	1028.26485250192
9960000	1028.06579683340
9965000	1028.26708060781
9970000	1028.43509242125
9975000	1028.05870694100
9980000	1027.61809118641
9985000	1027.64837182683
9990000	1028.19793021250
9995000	1028.12278484833
10000000	1027.72398560676
