#	SIM_20_0.05_-6.23	
1	13.0000000000000
500	13.0018738261143
1000	13.0023244269648
1500	13.0020103810497
2000	13.0017843449545
2500	13.0019196185825
3000	13.0022833917353
3500	13.0023901873515
4000	13.0017252842986
4500	13.0011088812237
5000	13.0003801685996
5500	13.0001849317828
6000	13.0002464752637
6500	12.9999268268500
7000	12.9992289747299
7500	12.9986855185000
8000	12.9983549044838
8500	12.9980227583954
9000	12.9976564066621
9500	12.9976006579628
10000	12.9972017254601
10500	12.9971230676932
11000	12.9970252369808
11500	12.9969343844539
12000	12.9959600004749
12500	12.9956178713922
13000	12.9954368510352
13500	12.9952777889188
14000	12.9944353249964
14500	12.9940386351468
15000	12.9938815265957
15500	12.9938484960166
16000	12.9934178144067
16500	12.9933457257843
17000	12.9932764372176
17500	12.9934892935840
18000	12.9931010236310
18500	12.9931268934648
19000	12.9932508706094
19500	12.9933509523814
20000	12.9930785947031
20500	12.9932700019442
21000	12.9935661482758
21500	12.9931248322568
22000	12.9929271793009
22500	12.9929517199184
23000	12.9929046918019
23500	12.9931178886011
24000	12.9929282218444
24500	12.9924157977730
25000	12.9927133499510
25500	12.9925526984690
26000	12.9921830508335
26500	12.9923166932911
27000	12.9924921723197
27500	12.9927537063289
28000	12.9928746603085
28500	12.9932491896001
29000	12.9933176900569
29500	12.9932434175772
30000	12.9929157405630
30500	12.9930907125778
31000	12.9932722535764
31500	12.9934329365802
32000	12.9941543600791
32500	12.9941621194049
33000	12.9940546402975
33500	12.9940601126278
34000	12.9935012316955
34500	12.9931183286947
35000	12.9931131368357
35500	12.9926911338583
36000	12.9926252476856
36500	12.9926060786301
37000	12.9924845884068
37500	12.9920520821754
38000	12.9918028204999
38500	12.9918056018780
39000	12.9919179354902
39500	12.9921534496402
40000	12.9927293667515
40500	12.9928108761493
41000	12.9926924623781
41500	12.9929504737193
42000	12.9929827822893
42500	12.9927811778325
43000	12.9927666220819
43500	12.9925124190306
44000	12.9922650027481
44500	12.9925176097639
45000	12.9927725208980
45500	12.9930579060235
46000	12.9934767047328
46500	12.9934411223914
47000	12.9926060823461
47500	12.9924463475893
48000	12.9920355063797
48500	12.9922063673325
49000	12.9923471823096
49500	12.9923308893667
50000	12.9924770337274
50500	12.9923736288432
51000	12.9926155787536
51500	12.9932287471815
52000	12.9934062138725
52500	12.9935493107006
53000	12.9937626870218
53500	12.9935118258683
54000	12.9934149044533
54500	12.9935187521755
55000	12.9933602958894
55500	12.9937885619996
56000	12.9937195422618
56500	12.9939599358185
57000	12.9937956313368
57500	12.9938519415228
58000	12.9937182539233
58500	12.9937898215860
59000	12.9938046056482
59500	12.9935377305840
60000	12.9934265880605
60500	12.9936470748872
61000	12.9936496803809
61500	12.9940411652162
62000	12.9936560981271
62500	12.9936578303937
63000	12.9938322452425
63500	12.9942793706123
64000	12.9945438033281
64500	12.9941774490565
65000	12.9941686219110
65500	12.9942509842787
66000	12.9941064327780
66500	12.9943180824577
67000	12.9943672085061
67500	12.9943826054150
68000	12.9941830060476
68500	12.9942933222314
69000	12.9945920820508
69500	12.9946779870073
70000	12.9942326568866
70500	12.9940154059370
71000	12.9937761382959
71500	12.9940465668751
72000	12.9945001154859
72500	12.9946388161824
73000	12.9944376052254
73500	12.9943518016819
74000	12.9940471453225
74500	12.9940101513838
75000	12.9941161380157
75500	12.9940907318374
76000	12.9938230591399
76500	12.9936015720954
77000	12.9937960884817
77500	12.9940909679302
78000	12.9936415860521
78500	12.9930045559020
79000	12.9930996057534
79500	12.9930479805206
80000	12.9929013171680
80500	12.9927964615231
81000	12.9924837567638
81500	12.9927304678761
82000	12.9928529701860
82500	12.9933421530230
83000	12.9935614713009
83500	12.9937237807518
84000	12.9934699194553
84500	12.9933537695991
85000	12.9934728268599
85500	12.9938851210377
86000	12.9937584176547
86500	12.9938758011756
87000	12.9943840057001
87500	12.9945588026869
88000	12.9944688961966
88500	12.9946115501798
89000	12.9942224623420
89500	12.9941707829397
90000	12.9942107851894
90500	12.9939987722162
91000	12.9943939913879
91500	12.9944437891892
92000	12.9940525531157
92500	12.9938694308075
93000	12.9941579667886
93500	12.9942161727022
94000	12.9945860977500
94500	12.9953557786885
95000	12.9956817715011
95500	12.9957390150358
96000	12.9960582617733
96500	12.9961049702798
97000	12.9963027480400
97500	12.9971038302033
98000	12.9972438178149
98500	12.9974927701671
99000	12.9979392209936
99500	12.9977909330253
100000	12.9985363085861
