#	SIM_20_0.05_-6.23	
1	14.0000000000000
5000	14.0226138316140
10000	14.0246907270516
15000	14.0204942187540
20000	14.0202449184735
25000	14.0188451322443
30000	14.0162392550857
35000	14.0195894750928
40000	14.0212561397888
45000	14.0221829386478
50000	14.0205608831442
55000	14.0215893482962
60000	14.0204135983202
65000	14.0187917452042
70000	14.0156218889525
75000	14.0137333980799
80000	14.0096163702195
85000	14.0098173206962
90000	14.0115742134915
95000	14.0114257891351
100000	14.0138793056614
105000	14.0113380297816
110000	14.0115203403653
115000	14.0135716187874
120000	14.0143101062731
125000	14.0158753756402
130000	14.0153339388215
135000	14.0152437398014
140000	14.0124995716239
145000	14.0136272488655
150000	14.0144335583505
155000	14.0115992990294
160000	14.0101866341815
165000	14.0081025829562
170000	14.0070894677249
175000	14.0032406955014
180000	13.9986993505013
185000	13.9984045663227
190000	13.9982559874959
195000	13.9976615277367
200000	13.9953637669000
205000	13.9939114124134
210000	13.9995278937512
215000	13.9966451038967
220000	13.9976443844399
225000	13.9959278053017
230000	13.9949769429013
235000	13.9916764175278
240000	13.9886919080107
245000	13.9853712415470
250000	13.9839148885497
255000	13.9838376339869
260000	13.9854800804519
265000	13.9860200763530
270000	13.9846942611007
275000	13.9854321239772
280000	13.9836833297764
285000	13.9813521851096
290000	13.9804481478922
295000	13.9802457415348
300000	13.9796345860019
305000	13.9825460564252
310000	13.9842423631614
315000	13.9855205920161
320000	13.9893079033244
325000	13.9905629433645
330000	13.9912619172508
335000	13.9902229491095
340000	13.9934913714406
345000	13.9961745759829
350000	13.9942157650256
355000	13.9915353603739
360000	13.9925072444620
365000	13.9954901691227
370000	13.9928746172857
375000	13.9944533888273
380000	13.9914027278601
385000	13.9926016492425
390000	13.9907458642043
395000	13.9921550282342
400000	13.9908461010431
405000	13.9913836028477
410000	13.9869438956327
415000	13.9888468038623
420000	13.9899774911652
425000	13.9869615811070
430000	13.9830786452225
435000	13.9857734078393
440000	13.9908039795181
445000	13.9919071199748
450000	13.9919906891029
455000	13.9908206611241
460000	13.9905359246925
465000	13.9877779963443
470000	13.9873806575150
475000	13.9838872766444
480000	13.9801460864252
485000	13.9744107466287
490000	13.9752767235276
495000	13.9747190376833
500000	13.9783710662761
505000	13.9805955942021
510000	13.9801526207635
515000	13.9827948951466
520000	13.9807168606172
525000	13.9787099954257
530000	13.9826909714395
535000	13.9779039017392
540000	13.9819613662359
545000	13.9811383585785
550000	13.9757762852839
555000	13.9745074929910
560000	13.9715504782875
565000	13.9713892504560
570000	13.9693735234966
575000	13.9625295486752
580000	13.9636193670383
585000	13.9658243622075
590000	13.9678257777442
595000	13.9675034147380
600000	13.9652107323990
605000	13.9642907695196
610000	13.9622450489668
615000	13.9617813218232
620000	13.9640803953218
625000	13.9656649639868
630000	13.9675849323661
635000	13.9696060624455
640000	13.9705441576918
645000	13.9707448623383
650000	13.9682395861653
655000	13.9640764600424
660000	13.9613865486393
665000	13.9607581592557
670000	13.9577465948825
675000	13.9623182149063
680000	13.9632576176773
685000	13.9649233216794
690000	13.9677229644038
695000	13.9680896562290
700000	13.9660552639109
705000	13.9710478644502
710000	13.9703036897419
715000	13.9697457853467
720000	13.9691336403107
725000	13.9674489662808
730000	13.9653360271769
735000	13.9637940422522
740000	13.9680463518976
745000	13.9653463335857
750000	13.9637686516774
755000	13.9654150132964
760000	13.9666764072167
765000	13.9679535282762
770000	13.9627564965919
775000	13.9653985803900
780000	13.9638184987483
785000	13.9638463655593
790000	13.9652967712469
795000	13.9657140255969
800000	13.9628630175750
805000	13.9629515920323
810000	13.9622775003353
815000	13.9685916559108
820000	13.9634990600205
825000	13.9665843028442
830000	13.9612522899490
835000	13.9620229314372
840000	13.9645863955634
845000	13.9631246493895
850000	13.9631979468281
855000	13.9643787884913
860000	13.9674431007338
865000	13.9699150200837
870000	13.9705924832485
875000	13.9682795247277
880000	13.9674757530519
885000	13.9662152114000
890000	13.9655070251520
895000	13.9614615468042
900000	13.9642102712086
905000	13.9689537405397
910000	13.9653895153648
915000	13.9659693497391
920000	13.9662549372984
925000	13.9672648078125
930000	13.9673970202614
935000	13.9659661324364
940000	13.9677094197421
945000	13.9716178529249
950000	13.9730459649536
955000	13.9695095578917
960000	13.9689679163268
965000	13.9660815700559
970000	13.9660546020980
975000	13.9684906684787
980000	13.9704768512519
985000	13.9727754064276
990000	13.9730011853477
995000	13.9713843436940
1000000	13.9705643412087
1005000	13.9689128667774
1010000	13.9685491343521
1015000	13.9660562992929
1020000	13.9659534111151
1025000	13.9654543914497
1030000	13.9625515635693
1035000	13.9637714861149
1040000	13.9651717392444
1045000	13.9696281015539
1050000	13.9658189818482
1055000	13.9656894282786
1060000	13.9634895250165
1065000	13.9623588191660
1070000	13.9620321539498
1075000	13.9609789739821
1080000	13.9608101233989
1085000	13.9596655995496
1090000	13.9587027715552
1095000	13.9612834808766
1100000	13.9565552175023
1105000	13.9559438325799
1110000	13.9574803483241
1115000	13.9559679695008
1120000	13.9526602397116
1125000	13.9528983109238
1130000	13.9576200304051
1135000	13.9595094203999
1140000	13.9576083544095
1145000	13.9539249506954
1150000	13.9549157732651
1155000	13.9560665833865
1160000	13.9521914092311
1165000	13.9527409634501
1170000	13.9522922344740
1175000	13.9545673331131
1180000	13.9493195881357
1185000	13.9471278852614
1190000	13.9487488061687
1195000	13.9500035839259
1200000	13.9494201371529
1205000	13.9504627617465
1210000	13.9536060406438
1215000	13.9504998853302
1220000	13.9483985484112
1225000	13.9488785669015
1230000	13.9503753970361
1235000	13.9521782231096
1240000	13.9523090886084
1245000	13.9533147313276
1250000	13.9550351995171
1255000	13.9548821357766
1260000	13.9499513231498
1265000	13.9464401577991
1270000	13.9460885398770
1275000	13.9460870815833
1280000	13.9466742017722
1285000	13.9431572658911
1290000	13.9400824194886
1295000	13.9379377333990
1300000	13.9344996735694
1305000	13.9389636135766
1310000	13.9427141356158
1315000	13.9420948281811
1320000	13.9460266552369
1325000	13.9453762107281
1330000	13.9476017144417
1335000	13.9451263940431
1340000	13.9500056509430
1345000	13.9510035416076
1350000	13.9484085953400
1355000	13.9498911938173
1360000	13.9484550004799
1365000	13.9520088500165
1370000	13.9502489587558
1375000	13.9560982601168
1380000	13.9623558528859
1385000	13.9661800832620
1390000	13.9601080454312
1395000	13.9588829680563
1400000	13.9628883431906
1405000	13.9640666447864
1410000	13.9627621058966
1415000	13.9653065705798
1420000	13.9662805272055
1425000	13.9642743950353
1430000	13.9659491923801
1435000	13.9636831727485
1440000	13.9636530854940
1445000	13.9616844116688
1450000	13.9663691355722
1455000	13.9659956206544
1460000	13.9629521957895
1465000	13.9584575350771
1470000	13.9594068355617
1475000	13.9592225435858
1480000	13.9600774032213
1485000	13.9586292885869
1490000	13.9579904623388
1495000	13.9597280938352
1500000	13.9652020823787
1505000	13.9593747649840
1510000	13.9617109084309
1515000	13.9610769157587
1520000	13.9587491104453
1525000	13.9560831759272
1530000	13.9598785819476
1535000	13.9571113419235
1540000	13.9564134803858
1545000	13.9552130437033
1550000	13.9605051105756
1555000	13.9627630748504
1560000	13.9622831577792
1565000	13.9644700878789
1570000	13.9636382477998
1575000	13.9649662434479
1580000	13.9680759400424
1585000	13.9672192960384
1590000	13.9653094043982
1595000	13.9610197817013
1600000	13.9629587463203
1605000	13.9658268254173
1610000	13.9632292551519
1615000	13.9665950560264
1620000	13.9654381971482
1625000	13.9662247184034
1630000	13.9670774002097
1635000	13.9663930108499
1640000	13.9702966921482
1645000	13.9708745786887
1650000	13.9658984707250
1655000	13.9659222683262
1660000	13.9677889927816
1665000	13.9712384101297
1670000	13.9717347216472
1675000	13.9727688422377
1680000	13.9732968495682
1685000	13.9751432754095
1690000	13.9742555020764
1695000	13.9790295894556
1700000	13.9766626022893
1705000	13.9746988926128
1710000	13.9734886477780
1715000	13.9738857533709
1720000	13.9698964901845
1725000	13.9693898792217
1730000	13.9720347929614
1735000	13.9699622014329
1740000	13.9700860312337
1745000	13.9705607844837
1750000	13.9668644007038
1755000	13.9676306427719
1760000	13.9665393865157
1765000	13.9641780986635
1770000	13.9657595752296
1775000	13.9655059389823
1780000	13.9675975090930
1785000	13.9646144475891
1790000	13.9660212710061
1795000	13.9628062549659
1800000	13.9654860496636
1805000	13.9681202829262
1810000	13.9698681849672
1815000	13.9693768607003
1820000	13.9726335267434
1825000	13.9665331554258
1830000	13.9652690753450
1835000	13.9697801238805
1840000	13.9722169869711
1845000	13.9726440801348
1850000	13.9725346604967
1855000	13.9730160759925
1860000	13.9695579001478
1865000	13.9645816916199
1870000	13.9679130310704
1875000	13.9728255561236
1880000	13.9711449084526
1885000	13.9705967262350
1890000	13.9680434881104
1895000	13.9660543945633
1900000	13.9699126597749
1905000	13.9720654840173
1910000	13.9713678307694
1915000	13.9761942873475
1920000	13.9751729842280
1925000	13.9741060896106
1930000	13.9732804695985
1935000	13.9694537138060
1940000	13.9706481104027
1945000	13.9704080230495
1950000	13.9709641872412
1955000	13.9673561155218
1960000	13.9695286397175
1965000	13.9691465426782
1970000	13.9689336092158
1975000	13.9683221824880
1980000	13.9676738266167
1985000	13.9669389460069
1990000	13.9658602758925
1995000	13.9690887142063
2000000	13.9689043780817
2005000	13.9643272681198
2010000	13.9646144787447
2015000	13.9666137571560
2020000	13.9684408096951
2025000	13.9683631527865
2030000	13.9680321340855
2035000	13.9665483326909
2040000	13.9655536785941
2045000	13.9677875539416
2050000	13.9656667216126
2055000	13.9656701848368
2060000	13.9654821681079
2065000	13.9677256205732
2070000	13.9629394816068
2075000	13.9644635635319
2080000	13.9635509049517
2085000	13.9639214835824
2090000	13.9630128928357
2095000	13.9648071385266
2100000	13.9661339029640
2105000	13.9646692538340
2110000	13.9653062341434
2115000	13.9591526516007
2120000	13.9563059751134
2125000	13.9552133609156
2130000	13.9572540683838
2135000	13.9547007165687
2140000	13.9542516476620
2145000	13.9549033915643
2150000	13.9592013248956
2155000	13.9563077818708
2160000	13.9570416946097
2165000	13.9552324895770
2170000	13.9569950162861
2175000	13.9578082956903
2180000	13.9573053088036
2185000	13.9557414745608
2190000	13.9620601297178
2195000	13.9624721580452
2200000	13.9626393232629
2205000	13.9606235977407
2210000	13.9589135146274
2215000	13.9607652405266
2220000	13.9646567571971
2225000	13.9614384743702
2230000	13.9644921726636
2235000	13.9651181736914
2240000	13.9662488153469
2245000	13.9694122023491
2250000	13.9664582431842
2255000	13.9676627028157
2260000	13.9695478910578
2265000	13.9652792003609
2270000	13.9682773436271
2275000	13.9660841514805
2280000	13.9663906207808
2285000	13.9635082834440
2290000	13.9635197829766
2295000	13.9621156138534
2300000	13.9621987156315
2305000	13.9596048970739
2310000	13.9628482917930
2315000	13.9608245089024
2320000	13.9596628250221
2325000	13.9573739556808
2330000	13.9554875881625
2335000	13.9551307347685
2340000	13.9528214998718
2345000	13.9523584260908
2350000	13.9500938421742
2355000	13.9510372483251
2360000	13.9492715797433
2365000	13.9511591799144
2370000	13.9536975261149
2375000	13.9528350609286
2380000	13.9499322771887
2385000	13.9509298966478
2390000	13.9482691429684
2395000	13.9525358386055
2400000	13.9540566387343
2405000	13.9513088242998
2410000	13.9533240918863
2415000	13.9537423803909
2420000	13.9544582134039
2425000	13.9572691524781
2430000	13.9599861222683
2435000	13.9592495287491
2440000	13.9597626161779
2445000	13.9617595956435
2450000	13.9624608542212
2455000	13.9627494427310
2460000	13.9636998363945
2465000	13.9633698034164
2470000	13.9658707623744
2475000	13.9654000822928
2480000	13.9676162096682
2485000	13.9679447137833
2490000	13.9656169424680
2495000	13.9668476700596
2500000	13.9684426300223
2505000	13.9676349473572
2510000	13.9669311377047
2515000	13.9638203765233
2520000	13.9623417719390
2525000	13.9619135486570
2530000	13.9595989587380
2535000	13.9650293551340
2540000	13.9653988795603
2545000	13.9605966816052
2550000	13.9609526110383
2555000	13.9595962503777
2560000	13.9598937584982
2565000	13.9565415668015
2570000	13.9573583620329
2575000	13.9563289849167
2580000	13.9550506095824
2585000	13.9546703132396
2590000	13.9545780196256
2595000	13.9511653241097
2600000	13.9520500368120
2605000	13.9585200382406
2610000	13.9556718018141
2615000	13.9549107901033
2620000	13.9560658281444
2625000	13.9560216505175
2630000	13.9579412463873
2635000	13.9588201950578
2640000	13.9572243662211
2645000	13.9617254363807
2650000	13.9634532472381
2655000	13.9627125764895
2660000	13.9640335889379
2665000	13.9669061462441
2670000	13.9651192571240
2675000	13.9670412600208
2680000	13.9656667615622
2685000	13.9653527334828
2690000	13.9655575610561
2695000	13.9628134377925
2700000	13.9617194566090
2705000	13.9635387597103
2710000	13.9651397139022
2715000	13.9655497482000
2720000	13.9649568807890
2725000	13.9669214372887
2730000	13.9689776742328
2735000	13.9667589033051
2740000	13.9622955837447
2745000	13.9602279376505
2750000	13.9615714006648
2755000	13.9673015391777
2760000	13.9710241022813
2765000	13.9734037536737
2770000	13.9759968387726
2775000	13.9758705010756
2780000	13.9718334505697
2785000	13.9711531421129
2790000	13.9707798606358
2795000	13.9693904855843
2800000	13.9688645549025
2805000	13.9674899294189
2810000	13.9676650528932
2815000	13.9708476785750
2820000	13.9672930796838
2825000	13.9658291771845
2830000	13.9665211738288
2835000	13.9669200926118
2840000	13.9652877139449
2845000	13.9639948092798
2850000	13.9630790857621
2855000	13.9676343116763
2860000	13.9675411550760
2865000	13.9696562063059
2870000	13.9662255232296
2875000	13.9676254335117
2880000	13.9712012356194
2885000	13.9710684550754
2890000	13.9731128061809
2895000	13.9721329046023
2900000	13.9726878748581
2905000	13.9788780429790
2910000	13.9777664333547
2915000	13.9757099973007
2920000	13.9718294990864
2925000	13.9681307655742
2930000	13.9691118851664
2935000	13.9680490461828
2940000	13.9668778276610
2945000	13.9685744466693
2950000	13.9646339207612
2955000	13.9656271783410
2960000	13.9644776152904
2965000	13.9660778619525
2970000	13.9654316973237
2975000	13.9660693333539
2980000	13.9634671756810
2985000	13.9640383521936
2990000	13.9619460433862
2995000	13.9620528568665
3000000	13.9618003765095
3005000	13.9664658094737
3010000	13.9661725615616
3015000	13.9654625812540
3020000	13.9719068739317
3025000	13.9723589973827
3030000	13.9727464596462
3035000	13.9700245529703
3040000	13.9716223024783
3045000	13.9734103876598
3050000	13.9721806391306
3055000	13.9739069518804
3060000	13.9767752345639
3065000	13.9778305097687
3070000	13.9768721827931
3075000	13.9790408349630
3080000	13.9775646262162
3085000	13.9781088947293
3090000	13.9855479991650
3095000	13.9840218465553
3100000	13.9859618829452
3105000	13.9818328656220
3110000	13.9785047122355
3115000	13.9793184744382
3120000	13.9795140100067
3125000	13.9800486655839
3130000	13.9825075135301
3135000	13.9839002430884
3140000	13.9844351146062
3145000	13.9834197799663
3150000	13.9861067890722
3155000	13.9843425893673
3160000	13.9846291482236
3165000	13.9875699796218
3170000	13.9911329997784
3175000	13.9911648994499
3180000	13.9852241066495
3185000	13.9840587691835
3190000	13.9883403509182
3195000	13.9862918274251
3200000	13.9858599045193
3205000	13.9821061244669
3210000	13.9821920132961
3215000	13.9801230337310
3220000	13.9784910853751
3225000	13.9778985718764
3230000	13.9778522328001
3235000	13.9817206610945
3240000	13.9835947669199
3245000	13.9819815863705
3250000	13.9811598493880
3255000	13.9839410500238
3260000	13.9818745242770
3265000	13.9781588613607
3270000	13.9811072941890
3275000	13.9807988362866
3280000	13.9804655741631
3285000	13.9816769924502
3290000	13.9802588759494
3295000	13.9764379858955
3300000	13.9835632237646
3305000	13.9874500094623
3310000	13.9875997474230
3315000	13.9871742691137
3320000	13.9887191941592
3325000	13.9825235126735
3330000	13.9789697066248
3335000	13.9756591499644
3340000	13.9794089161080
3345000	13.9769339019995
3350000	13.9810694926140
3355000	13.9801052383874
3360000	13.9783386275598
3365000	13.9789948323047
3370000	13.9787719559969
3375000	13.9766952231109
3380000	13.9776061807505
3385000	13.9781626685667
3390000	13.9762738742105
3395000	13.9735656469166
3400000	13.9648549153890
3405000	13.9654238053670
3410000	13.9643616919065
3415000	13.9616648498989
3420000	13.9607553980540
3425000	13.9640711401407
3430000	13.9594489464512
3435000	13.9606414692590
3440000	13.9617056343813
3445000	13.9625059266828
3450000	13.9596940416559
3455000	13.9602541859126
3460000	13.9575469601085
3465000	13.9579312731688
3470000	13.9612395531078
3475000	13.9643684802185
3480000	13.9658318088943
3485000	13.9702987103078
3490000	13.9701890578229
3495000	13.9666052832900
3500000	13.9689487604415
3505000	13.9677151019273
3510000	13.9689883073886
3515000	13.9687735711402
3520000	13.9692355926210
3525000	13.9708815834388
3530000	13.9661792454890
3535000	13.9645007979382
3540000	13.9622453963951
3545000	13.9623287841262
3550000	13.9621000720618
3555000	13.9630582748770
3560000	13.9633244862383
3565000	13.9646385164868
3570000	13.9679575201851
3575000	13.9687874410719
3580000	13.9668372587336
3585000	13.9678276245455
3590000	13.9684406983839
3595000	13.9722564964730
3600000	13.9726804006925
3605000	13.9695043624579
3610000	13.9722651122159
3615000	13.9690604854756
3620000	13.9695059484062
3625000	13.9705754590237
3630000	13.9743325622281
3635000	13.9737756901751
3640000	13.9700100851865
3645000	13.9769561079493
3650000	13.9755131805114
3655000	13.9748941794007
3660000	13.9756657200126
3665000	13.9755166584757
3670000	13.9773635399840
3675000	13.9799258154628
3680000	13.9766438010336
3685000	13.9787198766134
3690000	13.9797498814792
3695000	13.9826758377529
3700000	13.9799383467399
3705000	13.9784753278490
3710000	13.9783899142041
3715000	13.9799658629024
3720000	13.9800713918598
3725000	13.9776058706870
3730000	13.9746706785236
3735000	13.9751718764814
3740000	13.9758876626654
3745000	13.9747572251606
3750000	13.9762547835260
3755000	13.9770848999633
3760000	13.9756990115758
3765000	13.9806546690475
3770000	13.9771116156182
3775000	13.9739197655277
3780000	13.9744194875419
3785000	13.9768715649306
3790000	13.9770152628063
3795000	13.9810626681305
3800000	13.9788412009983
3805000	13.9806986340162
3810000	13.9788076695883
3815000	13.9812493367568
3820000	13.9814651957220
3825000	13.9818551679059
3830000	13.9833434402066
3835000	13.9826278944264
3840000	13.9845483530793
3845000	13.9836855831914
3850000	13.9841999064690
3855000	13.9846757017262
3860000	13.9794175075652
3865000	13.9843696073229
3870000	13.9862131286199
3875000	13.9828339763794
3880000	13.9841804939357
3885000	13.9845813716367
3890000	13.9837879896888
3895000	13.9824930220803
3900000	13.9782011052901
3905000	13.9804036826512
3910000	13.9822852333803
3915000	13.9819052416902
3920000	13.9827981806161
3925000	13.9827876399896
3930000	13.9841951528397
3935000	13.9820623192818
3940000	13.9879746735617
3945000	13.9915833967820
3950000	13.9852844641976
3955000	13.9867316119205
3960000	13.9844241967654
3965000	13.9823095116793
3970000	13.9820261864645
3975000	13.9837758593484
3980000	13.9815200506952
3985000	13.9793107697228
3990000	13.9807023309511
3995000	13.9768347972965
4000000	13.9731020208060
4005000	13.9682149732128
4010000	13.9670185530781
4015000	13.9713838058005
4020000	13.9700578627360
4025000	13.9694820441857
4030000	13.9681166327161
4035000	13.9660118821372
4040000	13.9708869535531
4045000	13.9724072548963
4050000	13.9694384065363
4055000	13.9726474514525
4060000	13.9708625871556
4065000	13.9700406321565
4070000	13.9679723470472
4075000	13.9686738771465
4080000	13.9707638981909
4085000	13.9679885424359
4090000	13.9698823792852
4095000	13.9706443872347
4100000	13.9689249265563
4105000	13.9680574938848
4110000	13.9708721567262
4115000	13.9706068512580
4120000	13.9733306457163
4125000	13.9696648788503
4130000	13.9706290984020
4135000	13.9687952564683
4140000	13.9690960232583
4145000	13.9708498405357
4150000	13.9715555476646
4155000	13.9753045894023
4160000	13.9738045896800
4165000	13.9748901290746
4170000	13.9806282993977
4175000	13.9784058739064
4180000	13.9756178203299
4185000	13.9751088665787
4190000	13.9746404544265
4195000	13.9788418547552
4200000	13.9782238628277
4205000	13.9778326963945
4210000	13.9858283708263
4215000	13.9853122152186
4220000	13.9881813882931
4225000	13.9856557770127
4230000	13.9821924139604
4235000	13.9817615393915
4240000	13.9823226368507
4245000	13.9777636650554
4250000	13.9776097692416
4255000	13.9793703632584
4260000	13.9773029777565
4265000	13.9749695793268
4270000	13.9692552364158
4275000	13.9712757561772
4280000	13.9742473549728
4285000	13.9718497038153
4290000	13.9712067272621
4295000	13.9707742552469
4300000	13.9681114756227
4305000	13.9675648478306
4310000	13.9685483174000
4315000	13.9686351947218
4320000	13.9681028696791
4325000	13.9735015508424
4330000	13.9700251876589
4335000	13.9721371057889
4340000	13.9757889905844
4345000	13.9725748087711
4350000	13.9703648142573
4355000	13.9704939288141
4360000	13.9688367854981
4365000	13.9685848282892
4370000	13.9656895055816
4375000	13.9646770947246
4380000	13.9683038001052
4385000	13.9641029235664
4390000	13.9625777662594
4395000	13.9626924482478
4400000	13.9646465350099
4405000	13.9653659617650
4410000	13.9679683105779
4415000	13.9670433200730
4420000	13.9645281794411
4425000	13.9656113056745
4430000	13.9639509472092
4435000	13.9682473723601
4440000	13.9698695949892
4445000	13.9680852583348
4450000	13.9628143502228
4455000	13.9644283466925
4460000	13.9643292791403
4465000	13.9645163441221
4470000	13.9635351066722
4475000	13.9665274949923
4480000	13.9648982714103
4485000	13.9690591784585
4490000	13.9703445844653
4495000	13.9722645564379
4500000	13.9687218799419
4505000	13.9703651728471
4510000	13.9662360638814
4515000	13.9644088557326
4520000	13.9666644464278
4525000	13.9661553709836
4530000	13.9680610969542
4535000	13.9655638764161
4540000	13.9697961080906
4545000	13.9747423207915
4550000	13.9764191549404
4555000	13.9768601129721
4560000	13.9761770917200
4565000	13.9746315572840
4570000	13.9747934223599
4575000	13.9774895773183
4580000	13.9745773830647
4585000	13.9738281965012
4590000	13.9774651069278
4595000	13.9741895569042
4600000	13.9691610962942
4605000	13.9688273977953
4610000	13.9704230056057
4615000	13.9713546195906
4620000	13.9737414884313
4625000	13.9736490439222
4630000	13.9720505873624
4635000	13.9707263835803
4640000	13.9733421140721
4645000	13.9755077887490
4650000	13.9719204756371
4655000	13.9715431046654
4660000	13.9762360118388
4665000	13.9780477621122
4670000	13.9821740798140
4675000	13.9809087821889
4680000	13.9776844547554
4685000	13.9785123176626
4690000	13.9831393039447
4695000	13.9791413778189
4700000	13.9787620343278
4705000	13.9802282244223
4710000	13.9866648536166
4715000	13.9831536113018
4720000	13.9824792545892
4725000	13.9842078856473
4730000	13.9850805083508
4735000	13.9838078541981
4740000	13.9819777408629
4745000	13.9736241546982
4750000	13.9722255019879
4755000	13.9707479726001
4760000	13.9699386018995
4765000	13.9718232148139
4770000	13.9689559814687
4775000	13.9684050065522
4780000	13.9666131914417
4785000	13.9673736079945
4790000	13.9680071512885
4795000	13.9669475853020
4800000	13.9695489452464
4805000	13.9658471908994
4810000	13.9621657729796
4815000	13.9609610458609
4820000	13.9571921631296
4825000	13.9642578761417
4830000	13.9663495281756
4835000	13.9678614571136
4840000	13.9652229348722
4845000	13.9655115285277
4850000	13.9646654346432
4855000	13.9596845285394
4860000	13.9590384548191
4865000	13.9607174187559
4870000	13.9575786116946
4875000	13.9623306212167
4880000	13.9607940117589
4885000	13.9590057646692
4890000	13.9608162916470
4895000	13.9625211756091
4900000	13.9619774934033
4905000	13.9577112615727
4910000	13.9602720385244
4915000	13.9624118125304
4920000	13.9625838679982
4925000	13.9600284831660
4930000	13.9570999988048
4935000	13.9594127713131
4940000	13.9555449637506
4945000	13.9595279840823
4950000	13.9554951884640
4955000	13.9567083626736
4960000	13.9594600157921
4965000	13.9603605570218
4970000	13.9636155719654
4975000	13.9618302726542
4980000	13.9593967820860
4985000	13.9590164917983
4990000	13.9595364516889
4995000	13.9550340646708
5000000	13.9545563679432
5005000	13.9544933667043
5010000	13.9528771881823
5015000	13.9507972824991
5020000	13.9543291225791
5025000	13.9546130986925
5030000	13.9610671527680
5035000	13.9614456109191
5040000	13.9646709186790
5045000	13.9620751962581
5050000	13.9618547596867
5055000	13.9642123828762
5060000	13.9621422583386
5065000	13.9635099245221
5070000	13.9660133704640
5075000	13.9662595107062
5080000	13.9647919543085
5085000	13.9708075112268
5090000	13.9719145228589
5095000	13.9705762885198
5100000	13.9694992591119
5105000	13.9670702597167
5110000	13.9671268137610
5115000	13.9670147020255
5120000	13.9690206953788
5125000	13.9702227910239
5130000	13.9705991037960
5135000	13.9689736183226
5140000	13.9665756028714
5145000	13.9629628597344
5150000	13.9607553812266
5155000	13.9599853036546
5160000	13.9558741008828
5165000	13.9574582105722
5170000	13.9571575183427
5175000	13.9603050176950
5180000	13.9611992265252
5185000	13.9615410136248
5190000	13.9592117528118
5195000	13.9587588171658
5200000	13.9532839568400
5205000	13.9541375610510
5210000	13.9555040504957
5215000	13.9569543285117
5220000	13.9564992099529
5225000	13.9531644564792
5230000	13.9531582141827
5235000	13.9549541725790
5240000	13.9527831887123
5245000	13.9516581373603
5250000	13.9563961031931
5255000	13.9556325615144
5260000	13.9594545259689
5265000	13.9610471719168
5270000	13.9587408196145
5275000	13.9647908703208
5280000	13.9668530239138
5285000	13.9670846338835
5290000	13.9639525487066
5295000	13.9636840601406
5300000	13.9644182725624
5305000	13.9640847696243
5310000	13.9619426844667
5315000	13.9648324744066
5320000	13.9648347920876
5325000	13.9674957849925
5330000	13.9670837738168
5335000	13.9665464368444
5340000	13.9672223591640
5345000	13.9635538565630
5350000	13.9597786493162
5355000	13.9590160207299
5360000	13.9611985304950
5365000	13.9629870008106
5370000	13.9649256372042
5375000	13.9644405668852
5380000	13.9640485884125
5385000	13.9625909127622
5390000	13.9624819467731
5395000	13.9618509410170
5400000	13.9639647420799
5405000	13.9611062738807
5410000	13.9661926899769
5415000	13.9651376610433
5420000	13.9678928922401
5425000	13.9669013920027
5430000	13.9676060318655
5435000	13.9672539097291
5440000	13.9657829638434
5445000	13.9642886541505
5450000	13.9641665148913
5455000	13.9643457250930
5460000	13.9612583456470
5465000	13.9588447183730
5470000	13.9573148773747
5475000	13.9552988133774
5480000	13.9556404988433
5485000	13.9547274343807
5490000	13.9538422747254
5495000	13.9534060356030
5500000	13.9555463069655
5505000	13.9571913046253
5510000	13.9526768838271
5515000	13.9498519587729
5520000	13.9509806764012
5525000	13.9496491476909
5530000	13.9482830944689
5535000	13.9457141113273
5540000	13.9497887884980
5545000	13.9471421406260
5550000	13.9471592925015
5555000	13.9504040573951
5560000	13.9507543333592
5565000	13.9497212907504
5570000	13.9519840512214
5575000	13.9551552096132
5580000	13.9546648834839
5585000	13.9502614241841
5590000	13.9481610522463
5595000	13.9506041253298
5600000	13.9529064225218
5605000	13.9529988488315
5610000	13.9507379942384
5615000	13.9515264339895
5620000	13.9524600762074
5625000	13.9509267401693
5630000	13.9491637725021
5635000	13.9500174245440
5640000	13.9517244859408
5645000	13.9538713397771
5650000	13.9506677311696
5655000	13.9501972988352
5660000	13.9543684378950
5665000	13.9551668511910
5670000	13.9597391177604
5675000	13.9637274364302
5680000	13.9618146391170
5685000	13.9634315948016
5690000	13.9652431608129
5695000	13.9668432238040
5700000	13.9675115259002
5705000	13.9665377943839
5710000	13.9650004403661
5715000	13.9641851227879
5720000	13.9636166435076
5725000	13.9631996825250
5730000	13.9632174971508
5735000	13.9653692498541
5740000	13.9689874073838
5745000	13.9712278992741
5750000	13.9714813412590
5755000	13.9738272254253
5760000	13.9723532991377
5765000	13.9678280503197
5770000	13.9675331173813
5775000	13.9673484578623
5780000	13.9721168358064
5785000	13.9697244652529
5790000	13.9671459484092
5795000	13.9655392304833
5800000	13.9664871347238
5805000	13.9620642171314
5810000	13.9605372035167
5815000	13.9616415919587
5820000	13.9607578256527
5825000	13.9583295269976
5830000	13.9585567402606
5835000	13.9585131576732
5840000	13.9615464769673
5845000	13.9615862858353
5850000	13.9591669101501
5855000	13.9611317839801
5860000	13.9614313845455
5865000	13.9653989417519
5870000	13.9682844901736
5875000	13.9719236140787
5880000	13.9690743534069
5885000	13.9696999884371
5890000	13.9690323084134
5895000	13.9708592860514
5900000	13.9737240353421
5905000	13.9764846239399
5910000	13.9738828950078
5915000	13.9782739599676
5920000	13.9760309159638
5925000	13.9761617256960
5930000	13.9759394589946
5935000	13.9743864854783
5940000	13.9734933629754
5945000	13.9731690021313
5950000	13.9726313407933
5955000	13.9707524232333
5960000	13.9655873166650
5965000	13.9653963914970
5970000	13.9624279122570
5975000	13.9640673514433
5980000	13.9627550039467
5985000	13.9611989903468
5990000	13.9634526416163
5995000	13.9630244404878
6000000	13.9652292329955
6005000	13.9610317165175
6010000	13.9625503982614
6015000	13.9602725830501
6020000	13.9564814629260
6025000	13.9558075658068
6030000	13.9545403066980
6035000	13.9598417781797
6040000	13.9575005365053
6045000	13.9568235198541
6050000	13.9556781424421
6055000	13.9535780961577
6060000	13.9524214720907
6065000	13.9530280950734
6070000	13.9515319872265
6075000	13.9469369476433
6080000	13.9496209504582
6085000	13.9487280264620
6090000	13.9492380256450
6095000	13.9503564730813
6100000	13.9503287381833
6105000	13.9488289097036
6110000	13.9483855280882
6115000	13.9474696093191
6120000	13.9449528885892
6125000	13.9458029893868
6130000	13.9430930564640
6135000	13.9446885600769
6140000	13.9466749317112
6145000	13.9472170275621
6150000	13.9459583753796
6155000	13.9451500621630
6160000	13.9475766557432
6165000	13.9470406939739
6170000	13.9447013286123
6175000	13.9434624913846
6180000	13.9444083421315
6185000	13.9449552137034
6190000	13.9428368164942
6195000	13.9479681187598
6200000	13.9446101319524
6205000	13.9426464136220
6210000	13.9458195165978
6215000	13.9452571060311
6220000	13.9478267934116
6225000	13.9513889496112
6230000	13.9474872153231
6235000	13.9480738749210
6240000	13.9520201410781
6245000	13.9511313751504
6250000	13.9533260251692
6255000	13.9539871199417
6260000	13.9527550221392
6265000	13.9506034356974
6270000	13.9509973907549
6275000	13.9515991850165
6280000	13.9504752922668
6285000	13.9511357536816
6290000	13.9474576772042
6295000	13.9501351155503
6300000	13.9500225614152
6305000	13.9463222000611
6310000	13.9480105914172
6315000	13.9478163001165
6320000	13.9474785123701
6325000	13.9532497685596
6330000	13.9552710338480
6335000	13.9571744867383
6340000	13.9534664133442
6345000	13.9489802088810
6350000	13.9506536868818
6355000	13.9516066927117
6360000	13.9477857213538
6365000	13.9476472717667
6370000	13.9446564008271
6375000	13.9438837597552
6380000	13.9447106694134
6385000	13.9484299008496
6390000	13.9522975918451
6395000	13.9467123800644
6400000	13.9452831552840
6405000	13.9460994954132
6410000	13.9445129699053
6415000	13.9415218589399
6420000	13.9454418597833
6425000	13.9447477087945
6430000	13.9460965895793
6435000	13.9491512571039
6440000	13.9495280622031
6445000	13.9483195828268
6450000	13.9496632343777
6455000	13.9490191375922
6460000	13.9473567490373
6465000	13.9471002735665
6470000	13.9458520352875
6475000	13.9506279317250
6480000	13.9487227935066
6485000	13.9445461588291
6490000	13.9488565316855
6495000	13.9491487190518
6500000	13.9496684875457
6505000	13.9517848539272
6510000	13.9513103732090
6515000	13.9474371979731
6520000	13.9482939607462
6525000	13.9481227316093
6530000	13.9491138775808
6535000	13.9516756857572
6540000	13.9507099904072
6545000	13.9502257464858
6550000	13.9504711546208
6555000	13.9492191757478
6560000	13.9450268711466
6565000	13.9430566618459
6570000	13.9456512167224
6575000	13.9464620817617
6580000	13.9420345508262
6585000	13.9409553612768
6590000	13.9471245218223
6595000	13.9525697669653
6600000	13.9507542414325
6605000	13.9486279404246
6610000	13.9511646222533
6615000	13.9490828670079
6620000	13.9506229607108
6625000	13.9491242873948
6630000	13.9470616720448
6635000	13.9478974185106
6640000	13.9482419541396
6645000	13.9515278810214
6650000	13.9525680846543
6655000	13.9513013373630
6660000	13.9517920462413
6665000	13.9543635891700
6670000	13.9526699085655
6675000	13.9552849946192
6680000	13.9569070857731
6685000	13.9565505995383
6690000	13.9524519106205
6695000	13.9579587342701
6700000	13.9534483215172
6705000	13.9578512063699
6710000	13.9570888485615
6715000	13.9572677719564
6720000	13.9589599650337
6725000	13.9627945388275
6730000	13.9565665186954
6735000	13.9575392606654
6740000	13.9576975488412
6745000	13.9573075516476
6750000	13.9506251623453
6755000	13.9518066725513
6760000	13.9528606719509
6765000	13.9525026454880
6770000	13.9541798719774
6775000	13.9550551934523
6780000	13.9593323636424
6785000	13.9606214186161
6790000	13.9592276123268
6795000	13.9573175227936
6800000	13.9562944713565
6805000	13.9568146202620
6810000	13.9567358638249
6815000	13.9544069311813
6820000	13.9543849525748
6825000	13.9521217627582
6830000	13.9527257026002
6835000	13.9536836118030
6840000	13.9526509153922
6845000	13.9524013391646
6850000	13.9525136948727
6855000	13.9525674541345
6860000	13.9550849828750
6865000	13.9553482483562
6870000	13.9558511221288
6875000	13.9568461860936
6880000	13.9585653523050
6885000	13.9574871146528
6890000	13.9571496027793
6895000	13.9580052004609
6900000	13.9563293037308
6905000	13.9543025343162
6910000	13.9549180316878
6915000	13.9510326302481
6920000	13.9526994887747
6925000	13.9506305265381
6930000	13.9560743429601
6935000	13.9525181925943
6940000	13.9570637175456
6945000	13.9547810976273
6950000	13.9531585190837
6955000	13.9573627781260
6960000	13.9581209325520
6965000	13.9569166866741
6970000	13.9578445978004
6975000	13.9601594730659
6980000	13.9628914997973
6985000	13.9618931364881
6990000	13.9611641673274
6995000	13.9634917908736
7000000	13.9635914183618
7005000	13.9626475474235
7010000	13.9637408856580
7015000	13.9594512206993
7020000	13.9582002619082
7025000	13.9630745564815
7030000	13.9607445558324
7035000	13.9626726401146
7040000	13.9624491094431
7045000	13.9615267607405
7050000	13.9589652290674
7055000	13.9557991979309
7060000	13.9563310131699
7065000	13.9582517510543
7070000	13.9578307956258
7075000	13.9573402373082
7080000	13.9619096952811
7085000	13.9623695524293
7090000	13.9636920794915
7095000	13.9649432154910
7100000	13.9628925984443
7105000	13.9662716788444
7110000	13.9662855971623
7115000	13.9652747199853
7120000	13.9663183981542
7125000	13.9698874125972
7130000	13.9680307116268
7135000	13.9674204758661
7140000	13.9636410515038
7145000	13.9653905658004
7150000	13.9654372599525
7155000	13.9630999135251
7160000	13.9632709680217
7165000	13.9598221805468
7170000	13.9661415916422
7175000	13.9663343843074
7180000	13.9670925445123
7185000	13.9646943019605
7190000	13.9674462898607
7195000	13.9649079830162
7200000	13.9659666519133
7205000	13.9637815625267
7210000	13.9619711435274
7215000	13.9609775359446
7220000	13.9628839172792
7225000	13.9661722206092
7230000	13.9685859636811
7235000	13.9680307974559
7240000	13.9641349289778
7245000	13.9668624828443
7250000	13.9662065247465
7255000	13.9642139842765
7260000	13.9668695099676
7265000	13.9671659101150
7270000	13.9710121750441
7275000	13.9679702161469
7280000	13.9699295182237
7285000	13.9690263942591
7290000	13.9694175747591
7295000	13.9701165067049
7300000	13.9683204093525
7305000	13.9682130824612
7310000	13.9617095343896
7315000	13.9646238918798
7320000	13.9627042051959
7325000	13.9575219154978
7330000	13.9572025429649
7335000	13.9585993093093
7340000	13.9560167384451
7345000	13.9578914113965
7350000	13.9560390417676
7355000	13.9541713922606
7360000	13.9568146093512
7365000	13.9531748129347
7370000	13.9578787838625
7375000	13.9557563590498
7380000	13.9520398970108
7385000	13.9543772373788
7390000	13.9571134438181
7395000	13.9586566094554
7400000	13.9544856027217
7405000	13.9555015218137
7410000	13.9544687610830
7415000	13.9536923568222
7420000	13.9589263670774
7425000	13.9540020458811
7430000	13.9534811325606
7435000	13.9543529603199
7440000	13.9551051638158
7445000	13.9591861285154
7450000	13.9582669282056
7455000	13.9583925786038
7460000	13.9590043265254
7465000	13.9599104104431
7470000	13.9573285726593
7475000	13.9620310949064
7480000	13.9632315060587
7485000	13.9620898402207
7490000	13.9580551272408
7495000	13.9580009064986
7500000	13.9562613321333
7505000	13.9568917169537
7510000	13.9572425374003
7515000	13.9608967682133
7520000	13.9622667633590
7525000	13.9639926348113
7530000	13.9627450886355
7535000	13.9610403091386
7540000	13.9630620987190
7545000	13.9639435179535
7550000	13.9625134421836
7555000	13.9630434992892
7560000	13.9618204343439
7565000	13.9594796338514
7570000	13.9576102878982
7575000	13.9569753051591
7580000	13.9546730341474
7585000	13.9544339959754
7590000	13.9515922574912
7595000	13.9508759862696
7600000	13.9538995158141
7605000	13.9492569872649
7610000	13.9511335651694
7615000	13.9515163877705
7620000	13.9541805878814
7625000	13.9559758086504
7630000	13.9596062266598
7635000	13.9564372769018
7640000	13.9559588064300
7645000	13.9565185498234
7650000	13.9565983114054
7655000	13.9509571833322
7660000	13.9523816343184
7665000	13.9536657964007
7670000	13.9560053014877
7675000	13.9571442088833
7680000	13.9551461118742
7685000	13.9548782311099
7690000	13.9549270395225
7695000	13.9533649444997
7700000	13.9535625051189
7705000	13.9580689602494
7710000	13.9580994273651
7715000	13.9571484794882
7720000	13.9564177650664
7725000	13.9568644871238
7730000	13.9578402223508
7735000	13.9581718790743
7740000	13.9556213014569
7745000	13.9552469279310
7750000	13.9525468612077
7755000	13.9579895041801
7760000	13.9584999622898
7765000	13.9614757579086
7770000	13.9626548572474
7775000	13.9618902937823
7780000	13.9652492751589
7785000	13.9655401269919
7790000	13.9658255228360
7795000	13.9682383850436
7800000	13.9663491609365
7805000	13.9620529147386
7810000	13.9626686047499
7815000	13.9617774917618
7820000	13.9626374180776
7825000	13.9647363783376
7830000	13.9609700760676
7835000	13.9602427133067
7840000	13.9625771890549
7845000	13.9652760100629
7850000	13.9646127540193
7855000	13.9630117328867
7860000	13.9639648621839
7865000	13.9647646614878
7870000	13.9631354857129
7875000	13.9646844233660
7880000	13.9654626618174
7885000	13.9686594404725
7890000	13.9638540425909
7895000	13.9611658557845
7900000	13.9612715944538
7905000	13.9622564964894
7910000	13.9655276785345
7915000	13.9679103582570
7920000	13.9705122872483
7925000	13.9716158341840
7930000	13.9704695252904
7935000	13.9687813842511
7940000	13.9654045378669
7945000	13.9653922139848
7950000	13.9686453671001
7955000	13.9693991426326
7960000	13.9689867281166
7965000	13.9727860063573
7970000	13.9707204933935
7975000	13.9752858561787
7980000	13.9725964848106
7985000	13.9737194087134
7990000	13.9738141632342
7995000	13.9777718464439
8000000	13.9773901766077
8005000	13.9747976171611
8010000	13.9776871777542
8015000	13.9764626780123
8020000	13.9747699980686
8025000	13.9717088338078
8030000	13.9712793899047
8035000	13.9684627846109
8040000	13.9684430674050
8045000	13.9678948314538
8050000	13.9696998865487
8055000	13.9722947260005
8060000	13.9779216885808
8065000	13.9793975041529
8070000	13.9808607671116
8075000	13.9795268395267
8080000	13.9767422459008
8085000	13.9746051044152
8090000	13.9729286292545
8095000	13.9734860211112
8100000	13.9763629894373
8105000	13.9710445103679
8110000	13.9704183485269
8115000	13.9701208683641
8120000	13.9722342710536
8125000	13.9746072638336
8130000	13.9758471916958
8135000	13.9689771882994
8140000	13.9703373254451
8145000	13.9685046753756
8150000	13.9692587236894
8155000	13.9721258261091
8160000	13.9700882353420
8165000	13.9658690329927
8170000	13.9639925066264
8175000	13.9656137423947
8180000	13.9625830486948
8185000	13.9640825004399
8190000	13.9636877315990
8195000	13.9645189424957
8200000	13.9669795806053
8205000	13.9648870737536
8210000	13.9627102725106
8215000	13.9636321395124
8220000	13.9582622161556
8225000	13.9579480935884
8230000	13.9571595453887
8235000	13.9590306675939
8240000	13.9608788223037
8245000	13.9602502721221
8250000	13.9588983629486
8255000	13.9573518565401
8260000	13.9539923601521
8265000	13.9558597028244
8270000	13.9567210083729
8275000	13.9568577688215
8280000	13.9558540702925
8285000	13.9603980896517
8290000	13.9564380249178
8295000	13.9550741732484
8300000	13.9528509298002
8305000	13.9537462480196
8310000	13.9527737070795
8315000	13.9482980010946
8320000	13.9478046318913
8325000	13.9475695348888
8330000	13.9488019034349
8335000	13.9525117601046
8340000	13.9544100642335
8345000	13.9586765822000
8350000	13.9649451869452
8355000	13.9611064520270
8360000	13.9600912106066
8365000	13.9597730807888
8370000	13.9598707848147
8375000	13.9559594619102
8380000	13.9582027713569
8385000	13.9584156716829
8390000	13.9568794292616
8395000	13.9580426622370
8400000	13.9577864917724
8405000	13.9614622351248
8410000	13.9600411400575
8415000	13.9592379712002
8420000	13.9633843458664
8425000	13.9626265619076
8430000	13.9634774731417
8435000	13.9598347777542
8440000	13.9597364667865
8445000	13.9618336477712
8450000	13.9637038069617
8455000	13.9626466327540
8460000	13.9671622024710
8465000	13.9693597078738
8470000	13.9692742195791
8475000	13.9628124087497
8480000	13.9614093390249
8485000	13.9605024886271
8490000	13.9615005977014
8495000	13.9631956370580
8500000	13.9650408461297
8505000	13.9661265503166
8510000	13.9646568645066
8515000	13.9671272822721
8520000	13.9660535417867
8525000	13.9652333088509
8530000	13.9645806900029
8535000	13.9642725835881
8540000	13.9648360426831
8545000	13.9684533066893
8550000	13.9680234033914
8555000	13.9676377234996
8560000	13.9683758821304
8565000	13.9698558123769
8570000	13.9660008960235
8575000	13.9643053391017
8580000	13.9628106343062
8585000	13.9627272064856
8590000	13.9602029915160
8595000	13.9597579252432
8600000	13.9590291674839
8605000	13.9621839283649
8610000	13.9600608859827
8615000	13.9613924328473
8620000	13.9617126464421
8625000	13.9634043278777
8630000	13.9625344746324
8635000	13.9599357594397
8640000	13.9630846790150
8645000	13.9622562875852
8650000	13.9595157869118
8655000	13.9595010082521
8660000	13.9584219931686
8665000	13.9618928669986
8670000	13.9649729430212
8675000	13.9647120406296
8680000	13.9628537830562
8685000	13.9639174290073
8690000	13.9667182046087
8695000	13.9645954450780
8700000	13.9629788826593
8705000	13.9654918787221
8710000	13.9644533196268
8715000	13.9640940821343
8720000	13.9651999550801
8725000	13.9683377879450
8730000	13.9671795881221
8735000	13.9676680586562
8740000	13.9680453854448
8745000	13.9684539128462
8750000	13.9668961580890
8755000	13.9673276118299
8760000	13.9715010081756
8765000	13.9706406871038
8770000	13.9696450902469
8775000	13.9683118758951
8780000	13.9704014595638
8785000	13.9678620381579
8790000	13.9717111581865
8795000	13.9698118371645
8800000	13.9695856088428
8805000	13.9711590353360
8810000	13.9692228074843
8815000	13.9709929837276
8820000	13.9707856260581
8825000	13.9697607587540
8830000	13.9715679910874
8835000	13.9680600960195
8840000	13.9611669449403
8845000	13.9646073586751
8850000	13.9640050625715
8855000	13.9646657303065
8860000	13.9641619006948
8865000	13.9671290704763
8870000	13.9689368787109
8875000	13.9686549970431
8880000	13.9681650147008
8885000	13.9749304648709
8890000	13.9764508824071
8895000	13.9702546139700
8900000	13.9708333127667
8905000	13.9711185037922
8910000	13.9748080496647
8915000	13.9754914532607
8920000	13.9732074113941
8925000	13.9732539526241
8930000	13.9755805297827
8935000	13.9764927483364
8940000	13.9733351016526
8945000	13.9717130484979
8950000	13.9696618556347
8955000	13.9712890299632
8960000	13.9727171549984
8965000	13.9703645874718
8970000	13.9741296384430
8975000	13.9771636008455
8980000	13.9768324771573
8985000	13.9750288028547
8990000	13.9732871196227
8995000	13.9732188742562
9000000	13.9747673120612
9005000	13.9745748989552
9010000	13.9772749422753
9015000	13.9771827023394
9020000	13.9742173747608
9025000	13.9780604079159
9030000	13.9754951109003
9035000	13.9764907813110
9040000	13.9717047378807
9045000	13.9716105226593
9050000	13.9761024732987
9055000	13.9763033265319
9060000	13.9762065910278
9065000	13.9738093973174
9070000	13.9740280734553
9075000	13.9714890540536
9080000	13.9743101225863
9085000	13.9755912918529
9090000	13.9758926598185
9095000	13.9713320833890
9100000	13.9692343362960
9105000	13.9684314605255
9110000	13.9698341886024
9115000	13.9677242498558
9120000	13.9675831219250
9125000	13.9682590129726
9130000	13.9651943726457
9135000	13.9623835510006
9140000	13.9631566731814
9145000	13.9681695737576
9150000	13.9687760756538
9155000	13.9695387832995
9160000	13.9648275474599
9165000	13.9637796117438
9170000	13.9678277395988
9175000	13.9666532561219
9180000	13.9697030882113
9185000	13.9712521144177
9190000	13.9730820774608
9195000	13.9743540120925
9200000	13.9738410159989
9205000	13.9684120427050
9210000	13.9731525064484
9215000	13.9756772139171
9220000	13.9759248355738
9225000	13.9785114997762
9230000	13.9777583209226
9235000	13.9780409969150
9240000	13.9818851860446
9245000	13.9842690388786
9250000	13.9869821929707
9255000	13.9871513266021
9260000	13.9832083178294
9265000	13.9798339647993
9270000	13.9807848773639
9275000	13.9775737704521
9280000	13.9782957841938
9285000	13.9758578649171
9290000	13.9760904740471
9295000	13.9749972000812
9300000	13.9744127616882
9305000	13.9744166930329
9310000	13.9751117226597
9315000	13.9729266552140
9320000	13.9704261356217
9325000	13.9721601005790
9330000	13.9707649192249
9335000	13.9689202110912
9340000	13.9696242440939
9345000	13.9684525505094
9350000	13.9647565670078
9355000	13.9699677575468
9360000	13.9696983466727
9365000	13.9737165221339
9370000	13.9731981228920
9375000	13.9721013241081
9380000	13.9725650745387
9385000	13.9722850503202
9390000	13.9715474086946
9395000	13.9662990642252
9400000	13.9693905275488
9405000	13.9685409956144
9410000	13.9651862067838
9415000	13.9671037720224
9420000	13.9698428782992
9425000	13.9714983124087
9430000	13.9714229991241
9435000	13.9757688585685
9440000	13.9760706605336
9445000	13.9752767009798
9450000	13.9718315523638
9455000	13.9725246136389
9460000	13.9728588003862
9465000	13.9740171428001
9470000	13.9728138923412
9475000	13.9730750199699
9480000	13.9699107765165
9485000	13.9719199209009
9490000	13.9728095076505
9495000	13.9786523455022
9500000	13.9734045932826
9505000	13.9734296566494
9510000	13.9724841286836
9515000	13.9688812501343
9520000	13.9673555205011
9525000	13.9683263867586
9530000	13.9679805294167
9535000	13.9690498607831
9540000	13.9688286551187
9545000	13.9692817217556
9550000	13.9704768314688
9555000	13.9700364316271
9560000	13.9687688253457
9565000	13.9672862915586
9570000	13.9686716517383
9575000	13.9707556038989
9580000	13.9736972223002
9585000	13.9752055181550
9590000	13.9725681717769
9595000	13.9746301073401
9600000	13.9709660240401
9605000	13.9718388857241
9610000	13.9732404254328
9615000	13.9689403210155
9620000	13.9699054278216
9625000	13.9673799503190
9630000	13.9699630181568
9635000	13.9677741816389
9640000	13.9669944650625
9645000	13.9663531388318
9650000	13.9707587015549
9655000	13.9660116065433
9660000	13.9667984852632
9665000	13.9684767694585
9670000	13.9697327847931
9675000	13.9636379560432
9680000	13.9617510172246
9685000	13.9610074951880
9690000	13.9630997782244
9695000	13.9663250403177
9700000	13.9644512229729
9705000	13.9650293815765
9710000	13.9656373121618
9715000	13.9627825940139
9720000	13.9615300502807
9725000	13.9620175845602
9730000	13.9609019477240
9735000	13.9613424465016
9740000	13.9660721642200
9745000	13.9642748825630
9750000	13.9650880501937
9755000	13.9660352188607
9760000	13.9609376004470
9765000	13.9614477339068
9770000	13.9592145070444
9775000	13.9615032422651
9780000	13.9595308693849
9785000	13.9576519446181
9790000	13.9577740796883
9795000	13.9574873894403
9800000	13.9557167942781
9805000	13.9616440498427
9810000	13.9567912809203
9815000	13.9575623838267
9820000	13.9590405385147
9825000	13.9613923094273
9830000	13.9597369201664
9835000	13.9599046239773
9840000	13.9556583281558
9845000	13.9528942956956
9850000	13.9533738987000
9855000	13.9534602526951
9860000	13.9569388073055
9865000	13.9579642764660
9870000	13.9554489720079
9875000	13.9558223436234
9880000	13.9581389937588
9885000	13.9613028202770
9890000	13.9605674352228
9895000	13.9626844033201
9900000	13.9676913869436
9905000	13.9676386205828
9910000	13.9671435928257
9915000	13.9670123801675
9920000	13.9664115139277
9925000	13.9679752366831
9930000	13.9641331345996
9935000	13.9630127602036
9940000	13.9591119653352
9945000	13.9551849028251
9950000	13.9537242991315
9955000	13.9523324805590
9960000	13.9511702269653
9965000	13.9505349317221
9970000	13.9491931063059
9975000	13.9527634728246
9980000	13.9555243590138
9985000	13.9606529866221
9990000	13.9558320971669
9995000	13.9584632126095
10000000	13.9621053725235
