#	SIM_20_0.05_-6.23	
1	4148561.31266385
5000	345614.450877680
10000	222405.267777200
15000	-383552.893236005
20000	144139.395730383
25000	310259.983928391
30000	-288950.693723627
35000	672434.107801678
40000	707235.690667836
45000	-178056.454080370
50000	567126.336199139
55000	464604.979002650
60000	378125.800238641
65000	-227893.809021758
70000	-362744.014522726
75000	-320954.421057074
80000	11300.8957234257
85000	249163.201953541
90000	195864.115538774
95000	120862.903298551
100000	503092.034881373
105000	787438.099761424
110000	-173828.618621028
115000	615454.330545431
120000	-169156.657958128
125000	501584.079358821
130000	159345.121680572
135000	-249280.784918066
140000	176103.311273713
145000	-93264.2249985147
150000	-465619.588008543
155000	708144.203161902
160000	118040.411105093
165000	-1384.68043263177
170000	67011.9686979977
175000	94616.1799936088
180000	-262578.656708297
185000	241345.483418941
190000	-150430.595205950
195000	357095.285069456
200000	879386.871960153
205000	127519.899780471
210000	290781.500309058
215000	631293.255399259
220000	-53327.7809402643
225000	267104.876469418
230000	29160.2089437501
235000	602833.503371800
240000	509607.685491308
245000	187563.298071855
250000	329686.239084315
255000	576052.540691913
260000	-685109.101011823
265000	168210.086140605
270000	510590.490591616
275000	476815.397884810
280000	303237.842794647
285000	-225230.662141209
290000	398990.746091526
295000	-663017.619413099
300000	-477876.921497984
305000	-776.414044473725
310000	-11875.8679874013
315000	-107477.656950557
320000	-461996.795943624
325000	62616.6484011841
330000	19499.9683574173
335000	769429.167828675
340000	307536.512905868
345000	550545.525144966
350000	-62201.4975446806
355000	-714351.159397750
360000	-48148.0199063909
365000	5479.84324075395
370000	-233030.365540882
375000	-6125.86057463555
380000	706633.112720607
385000	474693.250080790
390000	-163997.081742090
395000	-470174.664243286
400000	-97689.6003608001
405000	413532.805307893
410000	294851.736604369
415000	222511.554337051
420000	62162.0522230725
425000	402153.933060891
430000	-43316.0539249815
435000	391045.083393605
440000	50471.4774292372
445000	-102880.372493775
450000	77177.3070927796
455000	-132323.481046296
460000	-157681.708034525
465000	-383524.129027441
470000	237853.714862954
475000	375784.602211754
480000	-19867.2213773475
485000	247347.751657618
490000	254943.740704217
495000	82326.0419499433
500000	-58915.4772930449
505000	352708.051314391
510000	325381.820636383
515000	-204917.489160815
520000	-310348.577916101
525000	20765.1866433121
530000	-98821.0540277329
535000	-180315.810024746
540000	-157499.526921463
545000	423585.407938339
550000	-274367.944923969
555000	79474.2815613085
560000	-127888.028093620
565000	455236.319476669
570000	678694.283793203
575000	-223984.851219180
580000	429047.155393527
585000	-213425.388313347
590000	-86065.0005652375
595000	189729.262896206
600000	-42489.3147526655
605000	139530.791011694
610000	-697372.171395858
615000	-264705.063037312
620000	-176913.393520150
625000	-855550.472302052
630000	442268.631088677
635000	-603975.160411884
640000	-223155.448153982
645000	77311.1488714629
650000	279068.253516975
655000	359878.116764177
660000	1093041.34159654
665000	413131.018797871
670000	-605556.946775456
675000	204920.792529493
680000	-214860.355534260
685000	-28036.0877694788
690000	-182570.423865722
695000	701163.012127982
700000	-345099.300951791
705000	33915.3580697952
710000	100316.244890687
715000	-440093.088619091
720000	477878.819725374
725000	-62290.4462942706
730000	497667.080472381
735000	-654948.735084115
740000	-91907.5623436248
745000	435129.569797081
750000	213629.343750978
755000	-77142.9797302661
760000	57920.1014641840
765000	263623.729820609
770000	1068202.52582530
775000	-334451.146471057
780000	-517886.111886691
785000	-290554.643387887
790000	-367306.903544481
795000	-12619.6684782275
800000	88972.8969361799
805000	-513941.283552036
810000	227778.738601126
815000	-362358.982055017
820000	400654.355786884
825000	606480.873022760
830000	716455.376026348
835000	-401816.345525998
840000	196765.917378744
845000	-355282.490840249
850000	692770.430487602
855000	-123752.344266867
860000	-571503.256524848
865000	-437177.776582065
870000	-139427.548015601
875000	219699.603197595
880000	-521493.730087076
885000	-352479.181450170
890000	-657521.855359326
895000	-94048.5421213258
900000	28766.8201448836
905000	175149.925068663
910000	58648.4775449363
915000	181581.719551407
920000	-309140.399110545
925000	292429.808327501
930000	898404.232395347
935000	-289215.421217322
940000	-441486.178762229
945000	619540.773456296
950000	-61689.8361232890
955000	-289571.768211589
960000	171210.723170378
965000	-268445.340476305
970000	-251694.954723768
975000	198358.456947191
980000	155087.639927996
985000	-153367.528302693
990000	-68538.3156555195
995000	156115.412867426
1000000	647852.784856378
1005000	36930.4568926452
1010000	510951.897146747
1015000	172360.300855508
1020000	621376.754999340
1025000	409203.205015167
1030000	110190.640055634
1035000	-39707.6966542813
1040000	631002.705865793
1045000	-157507.164184998
1050000	241443.678455717
1055000	-97641.2996963613
1060000	247001.439402495
1065000	-191834.742014058
1070000	167712.931476986
1075000	598968.632855478
1080000	-111285.421689160
1085000	196508.847144261
1090000	638914.673257355
1095000	-224334.607701752
1100000	-282216.346205097
1105000	222384.864699920
1110000	83855.0921414582
1115000	-226056.863615193
1120000	387033.889730029
1125000	426600.971046401
1130000	-574769.463133259
1135000	214843.364887914
1140000	-128051.188864400
1145000	101887.133479917
1150000	-278053.953907256
1155000	583654.565452399
1160000	-542843.529355809
1165000	266581.735136852
1170000	219092.835924578
1175000	-78342.9513088648
1180000	181789.873952921
1185000	-92826.4869807058
1190000	-255888.682787051
1195000	440307.582878779
1200000	-728597.879383729
1205000	305226.279096988
1210000	-7729.00351591945
1215000	219992.400558010
1220000	313866.021268987
1225000	-693429.812521007
1230000	-311066.766008165
1235000	47741.3697117563
1240000	402011.132159070
1245000	108973.849026602
1250000	-671190.861960651
1255000	-606526.897615578
1260000	519793.003636626
1265000	-701904.479945371
1270000	591091.504338290
1275000	-109556.159223328
1280000	437923.371555295
1285000	686044.752901393
1290000	567123.136751963
1295000	-565207.933410479
1300000	-721171.691664158
1305000	-232800.824060522
1310000	-212140.303667129
1315000	-558292.355333172
1320000	-516579.471108007
1325000	50484.2672858903
1330000	511914.380220521
1335000	462408.561307616
1340000	-528951.242627387
1345000	139960.538284021
1350000	-242084.768120102
1355000	214949.258950792
1360000	315497.802843014
1365000	412744.658212252
1370000	-250968.553639615
1375000	101848.769095085
1380000	336236.829434767
1385000	-535568.600449743
1390000	206008.904790958
1395000	396776.319441776
1400000	167966.412328209
1405000	-65385.7573194209
1410000	33208.9082074230
1415000	-136814.680741997
1420000	-306468.172146514
1425000	568306.305573633
1430000	11405.3664928529
1435000	194228.086833256
1440000	234344.655956053
1445000	39581.5527073576
1450000	153689.401470918
1455000	-515079.885977307
1460000	-564176.741920371
1465000	397152.860793166
1470000	503311.384584020
1475000	-101420.275976667
1480000	56088.8100553679
1485000	-280744.010843650
1490000	329302.695211520
1495000	58976.7761754143
1500000	358093.093258117
1505000	107812.892018909
1510000	-658064.538586056
1515000	-43904.1158778102
1520000	354240.331130631
1525000	157571.666692007
1530000	108727.487045747
1535000	-101637.618329187
1540000	144944.970033770
1545000	597585.837433475
1550000	-21491.8341277967
1555000	878289.261080878
1560000	-108700.170820928
1565000	399544.347554979
1570000	157120.983787093
1575000	323943.001627358
1580000	101129.253703355
1585000	-54484.6431256759
1590000	128421.817431690
1595000	353308.201540371
1600000	-70506.8240332490
1605000	117679.553609004
1610000	-376545.206795622
1615000	-161826.604629916
1620000	31343.1151572326
1625000	269380.294295999
1630000	449915.192099646
1635000	782659.032503066
1640000	38418.7526369191
1645000	205231.410321657
1650000	-33483.4985817105
1655000	94309.5134015537
1660000	-842292.013950068
1665000	434080.544906066
1670000	250433.649195292
1675000	-274349.340558299
1680000	-372932.491222559
1685000	-139910.914378762
1690000	278807.779464433
1695000	24053.1212984323
1700000	812530.434273374
1705000	-63055.2139161085
1710000	-126697.402153489
1715000	232808.458227298
1720000	159498.323762599
1725000	199241.350706182
1730000	421956.811184641
1735000	545325.672180920
1740000	-802719.813899280
1745000	204137.470364996
1750000	172697.668341433
1755000	-261880.472942890
1760000	351271.857745931
1765000	-156969.612127213
1770000	48886.3021960561
1775000	277689.349068430
1780000	-245269.343627113
1785000	216587.075274064
1790000	-593979.216458382
1795000	-357810.676430410
1800000	369623.925179551
1805000	-395158.818901277
1810000	-110847.027801496
1815000	182032.064784582
1820000	276816.666601878
1825000	-420979.599642734
1830000	-198990.616372574
1835000	526876.461752614
1840000	-206808.168242035
1845000	-63083.3099604312
1850000	-82093.6963821648
1855000	260166.337072856
1860000	325081.904480335
1865000	482636.379637561
1870000	266707.017028407
1875000	-105745.402159472
1880000	288151.485962564
1885000	657624.938014129
1890000	-17487.6686363354
1895000	322576.052707227
1900000	-14666.4792624142
1905000	-3384.55864486632
1910000	257774.818514547
1915000	-604107.596543648
1920000	-80746.8201449811
1925000	68302.9635032806
1930000	-183429.580579558
1935000	499573.679760478
1940000	-35229.2190076570
1945000	969662.213789107
1950000	836775.039917169
1955000	328818.226729253
1960000	5559.22807645169
1965000	233818.316312824
1970000	-420543.258176898
1975000	19619.0594492462
1980000	390704.676730969
1985000	-233012.671623328
1990000	-344907.793378947
1995000	227243.111884203
2000000	7558.85275341856
2005000	-16722.9692933480
2010000	-58182.4322916876
2015000	348736.052039288
2020000	266540.702599694
2025000	-652514.092429897
2030000	-194673.737230087
2035000	-739594.426205877
2040000	1033796.70440356
2045000	213466.617149146
2050000	46079.1829659078
2055000	358287.817857712
2060000	167144.549323854
2065000	-240591.952271490
2070000	318083.936510473
2075000	-211962.482943428
2080000	-586620.611024128
2085000	8032.06335215410
2090000	48883.8413300337
2095000	87767.7282335617
2100000	285291.949678712
2105000	18192.9179976907
2110000	55342.3472882504
2115000	-119494.480583797
2120000	369711.223879231
2125000	176608.241243639
2130000	-40803.4198616524
2135000	81871.1943753449
2140000	371201.428347802
2145000	-4731.00543432627
2150000	727642.984599567
2155000	402949.416069992
2160000	731525.067318305
2165000	-315137.648066633
2170000	687089.893906455
2175000	171873.453582282
2180000	1209832.79252799
2185000	775342.128216898
2190000	-244525.475532160
2195000	68533.1784350734
2200000	-360316.702680196
2205000	-293863.689962986
2210000	419112.277275511
2215000	-220730.480261373
2220000	-527892.417690886
2225000	73232.5336655683
2230000	-39539.2987449199
2235000	-111699.884639267
2240000	51389.0018406863
2245000	190680.868729502
2250000	193982.597580198
2255000	-404752.795469801
2260000	-491033.702031602
2265000	-578605.574758716
2270000	581141.079287716
2275000	115696.127550242
2280000	549034.797707765
2285000	45037.3497959426
2290000	568006.127107805
2295000	207218.205939430
2300000	-163362.702338217
2305000	-703660.613309240
2310000	-526619.614057798
2315000	201750.306517974
2320000	87855.1917106310
2325000	-159846.537568692
2330000	-30265.3718125745
2335000	-275753.242735448
2340000	-506780.519689424
2345000	164411.475657579
2350000	-121665.152588807
2355000	-199531.513505113
2360000	324817.971786503
2365000	-471115.064304437
2370000	282069.370148031
2375000	-197393.236875737
2380000	476779.714254246
2385000	412952.348602635
2390000	200263.838758898
2395000	579613.131033268
2400000	-44014.1244167438
2405000	47036.0290072226
2410000	10977.0257215339
2415000	43153.1591767059
2420000	296722.912769079
2425000	413485.820095758
2430000	-15266.2961190651
2435000	-239685.163863201
2440000	443988.656988263
2445000	-262686.811083026
2450000	165363.908411740
2455000	27605.7111096755
2460000	677967.639474290
2465000	-353909.435664548
2470000	-791521.912548885
2475000	-231627.098600135
2480000	285440.428446639
2485000	-266574.537149911
2490000	169782.091235174
2495000	249858.401671376
2500000	261094.254211440
2505000	392502.858431612
2510000	223730.704676211
2515000	-62056.3100778730
2520000	93736.0239494608
2525000	-300932.267014492
2530000	541462.106088595
2535000	-129612.495245194
2540000	-285067.291676312
2545000	947666.973361975
2550000	-710970.631896363
2555000	350781.175571484
2560000	439977.217887841
2565000	-159262.066762806
2570000	55374.8381263876
2575000	80729.9182082895
2580000	386849.960812225
2585000	-112891.102962097
2590000	35269.1576614583
2595000	359906.352221847
2600000	524517.428215141
2605000	428714.872488538
2610000	193157.154326582
2615000	33026.0871641822
2620000	80642.1818325958
2625000	112193.291221844
2630000	201241.512603620
2635000	457856.546803523
2640000	648361.541334595
2645000	-166741.447628950
2650000	285861.322095517
2655000	171886.247963171
2660000	180784.711423400
2665000	-658248.347554643
2670000	-459963.353006867
2675000	-231.202502707632
2680000	559045.874822887
2685000	-22122.1574101738
2690000	17968.9390750120
2695000	582653.988300433
2700000	95413.2177060382
2705000	497386.519647354
2710000	-177482.464629799
2715000	289540.903396978
2720000	-175839.931543054
2725000	-13884.4291558985
2730000	278832.886446110
2735000	470759.103199555
2740000	138847.959253669
2745000	112258.403220492
2750000	-358759.374151035
2755000	281113.253739947
2760000	-76252.4541502302
2765000	-87639.7313822281
2770000	463572.213621266
2775000	306198.826729729
2780000	498388.056950325
2785000	-416232.449586332
2790000	471809.599688288
2795000	85857.0410403648
2800000	436043.649258255
2805000	123464.331077595
2810000	-46999.7842266259
2815000	94867.1353120657
2820000	236459.063974141
2825000	393351.444881779
2830000	586530.101023722
2835000	-451833.375760210
2840000	153201.135270488
2845000	-137566.013757862
2850000	431707.150337203
2855000	-325602.804051712
2860000	-59726.1509367781
2865000	-140502.345442730
2870000	-58806.6934557000
2875000	-136523.931732978
2880000	-311787.964119104
2885000	-277608.874580513
2890000	313928.360767018
2895000	252593.408243272
2900000	-7906.96979436950
2905000	-259707.548854803
2910000	214198.279393918
2915000	291622.370741161
2920000	248990.947489458
2925000	-254961.484389296
2930000	-524938.268605953
2935000	313204.243455370
2940000	77878.1902737356
2945000	226495.916109076
2950000	-682242.058082026
2955000	38540.2296207719
2960000	-1113711.28682178
2965000	776.899775954456
2970000	-727746.890745788
2975000	458855.339194196
2980000	326565.329175535
2985000	-980760.648388095
2990000	477702.253688376
2995000	178909.931337104
3000000	-563931.049088834
3005000	-238482.149081160
3010000	-206496.994081533
3015000	588479.013121446
3020000	-25166.3481374834
3025000	-125443.685782214
3030000	1157877.42947033
3035000	357348.064535637
3040000	130132.333834556
3045000	751357.191596165
3050000	-600509.127749811
3055000	119298.156292340
3060000	-43982.0681490570
3065000	175436.919695255
3070000	228722.503926093
3075000	84347.7507964137
3080000	638617.744577937
3085000	-210804.575069813
3090000	365202.707001240
3095000	212091.553368375
3100000	568487.724503417
3105000	-163878.319673487
3110000	-317999.330216918
3115000	-235325.418973048
3120000	-187467.725827303
3125000	-1937.33761500071
3130000	60639.0610365393
3135000	-217262.788708417
3140000	221441.131564543
3145000	-91832.2915736950
3150000	53298.7652248410
3155000	566894.408304015
3160000	792289.319684379
3165000	16701.5619998101
3170000	160113.591425968
3175000	-143775.390938408
3180000	192470.953473037
3185000	717958.339988413
3190000	136643.475166977
3195000	-508065.686039546
3200000	439820.817533094
3205000	-289538.204116886
3210000	499842.554629772
3215000	51168.9466016648
3220000	-48677.1699848532
3225000	567052.657525885
3230000	310362.506547471
3235000	478181.827889990
3240000	79856.9236686689
3245000	113710.998907709
3250000	-164866.016173887
3255000	-78277.7060779700
3260000	-572972.919057765
3265000	424066.724079401
3270000	92397.7937004194
3275000	-28599.6275595309
3280000	-143240.482779207
3285000	-266560.618279458
3290000	449171.717498940
3295000	400652.540888710
3300000	176463.964540347
3305000	-722176.358909659
3310000	-212629.170764621
3315000	461920.405707528
3320000	209434.614080457
3325000	590439.584645733
3330000	-230132.852751267
3335000	570940.337849645
3340000	127201.482720344
3345000	314239.619710181
3350000	-164759.703783324
3355000	294558.605485996
3360000	567080.065267818
3365000	-101029.958924841
3370000	365764.862159992
3375000	-606948.208797059
3380000	-179925.713630604
3385000	535241.515793288
3390000	-421544.037343419
3395000	-315946.604342602
3400000	541875.234735702
3405000	1039021.05047475
3410000	704229.359012963
3415000	437246.485857036
3420000	633814.391863222
3425000	229682.594816220
3430000	-620761.656820538
3435000	-314204.703329606
3440000	58680.9650189240
3445000	-364728.417803055
3450000	610224.473148465
3455000	-63417.2903491233
3460000	102310.671571352
3465000	557255.971855840
3470000	350620.025924144
3475000	336615.122960817
3480000	-43155.7247932359
3485000	-77296.0873204781
3490000	310483.704250300
3495000	349008.979512312
3500000	93556.7709772092
3505000	400840.628154567
3510000	535162.077412108
3515000	452034.226766557
3520000	179648.734083356
3525000	738067.510272749
3530000	690610.831572418
3535000	353294.319713736
3540000	272814.456131973
3545000	-707511.187555918
3550000	-385488.006304746
3555000	172363.139232209
3560000	112982.645790827
3565000	382149.779975631
3570000	-143715.321837076
3575000	-339448.242589583
3580000	408389.335927329
3585000	-104045.391632517
3590000	250594.572298981
3595000	286011.489690247
3600000	-28974.3799389521
3605000	-246833.555125597
3610000	-121669.663180794
3615000	359852.700570050
3620000	-34387.7247647025
3625000	427263.903274873
3630000	93278.5840852575
3635000	-519697.551595912
3640000	403064.729962693
3645000	-73463.4520836274
3650000	-236230.959392197
3655000	-357309.836590640
3660000	266149.242215242
3665000	81449.6164425613
3670000	-44079.2614755750
3675000	-502350.705142169
3680000	231899.565356296
3685000	266224.319156056
3690000	-1073639.29669382
3695000	-357111.065444965
3700000	272647.525709473
3705000	330625.771599507
3710000	-209186.721346820
3715000	-364507.904232323
3720000	-166288.285763942
3725000	-254914.232754094
3730000	-267356.579898783
3735000	229598.879945368
3740000	287276.211518643
3745000	-11441.0770704549
3750000	639284.337113640
3755000	1159613.85409849
3760000	-451586.994978246
3765000	119802.881696343
3770000	361553.665391272
3775000	330448.110292628
3780000	-271439.226530469
3785000	117518.652331405
3790000	136727.477359451
3795000	166409.533325103
3800000	87248.6081875441
3805000	-276486.152435896
3810000	-436063.406987081
3815000	-635449.007067300
3820000	156607.683166128
3825000	347354.304554250
3830000	-307371.586637237
3835000	210220.677221885
3840000	-152562.923020001
3845000	-22411.5846937006
3850000	152938.314348800
3855000	236436.578719909
3860000	407415.571173284
3865000	-29183.7948545315
3870000	253753.483686657
3875000	532314.232661263
3880000	764521.962110330
3885000	-158171.614915415
3890000	555404.390832737
3895000	-289659.105969395
3900000	201256.845251428
3905000	629019.141898262
3910000	227808.186825868
3915000	-430804.184070841
3920000	-464239.725637145
3925000	-308821.544939420
3930000	459774.550963350
3935000	-94736.0305757814
3940000	-57590.4720040816
3945000	826603.406387887
3950000	612632.836132079
3955000	120017.065640197
3960000	87867.1197958590
3965000	232222.370274366
3970000	-296268.752819096
3975000	-202858.921177603
3980000	389957.856373082
3985000	394164.673574097
3990000	-443240.603245521
3995000	-465516.292320643
4000000	-306195.984302827
4005000	609436.564367026
4010000	-174232.622379596
4015000	319215.983644956
4020000	196335.734745445
4025000	-67687.8865583776
4030000	-276178.246800588
4035000	336234.737539025
4040000	240623.268391811
4045000	-296538.973604075
4050000	-145334.499206292
4055000	-119868.750263255
4060000	131094.040355824
4065000	526754.544567284
4070000	338059.767647304
4075000	-546496.398007704
4080000	-161640.297350342
4085000	-132727.860348350
4090000	-204730.650534174
4095000	-80104.5059093078
4100000	-174699.926053641
4105000	183246.120603659
4110000	-492047.008555696
4115000	-22399.2063817433
4120000	-166123.379119668
4125000	-279239.022671534
4130000	-174363.388883490
4135000	532838.368636239
4140000	83180.5656782619
4145000	-489763.090475894
4150000	-218202.120207674
4155000	98537.9681955552
4160000	283575.330144130
4165000	303177.848849114
4170000	183643.510638019
4175000	65873.0627905024
4180000	256123.409308736
4185000	-757005.881211564
4190000	142412.747412423
4195000	324471.153815802
4200000	289465.333344831
4205000	-225541.515513961
4210000	-15988.6022779900
4215000	199195.656202410
4220000	335857.984961273
4225000	147998.325262986
4230000	-116452.313139707
4235000	-127330.540834142
4240000	-41177.2693424515
4245000	-517577.927733881
4250000	399969.772650619
4255000	347018.989848206
4260000	-32960.6632439963
4265000	31269.6585988147
4270000	572274.708572739
4275000	-6749.29341067791
4280000	-181882.466591283
4285000	304995.125830209
4290000	-67321.2979005079
4295000	-670779.349118465
4300000	-130507.504652866
4305000	199806.543423381
4310000	176191.759307936
4315000	801417.645350547
4320000	-129146.714599975
4325000	23985.0477385784
4330000	-235868.076621384
4335000	-191677.753107751
4340000	-247361.472452122
4345000	538604.248158676
4350000	-1125191.03561864
4355000	606143.965657935
4360000	215706.586304295
4365000	-104460.030691067
4370000	697161.029617352
4375000	365053.212517257
4380000	894454.416548214
4385000	-45272.0726855412
4390000	440927.325606310
4395000	162347.006417381
4400000	-448057.891159764
4405000	1102579.57513845
4410000	-608688.752522329
4415000	-52532.7170621723
4420000	401828.676840044
4425000	158839.268649631
4430000	199880.482089867
4435000	79871.9888052468
4440000	-447534.727114691
4445000	-50713.0058614923
4450000	53444.8273079300
4455000	-331949.619695631
4460000	112793.921891383
4465000	249145.467682713
4470000	253217.644417115
4475000	-160478.425807382
4480000	248656.332835296
4485000	-500684.317860096
4490000	-742811.724237760
4495000	-517207.082790463
4500000	-239024.773199816
4505000	40524.4649799705
4510000	319036.445039653
4515000	484458.493914333
4520000	405205.801903148
4525000	-116681.869790928
4530000	430212.825329055
4535000	682290.612958682
4540000	-64299.2381188606
4545000	-1122710.84571207
4550000	-64199.2441805962
4555000	-105328.533578815
4560000	-49054.7518840423
4565000	-324602.997146748
4570000	314684.417087152
4575000	308423.855466122
4580000	-65530.8033548467
4585000	-282941.532009605
4590000	346894.551189487
4595000	26898.1320486767
4600000	25383.3626828335
4605000	-167821.104804927
4610000	389660.358495152
4615000	-406294.155006053
4620000	-268463.316679206
4625000	-25229.7685369926
4630000	605260.994128214
4635000	741886.212395217
4640000	-376575.809401262
4645000	408910.315212259
4650000	709216.034630402
4655000	-177762.263637960
4660000	430989.838315196
4665000	-94963.5442566525
4670000	181507.375654545
4675000	-120293.422153373
4680000	464701.533195066
4685000	349860.382829211
4690000	249908.569708439
4695000	-203838.747601170
4700000	159495.173790499
4705000	-354104.783917628
4710000	-39306.5366393308
4715000	70841.4640248791
4720000	-405628.338136029
4725000	102330.169348627
4730000	7289.36151623146
4735000	-530.118597326644
4740000	277547.582112296
4745000	-148069.102414492
4750000	536709.167000801
4755000	795089.291218343
4760000	204953.741098201
4765000	489899.167260761
4770000	-434055.003968579
4775000	-522711.924164166
4780000	-521529.052295762
4785000	608644.557985281
4790000	862324.803209147
4795000	282872.430372064
4800000	238402.183076768
4805000	-591002.571567949
4810000	257350.889272837
4815000	36183.7315669841
4820000	540068.347940979
4825000	380214.923537518
4830000	-339644.463248960
4835000	67431.4949786763
4840000	1143682.06353199
4845000	739205.238302099
4850000	-5108.80194626050
4855000	157491.698626604
4860000	545931.265672042
4865000	-131019.861005385
4870000	278125.707858977
4875000	277569.054802825
4880000	-7290.51465843336
4885000	490194.330125173
4890000	491401.694826473
4895000	372964.245647030
4900000	19781.8053275409
4905000	143912.872120925
4910000	257963.274492245
4915000	-25635.9584714725
4920000	126104.260817765
4925000	157920.248007734
4930000	409107.977226284
4935000	-162999.946427355
4940000	-46402.0141629376
4945000	-328462.736939805
4950000	333808.000928135
4955000	-85264.0014731331
4960000	88934.1946736502
4965000	-51091.5519495845
4970000	266931.331142172
4975000	-106692.769175783
4980000	267388.144217242
4985000	-483566.787685348
4990000	-1015273.85765522
4995000	-20613.2030470230
5000000	252444.407858562
5005000	-57799.8174596020
5010000	-23929.4523555353
5015000	-65012.6434096325
5020000	761551.475551508
5025000	377013.788613180
5030000	-655025.886038802
5035000	-280494.430101434
5040000	23146.8960965820
5045000	-577856.195662374
5050000	275227.972025888
5055000	581217.115146428
5060000	440523.412262683
5065000	1237619.32048447
5070000	7934.36137707525
5075000	-63747.3571593876
5080000	-70135.9054221143
5085000	-361625.885648603
5090000	-216622.738793713
5095000	172854.500379099
5100000	-262771.209920496
5105000	523908.317954279
5110000	539822.672890265
5115000	367846.308559177
5120000	-500207.047279693
5125000	137924.440999503
5130000	189383.378897652
5135000	512264.338319484
5140000	512695.918337749
5145000	610015.936599705
5150000	139569.661243750
5155000	137701.663840708
5160000	-511551.019829093
5165000	149422.888445673
5170000	-802628.623189764
5175000	-513382.616701265
5180000	-273142.749979481
5185000	160178.294580285
5190000	-176444.402072554
5195000	-570279.926839759
5200000	-154997.298831755
5205000	251309.016012857
5210000	413472.767654663
5215000	-731409.687600034
5220000	850076.411267496
5225000	-51993.9304369262
5230000	530491.599144074
5235000	491957.681612847
5240000	252008.484980597
5245000	400460.259861300
5250000	-246967.163683231
5255000	-41226.2106237576
5260000	127942.389882159
5265000	-67104.3501375156
5270000	-86621.5205469651
5275000	442173.716342560
5280000	752888.681272097
5285000	390103.454324958
5290000	-103493.386174893
5295000	-180709.093390706
5300000	438650.033626920
5305000	-356528.978126036
5310000	441473.203550173
5315000	-230252.139414006
5320000	981358.319199721
5325000	-1002781.95592461
5330000	-568733.521681370
5335000	235448.147364770
5340000	429519.011211688
5345000	414784.768862476
5350000	212587.853135045
5355000	-767676.818560451
5360000	-575685.620510509
5365000	-790657.927191296
5370000	302469.651297290
5375000	-281666.561020888
5380000	-374525.968466306
5385000	437887.859525451
5390000	-207923.498324686
5395000	-23389.7864758047
5400000	-118504.663471778
5405000	366412.380279799
5410000	339118.311882698
5415000	153150.355196133
5420000	-506512.822024778
5425000	28688.1468587666
5430000	566368.893542579
5435000	84831.9689475385
5440000	69982.9370470759
5445000	305773.933816776
5450000	212627.709496233
5455000	203903.337826095
5460000	-385103.188496085
5465000	-358746.640130866
5470000	-272174.807246061
5475000	449519.005089920
5480000	-92076.1003848396
5485000	321970.177796893
5490000	-95141.2883750975
5495000	-10172.9350177328
5500000	-283836.980581386
5505000	818095.010047990
5510000	514660.148140162
5515000	238147.906121116
5520000	-236494.126453717
5525000	106727.559509370
5530000	428798.265603971
5535000	308373.842538012
5540000	-518267.787372211
5545000	105344.966483739
5550000	-14192.3673194145
5555000	-828228.807182931
5560000	-522440.787794249
5565000	-394852.214914048
5570000	236130.337550903
5575000	299990.864039630
5580000	489303.216704591
5585000	146018.074450382
5590000	556993.547739677
5595000	-417267.603950724
5600000	695181.006242270
5605000	-176440.590408278
5610000	-310820.245033952
5615000	-141783.723953940
5620000	-388485.361575642
5625000	221649.309897569
5630000	-632765.461335344
5635000	185195.700410874
5640000	395388.305606029
5645000	-238266.609242985
5650000	-173439.465200520
5655000	-509645.620529149
5660000	35092.9398768019
5665000	409147.855219735
5670000	-216869.770921105
5675000	-480147.941619360
5680000	644002.940384877
5685000	-323767.039316956
5690000	-400202.270353852
5695000	151930.169359624
5700000	-78410.4877092026
5705000	603939.690402736
5710000	45362.6224229303
5715000	431491.880900302
5720000	129133.409239265
5725000	32032.7437699372
5730000	-229711.086669759
5735000	-3306.77016811289
5740000	332088.077643245
5745000	936992.304770527
5750000	-531256.212379126
5755000	-75413.2062004592
5760000	278504.230296483
5765000	642553.561266885
5770000	584512.804904898
5775000	-161322.167676238
5780000	-230461.186112945
5785000	322604.420512385
5790000	-484599.299829219
5795000	9610.35420319802
5800000	526577.574137972
5805000	-279180.235828483
5810000	657268.227103707
5815000	622626.755094398
5820000	-983871.055585827
5825000	41989.5738576958
5830000	173038.436334922
5835000	-483793.131156613
5840000	118018.657948266
5845000	-355579.285863356
5850000	656432.040389724
5855000	267005.827536222
5860000	40247.9789117708
5865000	-155859.419540546
5870000	821544.885484094
5875000	-218813.421652140
5880000	563229.180242351
5885000	62059.0870700554
5890000	385028.951708283
5895000	225790.768819962
5900000	-344077.767278907
5905000	378497.934831577
5910000	1011136.07244966
5915000	-235868.069000340
5920000	-527492.634884104
5925000	-525167.073270634
5930000	-53136.9318636610
5935000	313522.579764708
5940000	-111107.939047464
5945000	-265554.787125447
5950000	546399.809678712
5955000	169155.310718420
5960000	811858.553271567
5965000	-839518.092965740
5970000	105243.510201785
5975000	580087.126619425
5980000	635848.027071965
5985000	64976.0031435960
5990000	319299.592410688
5995000	-548876.162601840
6000000	-13116.7781530204
6005000	-349843.769059605
6010000	128732.659957525
6015000	-236288.955734007
6020000	582846.594398809
6025000	208598.620231352
6030000	580937.967257164
6035000	-101216.630544064
6040000	64702.9832008408
6045000	242590.919269899
6050000	537298.691703148
6055000	219906.788439176
6060000	-634420.987543699
6065000	553932.842875694
6070000	-321208.000347274
6075000	125479.240968657
6080000	-466695.401323215
6085000	557167.225814555
6090000	183579.260296060
6095000	-94686.5528624602
6100000	183164.331334827
6105000	-4810.95181840706
6110000	-430370.694862711
6115000	-599142.983912187
6120000	139297.049050483
6125000	325591.267105338
6130000	811047.025818180
6135000	-144458.143573330
6140000	10723.1677323141
6145000	-7276.46481827022
6150000	-76163.3350802489
6155000	394760.494895250
6160000	293453.435596232
6165000	418222.827706328
6170000	-86086.0658272766
6175000	-1041146.77573086
6180000	-354119.735568729
6185000	-4103.07664227931
6190000	-878586.318778886
6195000	386874.116547584
6200000	-94873.5768689572
6205000	-174833.266302106
6210000	96764.0243139159
6215000	219054.033710167
6220000	225208.347606456
6225000	-483318.386426854
6230000	64360.7189532868
6235000	-97092.5398714122
6240000	501136.758318484
6245000	85709.1066960087
6250000	-36443.4252769237
6255000	117345.859599371
6260000	-27262.6276256385
6265000	-124819.471939162
6270000	-1202.38063609316
6275000	511169.759585101
6280000	895660.541461339
6285000	289191.142552441
6290000	-69503.1635060712
6295000	447865.099851695
6300000	880891.770469231
6305000	322487.190659551
6310000	-145301.676169764
6315000	-448507.751987468
6320000	86526.9803240887
6325000	-554298.662444185
6330000	-149834.334828439
6335000	-154991.533173373
6340000	445423.919186668
6345000	389575.804382103
6350000	-295235.786168765
6355000	1200965.72318725
6360000	493918.885731308
6365000	-23440.7006384496
6370000	-257577.472499403
6375000	228142.380550641
6380000	97129.8930450083
6385000	-301995.405774325
6390000	447082.836726342
6395000	-274055.791534157
6400000	-712369.644875908
6405000	44497.9113643922
6410000	210279.995478555
6415000	489180.862248234
6420000	593390.680166512
6425000	336134.398914211
6430000	596180.365501577
6435000	-346831.782717028
6440000	158515.493476657
6445000	-453904.706567648
6450000	-583924.556310591
6455000	509670.432650766
6460000	-231516.036268034
6465000	-61031.6302666474
6470000	-190322.680740696
6475000	161049.310178085
6480000	-412086.507122287
6485000	1001377.67079575
6490000	158099.629720421
6495000	336519.067817786
6500000	142461.436438580
6505000	378310.102107348
6510000	307977.432779132
6515000	772335.139788867
6520000	-598233.335533729
6525000	447306.174149998
6530000	-12066.4284018107
6535000	782027.363479372
6540000	332304.808781188
6545000	347604.781390386
6550000	-114766.819337740
6555000	46060.0820553296
6560000	149970.100902437
6565000	169694.580982910
6570000	-139989.073604537
6575000	167811.501901361
6580000	1256786.14270125
6585000	-29830.5656327657
6590000	581901.626365597
6595000	-167446.696050485
6600000	-46385.9081052167
6605000	108581.142176455
6610000	-18400.9685755117
6615000	-407168.357383648
6620000	-259714.225738237
6625000	736564.535527514
6630000	-358222.833791252
6635000	538122.808487344
6640000	246752.482985130
6645000	229152.471824740
6650000	407618.209002290
6655000	106856.568638422
6660000	170217.206228028
6665000	-317471.600965354
6670000	315792.799219876
6675000	410059.502072121
6680000	495341.514209232
6685000	274789.097537465
6690000	431950.196380767
6695000	-151328.578782563
6700000	868719.542600713
6705000	295962.991897515
6710000	550951.053436391
6715000	-41913.8581367901
6720000	415617.390467192
6725000	815555.360556303
6730000	370751.669575144
6735000	793922.016384203
6740000	865623.364319385
6745000	117297.328891173
6750000	391080.483835022
6755000	90843.3193404078
6760000	59984.2313220785
6765000	40795.2976734394
6770000	-163728.205549539
6775000	-1301475.27903029
6780000	-376168.443684306
6785000	-190839.386329429
6790000	405371.829266815
6795000	-13666.1904822431
6800000	-579662.653281416
6805000	135803.667575481
6810000	-492820.601550142
6815000	279239.597114166
6820000	-342544.772618491
6825000	-85277.1732934344
6830000	621308.628643530
6835000	39097.1078581625
6840000	454348.927131056
6845000	343707.080984076
6850000	-23509.6929536544
6855000	75020.6794750217
6860000	373772.629630506
6865000	809264.902981296
6870000	94515.3190540088
6875000	546269.078346137
6880000	224506.984068033
6885000	43152.7381836738
6890000	-438700.779163284
6895000	172414.738101895
6900000	-23151.7300871230
6905000	-138626.344924012
6910000	-402916.425761704
6915000	618714.787880555
6920000	-160949.394725269
6925000	-530551.880254732
6930000	2519.13674938738
6935000	691588.915423113
6940000	-182014.835143882
6945000	280723.446504736
6950000	52892.8395705138
6955000	133127.070019323
6960000	-456845.791523714
6965000	-155554.887221145
6970000	240429.943452179
6975000	149804.682233574
6980000	-455712.362322504
6985000	30782.8261060958
6990000	-261288.583824531
6995000	30015.6935323481
7000000	-504013.595615519
7005000	492111.161429994
7010000	-72452.3261873301
7015000	809556.827023997
7020000	223109.344446733
7025000	-702059.898118368
7030000	332313.197196384
7035000	148769.774842193
7040000	-273902.931274161
7045000	-80639.0566751990
7050000	448452.951843116
7055000	648146.411294622
7060000	-444883.489522731
7065000	267903.569692141
7070000	181437.835013271
7075000	-689319.474873183
7080000	-252013.544797724
7085000	260330.201743382
7090000	223783.076822637
7095000	299503.581892756
7100000	-25915.6428009674
7105000	-694308.808771653
7110000	-61660.5527860246
7115000	234190.800017718
7120000	127801.501708248
7125000	-468157.323608471
7130000	269474.610540243
7135000	65518.7447428884
7140000	121099.557467495
7145000	-193009.339485614
7150000	199418.367449797
7155000	415388.053258117
7160000	-178532.038440018
7165000	228325.004503771
7170000	-96287.2019690956
7175000	-365287.610461530
7180000	-130931.910272909
7185000	603029.243606964
7190000	-532203.912577715
7195000	337052.583029829
7200000	659503.031059191
7205000	336734.585433195
7210000	349717.641471977
7215000	218789.502480747
7220000	-289843.928006480
7225000	-111742.048830386
7230000	-327863.883844776
7235000	122312.988973332
7240000	-159574.690344964
7245000	-232250.488897703
7250000	408332.049367208
7255000	95933.3329450242
7260000	-643422.602949816
7265000	-314053.421107355
7270000	-129471.903686706
7275000	-46397.1655781596
7280000	803771.235128332
7285000	18041.0441717102
7290000	-529855.913221735
7295000	547039.209835237
7300000	51237.3456682729
7305000	607916.350056617
7310000	387801.854438653
7315000	154875.831013338
7320000	216452.744239377
7325000	408084.982795283
7330000	152838.509326695
7335000	129481.460858489
7340000	-298268.672383577
7345000	-391768.914914593
7350000	66277.7641371665
7355000	198833.390628768
7360000	173687.963485745
7365000	320389.879947980
7370000	984159.670146626
7375000	-10863.2167964167
7380000	-168812.288247866
7385000	363658.339341187
7390000	493039.524972875
7395000	346310.637876634
7400000	279710.637646823
7405000	784861.734022046
7410000	200431.057808643
7415000	314827.458333203
7420000	308528.159443991
7425000	-197083.839907307
7430000	154465.647556567
7435000	-419460.856702994
7440000	-22265.9604553232
7445000	-424820.816665934
7450000	221604.289950045
7455000	362040.166204267
7460000	-181106.241181264
7465000	449436.953423042
7470000	1013573.05489585
7475000	-83733.5357660098
7480000	255087.572525902
7485000	231123.747031689
7490000	496165.682979746
7495000	-100589.079410576
7500000	968895.193631320
7505000	702055.624639641
7510000	398464.906856384
7515000	-410663.606045576
7520000	-22807.1304665307
7525000	91337.2202701601
7530000	-98861.3412340883
7535000	-138613.619779003
7540000	-404868.280832435
7545000	397459.332187437
7550000	-171661.304198276
7555000	78823.5196205964
7560000	-332350.206009533
7565000	-401313.369617214
7570000	143145.528185940
7575000	104432.057591064
7580000	226390.691243416
7585000	4611.57961397135
7590000	354437.026547372
7595000	-203492.158988866
7600000	-132530.282852759
7605000	358246.096748010
7610000	26550.6121940498
7615000	331010.272079410
7620000	-279539.480137014
7625000	-291866.945708488
7630000	-76601.1754737669
7635000	429437.798191844
7640000	556187.058850318
7645000	119101.906002655
7650000	-86184.4522975738
7655000	364963.277089995
7660000	-294486.438307323
7665000	-100125.880159763
7670000	-202749.081671369
7675000	66791.1063553091
7680000	204497.744907257
7685000	-121539.212972557
7690000	446241.281678627
7695000	86225.3679034455
7700000	144670.836680533
7705000	-255985.692689602
7710000	60512.5361907592
7715000	175249.909796576
7720000	541124.067008244
7725000	164182.940176313
7730000	-189488.805111036
7735000	308469.581975424
7740000	-142765.940524509
7745000	283433.265884653
7750000	6686.45713004593
7755000	-332339.807492817
7760000	-105113.279688390
7765000	262952.751912308
7770000	-516463.111491371
7775000	-621700.888236032
7780000	77259.1466191949
7785000	604699.976823839
7790000	287665.290997652
7795000	166175.797380038
7800000	661986.889529875
7805000	137664.690539606
7810000	374413.635824164
7815000	100372.702014629
7820000	430197.829662655
7825000	433248.982648397
7830000	924478.604632804
7835000	450015.083087858
7840000	175170.617414392
7845000	-55814.7900169811
7850000	44466.5768249187
7855000	396544.531342148
7860000	-242538.511201847
7865000	-289835.626546016
7870000	-352270.373444647
7875000	341554.418544814
7880000	128105.564538173
7885000	-27156.7063238434
7890000	-102892.876731097
7895000	120627.840298913
7900000	485720.859526214
7905000	532153.994053263
7910000	-342292.920352249
7915000	119594.593550273
7920000	-286975.277408820
7925000	144343.011272155
7930000	429406.174423977
7935000	332363.762324982
7940000	117922.501804857
7945000	722990.095126872
7950000	-830714.978867556
7955000	493510.536549101
7960000	-935571.330838841
7965000	-354993.924131013
7970000	-42288.2601062497
7975000	-436276.222924846
7980000	-220658.814296827
7985000	795794.188436670
7990000	-538309.891801916
7995000	-155581.204546020
8000000	-73016.3698111706
8005000	1707.87012078183
8010000	160426.090193877
8015000	558035.078731427
8020000	334349.772433986
8025000	24759.2186901997
8030000	357920.584258307
8035000	997701.549852907
8040000	-233180.226088939
8045000	1034462.33097293
8050000	-298162.837944135
8055000	330889.534874307
8060000	117575.100098207
8065000	-78888.9978401236
8070000	484087.587370012
8075000	412271.790205089
8080000	590790.028052206
8085000	466477.706444289
8090000	601162.647317278
8095000	598006.834993924
8100000	-211522.336001952
8105000	-367058.453742018
8110000	794103.957487048
8115000	-459897.974433350
8120000	4238.92763223573
8125000	714569.455973238
8130000	226772.768597406
8135000	624170.594720008
8140000	133881.995279779
8145000	241960.196426905
8150000	79591.2240414711
8155000	520218.124815413
8160000	253881.929718063
8165000	609840.565247576
8170000	205805.753833980
8175000	116311.764531794
8180000	340696.965505591
8185000	672470.435331749
8190000	665347.742900775
8195000	256329.026064670
8200000	-12511.5231589010
8205000	-381868.537558712
8210000	-493449.658542758
8215000	465370.113354089
8220000	444770.085750669
8225000	-152173.792956578
8230000	1030468.67784652
8235000	-41783.5562732933
8240000	-370915.175656034
8245000	107039.260421450
8250000	53502.2020013610
8255000	108831.799041702
8260000	-9907.53619841242
8265000	-260184.324477102
8270000	-118579.171392426
8275000	-213664.934982137
8280000	326663.882552318
8285000	-255242.360550673
8290000	-106038.969453523
8295000	344624.718982607
8300000	117177.792071372
8305000	221383.465463478
8310000	24192.6441126387
8315000	-62571.0209168860
8320000	-92900.6836885604
8325000	-14848.8601813954
8330000	-376951.153184113
8335000	227722.835648597
8340000	645416.823810514
8345000	-373154.941875088
8350000	130424.416067037
8355000	-400493.809277816
8360000	419875.199297173
8365000	-103236.555786714
8370000	72109.0448473405
8375000	-494730.786136753
8380000	477634.777712199
8385000	1053738.05712688
8390000	-169226.660247035
8395000	-74207.2518509481
8400000	-210947.998634294
8405000	-199066.106985461
8410000	-89685.2795664225
8415000	-237897.999544340
8420000	85802.7577304982
8425000	458878.970950831
8430000	-80697.9765512375
8435000	-228924.862530777
8440000	301102.197500231
8445000	-557898.616176701
8450000	-789053.598329306
8455000	-295948.402317059
8460000	832816.908216038
8465000	-61742.1128180829
8470000	748129.366246951
8475000	106981.698935896
8480000	380925.156246331
8485000	-129364.244688288
8490000	346312.581800396
8495000	46833.7916271225
8500000	234974.589018822
8505000	-165304.719503026
8510000	238164.815367123
8515000	70664.8070632711
8520000	-247222.350307894
8525000	223317.391471788
8530000	163046.836156708
8535000	112012.905946867
8540000	238419.310016210
8545000	335093.324287257
8550000	489196.982847672
8555000	-471821.068609352
8560000	-286750.140035890
8565000	1042444.49314775
8570000	-259747.576419853
8575000	-435690.063131206
8580000	345557.286133889
8585000	66034.4994884595
8590000	-221839.232862835
8595000	213252.614689601
8600000	248632.805396389
8605000	472076.553635432
8610000	-337512.285864443
8615000	319824.019817151
8620000	560504.422413881
8625000	414568.573343808
8630000	194668.099240272
8635000	-135083.609630270
8640000	776891.414754114
8645000	-431785.641934028
8650000	-173179.747566814
8655000	133020.437182704
8660000	160278.023528500
8665000	-8273.29645093291
8670000	359634.290734849
8675000	276219.420127383
8680000	-270520.310123068
8685000	405636.925531545
8690000	-128678.363225751
8695000	216565.541562587
8700000	571059.008721676
8705000	246050.992320469
8710000	-178413.177145532
8715000	-189177.638207591
8720000	49583.6486930995
8725000	653905.892019476
8730000	57433.9707905864
8735000	235788.662392406
8740000	599420.270662608
8745000	291908.614732859
8750000	64360.3565263718
8755000	-118999.146602195
8760000	79368.6200599290
8765000	596441.320478034
8770000	-219742.851030269
8775000	295797.254563750
8780000	816776.692392212
8785000	18582.0811046866
8790000	-438981.434815005
8795000	-229226.817404567
8800000	98877.5972101777
8805000	421657.129736714
8810000	-1151900.54043196
8815000	208047.415423086
8820000	-150795.818551325
8825000	444885.891425719
8830000	-10470.9057360283
8835000	395613.535838578
8840000	484401.608746144
8845000	-388948.593055604
8850000	291208.506266387
8855000	-232874.290497612
8860000	455613.544899579
8865000	604548.204543167
8870000	655464.987955729
8875000	109224.927998573
8880000	-621778.240104059
8885000	517347.850522230
8890000	-91018.9292518298
8895000	287420.740713776
8900000	209955.525472700
8905000	59220.3313385034
8910000	-141891.709910093
8915000	53426.4644837796
8920000	165531.602980610
8925000	349369.347329104
8930000	-177274.457689933
8935000	501254.090030950
8940000	105340.362269729
8945000	132898.589178128
8950000	367866.515520608
8955000	491324.691841298
8960000	168699.193230378
8965000	307912.547936461
8970000	-22515.3870117271
8975000	-96135.3287142133
8980000	245946.468693240
8985000	190727.793933353
8990000	143365.140433749
8995000	249306.291412859
9000000	92354.7971540154
9005000	-70775.5945557610
9010000	233834.925418505
9015000	-956668.500583863
9020000	346627.719439518
9025000	-511856.792419447
9030000	40272.0767581004
9035000	862585.129917483
9040000	-216628.053603516
9045000	143489.917621473
9050000	834695.742204500
9055000	269020.324794876
9060000	-497985.603654081
9065000	-77022.4629618727
9070000	-197621.302915188
9075000	-459740.369853577
9080000	-295247.146878563
9085000	437190.437812395
9090000	372945.061684792
9095000	428007.830914925
9100000	77837.7581750266
9105000	625315.189373110
9110000	-362704.376236257
9115000	-306562.159216444
9120000	-207242.410864845
9125000	-17408.9032770078
9130000	60165.9548821104
9135000	-275098.497596592
9140000	344316.592559562
9145000	574606.139803275
9150000	-384305.216831844
9155000	394654.275159723
9160000	73362.2371075344
9165000	50072.5752920104
9170000	-188306.750350245
9175000	300589.951736499
9180000	548650.049238147
9185000	-454550.162501272
9190000	-136699.421620071
9195000	753320.734011773
9200000	-255140.442729437
9205000	208890.246083876
9210000	58917.6750122761
9215000	-655164.429486094
9220000	50888.1643130748
9225000	-8467.36903178045
9230000	-277738.162956677
9235000	-240109.400154840
9240000	130155.001778043
9245000	-216414.722991258
9250000	152194.758935527
9255000	377498.015527301
9260000	-186576.604885685
9265000	-516402.308841213
9270000	572508.776609320
9275000	11652.0816931979
9280000	400763.068634903
9285000	379868.774638832
9290000	143440.355578285
9295000	-508387.126540466
9300000	127418.484657178
9305000	301120.137865104
9310000	525598.901621078
9315000	284933.056355311
9320000	586368.200561726
9325000	339221.551919307
9330000	149184.996651010
9335000	322210.121088539
9340000	123057.346954783
9345000	189668.548511461
9350000	-98747.3354702977
9355000	-283106.558763091
9360000	499484.586769071
9365000	264469.426244617
9370000	336423.543754578
9375000	582903.341610655
9380000	28311.3096229096
9385000	-469674.589837084
9390000	-466854.267279863
9395000	-174854.131353094
9400000	-233625.023387108
9405000	-96240.1293750626
9410000	252220.314033211
9415000	266031.877708738
9420000	358021.280979026
9425000	328004.844406629
9430000	162367.077251094
9435000	-531647.329677467
9440000	369735.939296153
9445000	-102400.514694757
9450000	-152372.844657089
9455000	54034.4445580082
9460000	334445.123770223
9465000	-393440.240815063
9470000	308462.417727390
9475000	527644.781017577
9480000	98252.3195427295
9485000	-322986.948589125
9490000	184219.186079824
9495000	620486.205003291
9500000	903068.839381203
9505000	253691.328373602
9510000	-273155.689189362
9515000	517443.999599611
9520000	219875.180327261
9525000	-616706.800065423
9530000	-34745.8189328574
9535000	401594.889760210
9540000	572523.879368339
9545000	544526.897058772
9550000	233724.003997396
9555000	757883.875595757
9560000	451377.186986660
9565000	211405.919772586
9570000	373269.451545966
9575000	23795.3758329164
9580000	-16763.9446466120
9585000	405318.407203866
9590000	-411905.772411271
9595000	710148.448109492
9600000	176557.053505096
9605000	-461224.915178704
9610000	832331.973736760
9615000	-416105.481740332
9620000	343637.806405446
9625000	688185.885779773
9630000	-254088.667360129
9635000	-205104.669271406
9640000	-261306.683218403
9645000	-598530.817186022
9650000	419538.455882533
9655000	181367.648485620
9660000	-276720.875209891
9665000	-518778.035133716
9670000	123933.296227974
9675000	90320.7835675342
9680000	6434.76298583021
9685000	43221.6309596154
9690000	189326.593222179
9695000	47792.7271249714
9700000	133886.554179498
9705000	137482.732506713
9710000	10544.1737701869
9715000	180156.735279928
9720000	-68043.4848780159
9725000	441122.111645854
9730000	443314.988669432
9735000	-253264.249607662
9740000	372941.562191984
9745000	-642812.145553899
9750000	-308694.888630162
9755000	385342.197676037
9760000	267703.341827187
9765000	195195.391773079
9770000	-205897.761724377
9775000	140030.472246070
9780000	709634.556107440
9785000	-10790.5086019813
9790000	-328845.307001676
9795000	693801.015463114
9800000	506415.102721523
9805000	38055.1036241322
9810000	-9540.00249155859
9815000	-263969.909182125
9820000	-787835.106501738
9825000	128322.042006018
9830000	540858.963927665
9835000	65853.4121279886
9840000	575277.769283963
9845000	-381282.633861881
9850000	344899.234477542
9855000	411409.406769759
9860000	223184.725931949
9865000	346712.416462876
9870000	159860.287713184
9875000	-72767.0023821942
9880000	606415.325846238
9885000	-347229.775311078
9890000	543000.430009196
9895000	170863.773014984
9900000	158432.336589567
9905000	396714.236245639
9910000	239779.881983533
9915000	-8794.23477072317
9920000	-138623.499867103
9925000	357560.248503456
9930000	423903.728422837
9935000	-282769.440200604
9940000	68053.3981955983
9945000	913.610991913352
9950000	618299.442409527
9955000	278786.898435980
9960000	1003218.58200757
9965000	-482294.272185573
9970000	-124625.929295134
9975000	144262.785377733
9980000	393944.316311154
9985000	-491426.730710196
9990000	571209.275151784
9995000	305266.455456868
10000000	216207.694082340
