#	SIM_20_0.05_-6.23	
1	2366.00000000000
5000	2369.88001106221
10000	2368.57435730150
15000	2366.69560846951
20000	2366.71745883383
25000	2366.67466704506
30000	2366.18896069029
35000	2366.57098742899
40000	2366.68163508916
45000	2366.61718262478
50000	2366.55069523298
55000	2366.39633901538
60000	2365.94693684920
65000	2365.93550922390
70000	2365.61643747492
75000	2365.22638763134
80000	2364.93825508478
85000	2365.67560462025
90000	2365.94447046089
95000	2365.84177278852
100000	2366.58895203277
105000	2365.62495361701
110000	2365.41060510582
115000	2365.82151901931
120000	2365.80387989434
125000	2366.51328287636
130000	2366.37728862076
135000	2366.33464363171
140000	2365.69793613330
145000	2365.81683811436
150000	2366.12814539691
155000	2365.94276917076
160000	2365.93471573119
165000	2365.83076671514
170000	2366.38083156865
175000	2365.66287266403
180000	2365.06433316236
185000	2365.30554079936
190000	2365.72460995252
195000	2365.75546339421
200000	2365.78466503552
205000	2365.38709602138
210000	2366.90294665829
215000	2365.88167179104
220000	2365.95347276662
225000	2366.15965320100
230000	2366.28248481153
235000	2365.32978776927
240000	2365.42472650167
245000	2364.95008274540
250000	2364.71479956031
255000	2365.27185390410
260000	2365.94246200800
265000	2366.23973829177
270000	2365.84281372497
275000	2365.99548194268
280000	2365.58531362716
285000	2365.04584634911
290000	2365.51581523887
295000	2365.84301893036
300000	2365.91901037563
305000	2366.40699346933
310000	2366.70125201017
315000	2366.46100997090
320000	2366.93856275547
325000	2367.14964217839
330000	2366.61845769774
335000	2365.93415366271
340000	2366.84519535892
345000	2366.58781919182
350000	2365.87110282465
355000	2365.15030232070
360000	2365.59198715050
365000	2365.92796715429
370000	2365.29555153917
375000	2365.88048940965
380000	2365.78058914015
385000	2366.62881579905
390000	2366.56417911038
395000	2366.95392409836
400000	2366.73622799327
405000	2366.86587606459
410000	2365.81414828453
415000	2366.14684594745
420000	2366.69803651780
425000	2365.67275865216
430000	2365.47355686706
435000	2366.42558849248
440000	2366.78707055400
445000	2366.62134950970
450000	2366.42489037996
455000	2365.66847049979
460000	2365.76370853558
465000	2365.60550006194
470000	2366.21941546392
475000	2365.54410838687
480000	2364.91752271599
485000	2364.11645427558
490000	2365.03347750395
495000	2365.57047446237
500000	2366.32298281590
505000	2366.63023570884
510000	2366.67743956736
515000	2366.53829014983
520000	2365.81624374278
525000	2365.66242003543
530000	2366.65683438408
535000	2364.78990970458
540000	2365.77218293987
545000	2365.10111218882
550000	2364.71260286915
555000	2365.09563971534
560000	2365.49046771095
565000	2365.39526119908
570000	2365.28887484368
575000	2364.83621126680
580000	2365.62029429327
585000	2365.89871024904
590000	2367.03836727564
595000	2366.54531041632
600000	2366.25770762698
605000	2367.05736069785
610000	2366.25695839393
615000	2365.82122452510
620000	2365.98106567446
625000	2365.17482142825
630000	2364.97123114248
635000	2365.42731969065
640000	2365.92169673436
645000	2366.68330789565
650000	2365.81541896806
655000	2365.03338063877
660000	2365.10122373541
665000	2366.14547208545
670000	2366.26156421328
675000	2367.14980901281
680000	2366.58373207875
685000	2366.35264961004
690000	2366.29101804908
695000	2366.11866647715
700000	2365.81546591478
705000	2366.77348863114
710000	2366.30609735031
715000	2366.59219605155
720000	2366.38861618266
725000	2365.69024488071
730000	2365.69499399732
735000	2365.60026901050
740000	2365.89252233219
745000	2365.11952598806
750000	2364.91461179453
755000	2365.59520495358
760000	2366.49302739544
765000	2366.63531596757
770000	2365.19528166784
775000	2365.66068218679
780000	2365.19815590112
785000	2365.05163129012
790000	2364.98645741830
795000	2365.18839095017
800000	2365.04941961179
805000	2365.23496699252
810000	2365.61097118596
815000	2366.65697777331
820000	2365.25005672284
825000	2365.43493062025
830000	2364.55864140878
835000	2364.54646930782
840000	2364.95357988680
845000	2364.65730966395
850000	2364.77010793231
855000	2364.75981509092
860000	2365.06737849574
865000	2365.21402331584
870000	2365.09733844741
875000	2364.80456581612
880000	2364.65764867730
885000	2364.71401147843
890000	2364.87649222901
895000	2363.91300091118
900000	2364.47117209716
905000	2365.53924406207
910000	2365.09299204213
915000	2365.88893315404
920000	2365.91450903277
925000	2365.88172994094
930000	2365.96463932000
935000	2365.03772565814
940000	2365.60376450289
945000	2366.11414528476
950000	2365.46275808762
955000	2364.78937240354
960000	2364.98310410376
965000	2364.63619824771
970000	2364.76566625890
975000	2365.61680430714
980000	2365.76689948464
985000	2365.75234213468
990000	2364.84433096956
995000	2364.91799544271
1000000	2364.37140680175
1005000	2364.35867349610
1010000	2365.12636106412
1015000	2364.42070684808
1020000	2364.48530206917
1025000	2365.23089212122
1030000	2364.34774494057
1035000	2364.99774285752
1040000	2365.83317369202
1045000	2366.23105863053
1050000	2365.49805623428
1055000	2366.00984430698
1060000	2365.56195015433
1065000	2365.58093078669
1070000	2365.06229015026
1075000	2365.16316453754
1080000	2365.05058683363
1085000	2364.45076445028
1090000	2364.46568443181
1095000	2365.79874802799
1100000	2365.05745879469
1105000	2365.35192055352
1110000	2365.75765134237
1115000	2365.21877151760
1120000	2364.62199565600
1125000	2364.68906179301
1130000	2365.84436156020
1135000	2365.11470014309
1140000	2364.60291066020
1145000	2364.07469492323
1150000	2364.75153630851
1155000	2365.31111428720
1160000	2365.09182497036
1165000	2365.10368559804
1170000	2365.18797537414
1175000	2365.66323476610
1180000	2364.60257491941
1185000	2364.69981106835
1190000	2365.07465141564
1195000	2365.13075837398
1200000	2364.50483420645
1205000	2365.22629335909
1210000	2365.57923546896
1215000	2364.83577615925
1220000	2364.76776639770
1225000	2364.69997778760
1230000	2364.97960961865
1235000	2365.10900535579
1240000	2365.00197823158
1245000	2365.18852820027
1250000	2365.37263550183
1255000	2365.18243002582
1260000	2364.40570277462
1265000	2363.73967877218
1270000	2364.13867006433
1275000	2364.62810342013
1280000	2365.46728148823
1285000	2365.49751644715
1290000	2365.29020200859
1295000	2364.71121801509
1300000	2364.41011099956
1305000	2364.97369185501
1310000	2365.21756426232
1315000	2365.25441143107
1320000	2365.19497269236
1325000	2364.46264326060
1330000	2365.32562192289
1335000	2364.77696797984
1340000	2365.95164051487
1345000	2365.45040292189
1350000	2364.81627298962
1355000	2365.15849550853
1360000	2364.72442013121
1365000	2365.80255514087
1370000	2365.61433457694
1375000	2365.80944957042
1380000	2365.58116802741
1385000	2365.89041595444
1390000	2365.06670289314
1395000	2364.93109084598
1400000	2366.13780323589
1405000	2365.91853088812
1410000	2365.25436399062
1415000	2365.89654733309
1420000	2365.92511408031
1425000	2365.28007996520
1430000	2365.70052275732
1435000	2365.13721832230
1440000	2364.99606632425
1445000	2365.23234820447
1450000	2366.01823593717
1455000	2365.91610656985
1460000	2364.83588821744
1465000	2364.69029500708
1470000	2364.99263551120
1475000	2365.37429447251
1480000	2365.48718178603
1485000	2364.65255257617
1490000	2364.77944361845
1495000	2365.65018793595
1500000	2365.99563938026
1505000	2364.63841559428
1510000	2366.00982594249
1515000	2365.59773440165
1520000	2364.99227626227
1525000	2364.81363500450
1530000	2366.01255851662
1535000	2365.29888456209
1540000	2365.12218168743
1545000	2364.46684574340
1550000	2364.67100276850
1555000	2365.28974350810
1560000	2365.44379410105
1565000	2365.43045406223
1570000	2365.77762036075
1575000	2365.64753880039
1580000	2366.28928430580
1585000	2365.79484135443
1590000	2365.17736774666
1595000	2364.65256363607
1600000	2365.78141024337
1605000	2365.92976637316
1610000	2364.99471958399
1615000	2365.62803874493
1620000	2365.14195136493
1625000	2365.00080964840
1630000	2364.63558880235
1635000	2365.14863851213
1640000	2365.47028174759
1645000	2365.42988972353
1650000	2364.29708451142
1655000	2364.46293457969
1660000	2364.64587777218
1665000	2365.92461803695
1670000	2365.43299554900
1675000	2365.39578363726
1680000	2365.30337353267
1685000	2365.41232162703
1690000	2365.15693780885
1695000	2366.20066763183
1700000	2365.99006520507
1705000	2365.57664357537
1710000	2365.72497596347
1715000	2365.74107857805
1720000	2364.74276140475
1725000	2364.81217339364
1730000	2365.17448779832
1735000	2364.98031456462
1740000	2365.50354873125
1745000	2365.61690477929
1750000	2364.79686851756
1755000	2365.26731861366
1760000	2365.21548044620
1765000	2365.17287742941
1770000	2365.60300888454
1775000	2365.78816774803
1780000	2365.90198497486
1785000	2364.91422141504
1790000	2365.13506100273
1795000	2364.22444837984
1800000	2364.56071498613
1805000	2365.31238246697
1810000	2365.43109767956
1815000	2364.88733148146
1820000	2365.45614158366
1825000	2364.51037510140
1830000	2363.95820133015
1835000	2365.36964896931
1840000	2365.74768529540
1845000	2365.41781317692
1850000	2365.12773263440
1855000	2365.21173039653
1860000	2364.79234119959
1865000	2364.01098938735
1870000	2364.75616411501
1875000	2365.54229293640
1880000	2365.78494621329
1885000	2365.18807539917
1890000	2364.48568584470
1895000	2364.47451472216
1900000	2365.09498479665
1905000	2366.07065522467
1910000	2365.70942690303
1915000	2366.37959108648
1920000	2365.75216580331
1925000	2365.42213739670
1930000	2364.96248155495
1935000	2364.47471068960
1940000	2365.38910205282
1945000	2365.79428548086
1950000	2365.69660457307
1955000	2364.83880152765
1960000	2365.25571991380
1965000	2364.82446143687
1970000	2366.02516444765
1975000	2365.42912105853
1980000	2364.78422378410
1985000	2364.38490008835
1990000	2364.24526396024
1995000	2364.60402619712
2000000	2364.69461935474
2005000	2363.79975131574
2010000	2364.73537795044
2015000	2365.12049067086
2020000	2365.32187989992
2025000	2365.08279675889
2030000	2365.39068285874
2035000	2364.71648635618
2040000	2364.64902088292
2045000	2365.22616844971
2050000	2365.02946207400
2055000	2365.08488098226
2060000	2365.13958513667
2065000	2365.45802880088
2070000	2364.80131779142
2075000	2365.84546546154
2080000	2365.31503396584
2085000	2364.91968786308
2090000	2365.04736890138
2095000	2365.22102858669
2100000	2365.50722095915
2105000	2365.35344274663
2110000	2366.54072489813
2115000	2365.15810806183
2120000	2364.71743690980
2125000	2364.89322339458
2130000	2365.71383394672
2135000	2364.78906459915
2140000	2365.27263021735
2145000	2365.56821050413
2150000	2365.88706817985
2155000	2365.66851041610
2160000	2366.20765775698
2165000	2365.19406766244
2170000	2365.14429578186
2175000	2364.91991359764
2180000	2364.69874059655
2185000	2364.96615747557
2190000	2366.69222647761
2195000	2366.71220903688
2200000	2365.52828762034
2205000	2365.24860946675
2210000	2365.44851764216
2215000	2365.66098188917
2220000	2366.05759881845
2225000	2365.46291298061
2230000	2365.49797421800
2235000	2365.36885923107
2240000	2365.82104756234
2245000	2366.37310204037
2250000	2365.36074669545
2255000	2365.24492031710
2260000	2365.56698681547
2265000	2364.58366297159
2270000	2364.93609246190
2275000	2364.47176365012
2280000	2365.14365409166
2285000	2364.60397970248
2290000	2364.87528064629
2295000	2365.05095066650
2300000	2365.90080910824
2305000	2365.06348506710
2310000	2365.46802130518
2315000	2365.78066078553
2320000	2365.50908294880
2325000	2365.16003096191
2330000	2364.68332935057
2335000	2364.90113659108
2340000	2364.65972079570
2345000	2364.56050813118
2350000	2364.61077703368
2355000	2365.29420985525
2360000	2365.20761113252
2365000	2366.23537806651
2370000	2367.13800130412
2375000	2366.17421572522
2380000	2365.72342465407
2385000	2365.48215227009
2390000	2364.80470283706
2395000	2365.84852188707
2400000	2366.50205984164
2405000	2365.79843820247
2410000	2365.86688642326
2415000	2365.32423874035
2420000	2365.86946647259
2425000	2366.70364873497
2430000	2366.79936469906
2435000	2366.43208360738
2440000	2365.56496759720
2445000	2365.36076722635
2450000	2365.52709148665
2455000	2365.33207976371
2460000	2365.35426195950
2465000	2365.07359347760
2470000	2365.41951992397
2475000	2364.79390719791
2480000	2365.89966553901
2485000	2365.57033346997
2490000	2364.85241376148
2495000	2364.74685446649
2500000	2365.21875004782
2505000	2365.22720504014
2510000	2365.10860743810
2515000	2364.77488394892
2520000	2365.27136485847
2525000	2365.68531033664
2530000	2365.24612086918
2535000	2366.05748614257
2540000	2365.45023963176
2545000	2364.77240669396
2550000	2364.50281486245
2555000	2364.65193063268
2560000	2365.02410231589
2565000	2364.35522751899
2570000	2364.27543700647
2575000	2364.34263412896
2580000	2364.68023552934
2585000	2364.22408078460
2590000	2364.56069478944
2595000	2363.86533779643
2600000	2364.46202623404
2605000	2366.01431240674
2610000	2364.88029282810
2615000	2364.93906741257
2620000	2365.75247018536
2625000	2365.06989170428
2630000	2365.85924325680
2635000	2365.66133984874
2640000	2365.02784399287
2645000	2366.42792909566
2650000	2365.60539768611
2655000	2364.86306454672
2660000	2365.36150339227
2665000	2365.71361932208
2670000	2364.94302936713
2675000	2365.67982890820
2680000	2365.98611293080
2685000	2365.61978185701
2690000	2365.08062301984
2695000	2364.52819703569
2700000	2364.56465293795
2705000	2365.29506916503
2710000	2365.95935713057
2715000	2365.68648668596
2720000	2364.90790378399
2725000	2365.17188359486
2730000	2365.14098025008
2735000	2364.79017922410
2740000	2363.51242602163
2745000	2363.44344439270
2750000	2364.13675091275
2755000	2365.56401284154
2760000	2365.92183111630
2765000	2365.88651697632
2770000	2366.34403557954
2775000	2366.13877610673
2780000	2365.06945659491
2785000	2365.51037164009
2790000	2364.48557737383
2795000	2364.75865463190
2800000	2365.16304534121
2805000	2365.03114228113
2810000	2365.11670314442
2815000	2365.75211378260
2820000	2364.73252704121
2825000	2364.45871496811
2830000	2365.15156692041
2835000	2365.45048546538
2840000	2365.18373103293
2845000	2364.58406117989
2850000	2364.69694622933
2855000	2365.06285369381
2860000	2365.00437443939
2865000	2365.45683846666
2870000	2365.00791447644
2875000	2364.39453311461
2880000	2365.31397820208
2885000	2365.47861641209
2890000	2365.68347091182
2895000	2364.69062212107
2900000	2364.66138283807
2905000	2366.12319601958
2910000	2365.88095497733
2915000	2365.72726671984
2920000	2366.00212923631
2925000	2365.17358875190
2930000	2365.34037604193
2935000	2365.56296119447
2940000	2365.22115494989
2945000	2365.46527762347
2950000	2364.47531704472
2955000	2365.20597323820
2960000	2365.17808984493
2965000	2365.56475869765
2970000	2365.32051436740
2975000	2366.01364468951
2980000	2365.05046266157
2985000	2364.15964559905
2990000	2364.10590087938
2995000	2364.79681502769
3000000	2365.20646302819
3005000	2366.03238767115
3010000	2365.33649458300
3015000	2364.74377668652
3020000	2365.89818963879
3025000	2365.64585340564
3030000	2365.41269838717
3035000	2365.03969871776
3040000	2365.56278380089
3045000	2365.95132114579
3050000	2365.25403894716
3055000	2365.77140300857
3060000	2366.27432919895
3065000	2366.08446151401
3070000	2365.17562325747
3075000	2365.57929362765
3080000	2365.45893808884
3085000	2364.99567528744
3090000	2365.51332567859
3095000	2364.79910758600
3100000	2365.47991611003
3105000	2364.69266042037
3110000	2364.46556129550
3115000	2364.99846951487
3120000	2364.93878382398
3125000	2365.15003014788
3130000	2365.65250377651
3135000	2366.03482449658
3140000	2365.84671235115
3145000	2364.81035410595
3150000	2365.13909365738
3155000	2364.57354172340
3160000	2364.84429967938
3165000	2365.26854316958
3170000	2365.80121491611
3175000	2365.19187618007
3180000	2364.01098617358
3185000	2364.09847736040
3190000	2365.47133338730
3195000	2364.86684034458
3200000	2364.82204429618
3205000	2364.37002496450
3210000	2364.75576355937
3215000	2364.91095652141
3220000	2364.51700920527
3225000	2364.65211159904
3230000	2364.87821677548
3235000	2365.72868118614
3240000	2365.20611526384
3245000	2364.68044363370
3250000	2364.32931699327
3255000	2365.46370217814
3260000	2365.03055028355
3265000	2364.78632454432
3270000	2365.85105075787
3275000	2365.88395669338
3280000	2365.58880231959
3285000	2365.23220313048
3290000	2364.58760641217
3295000	2363.95606930004
3300000	2365.27382150817
3305000	2366.25375547311
3310000	2366.07765780324
3315000	2365.71255940234
3320000	2365.74780979868
3325000	2364.43662362152
3330000	2364.44481574130
3335000	2363.98069985584
3340000	2365.21596825081
3345000	2365.04246719311
3350000	2366.15850485011
3355000	2365.09036970388
3360000	2364.96516758063
3365000	2364.56118836077
3370000	2365.34225405435
3375000	2364.92458498445
3380000	2365.17607220679
3385000	2365.59925241686
3390000	2365.20942069859
3395000	2365.03906817609
3400000	2363.55317829703
3405000	2364.51318128097
3410000	2364.83927943933
3415000	2365.12127995821
3420000	2365.51892619353
3425000	2365.91903825914
3430000	2364.52714019886
3435000	2364.14564082909
3440000	2364.55285618715
3445000	2364.99663355386
3450000	2364.73347366932
3455000	2365.38778365415
3460000	2364.95624757212
3465000	2364.79220028043
3470000	2364.82977524979
3475000	2366.05658582858
3480000	2366.16363004281
3485000	2366.68512183482
3490000	2365.94114048549
3495000	2365.32726848871
3500000	2365.46961687147
3505000	2365.09709854176
3510000	2365.58135704926
3515000	2365.28603350131
3520000	2365.30478824719
3525000	2366.10063830973
3530000	2364.94345380437
3535000	2365.06031974986
3540000	2364.74155347882
3545000	2364.95444076589
3550000	2365.45891697354
3555000	2365.54853198565
3560000	2366.06422542243
3565000	2365.95429542674
3570000	2365.39142188015
3575000	2365.44646982878
3580000	2364.54573899134
3585000	2364.98529154897
3590000	2365.23540565557
3595000	2366.86270933611
3600000	2366.31034823151
3605000	2364.51689995683
3610000	2364.97967503633
3615000	2364.46919377126
3620000	2365.12724038268
3625000	2364.57532106680
3630000	2365.37729417236
3635000	2365.18433436146
3640000	2363.93979204417
3645000	2364.84588713176
3650000	2364.72339374477
3655000	2364.81673228914
3660000	2365.15905065901
3665000	2365.28439335662
3670000	2365.69990895212
3675000	2366.85309429106
3680000	2365.78484174402
3685000	2366.49888149610
3690000	2365.76689394738
3695000	2365.93529166854
3700000	2365.06380715499
3705000	2365.07186643444
3710000	2365.17888701369
3715000	2365.00963490019
3720000	2365.36166906283
3725000	2364.67570924182
3730000	2364.38251355581
3735000	2365.06233441326
3740000	2365.29276163630
3745000	2364.56828940433
3750000	2364.66802241209
3755000	2364.94953920996
3760000	2364.72807471565
3765000	2365.54141618367
3770000	2364.55623466634
3775000	2363.99186676458
3780000	2364.42359802926
3785000	2365.16165493927
3790000	2365.42725702595
3795000	2366.19866092288
3800000	2365.60617062038
3805000	2366.07734361195
3810000	2365.57824174166
3815000	2364.98780209430
3820000	2364.72411172759
3825000	2364.74807052459
3830000	2365.55855844638
3835000	2365.14126904594
3840000	2364.93557149600
3845000	2365.24584154138
3850000	2365.46471816951
3855000	2365.35332791762
3860000	2364.95196949796
3865000	2365.77764594783
3870000	2365.81592278201
3875000	2365.39410522115
3880000	2365.87744571719
3885000	2365.98416032638
3890000	2365.01254441916
3895000	2365.00480395239
3900000	2364.35792564485
3905000	2365.17132320724
3910000	2365.22622692226
3915000	2364.80079290446
3920000	2365.12268278067
3925000	2365.45663230084
3930000	2365.58343899824
3935000	2365.28659915999
3940000	2366.06375228540
3945000	2366.66732563989
3950000	2365.18531993355
3955000	2365.83702679294
3960000	2366.13291925458
3965000	2365.38908270695
3970000	2365.19606483045
3975000	2366.04326636111
3980000	2365.84517748963
3985000	2365.37210758546
3990000	2365.77066511549
3995000	2366.12002252723
4000000	2365.05677109812
4005000	2364.65979069954
4010000	2364.31015474546
4015000	2364.49371612830
4020000	2365.13757042430
4025000	2365.04239414293
4030000	2365.12402046184
4035000	2364.58425281658
4040000	2366.03333071428
4045000	2365.89605003100
4050000	2365.22729435786
4055000	2365.30956845567
4060000	2364.63997812385
4065000	2364.30384831326
4070000	2364.39880861418
4075000	2364.82289568889
4080000	2364.78049141997
4085000	2364.77559138043
4090000	2365.36193024200
4095000	2365.48815818683
4100000	2365.59961733713
4105000	2365.39169677919
4110000	2366.11883055708
4115000	2365.76425669672
4120000	2365.63221222193
4125000	2364.89720436008
4130000	2364.70379591881
4135000	2365.08705824023
4140000	2365.23496499812
4145000	2365.47586068576
4150000	2365.51710548289
4155000	2366.46303405594
4160000	2365.61304980494
4165000	2365.94860489675
4170000	2366.84302347701
4175000	2365.94681036098
4180000	2365.74306694380
4185000	2365.42811393234
4190000	2364.82892309829
4195000	2365.52127447824
4200000	2364.99115909848
4205000	2364.84065899848
4210000	2365.61686109276
4215000	2365.33431684716
4220000	2365.70325059107
4225000	2364.88805404892
4230000	2364.62636101010
4235000	2364.50087458789
4240000	2365.01431262167
4245000	2364.35254555292
4250000	2365.04213773445
4255000	2365.11724915442
4260000	2365.08426651659
4265000	2364.58465640921
4270000	2363.78760286669
4275000	2365.05220164167
4280000	2365.75980700135
4285000	2365.67329794008
4290000	2365.83337720175
4295000	2365.45741098024
4300000	2364.77763519540
4305000	2365.22359292754
4310000	2364.63796055801
4315000	2364.40139462895
4320000	2364.88882662524
4325000	2365.37453694478
4330000	2365.14462671518
4335000	2365.45987259977
4340000	2365.76671252193
4345000	2364.77251058809
4350000	2364.60958949414
4355000	2364.69362586655
4360000	2365.20594215545
4365000	2365.11791526786
4370000	2364.75298401285
4375000	2365.00482521314
4380000	2365.80985500655
4385000	2364.73624711430
4390000	2364.30305145891
4395000	2364.90676704426
4400000	2365.10259354393
4405000	2365.66932046965
4410000	2365.87933831415
4415000	2365.20416177762
4420000	2364.94223279579
4425000	2364.98176795011
4430000	2364.68793430563
4435000	2365.86249326528
4440000	2366.61253569162
4445000	2366.03482564206
4450000	2364.64817158564
4455000	2365.08647961078
4460000	2365.07504206426
4465000	2365.43022589885
4470000	2364.76282722543
4475000	2366.00110307806
4480000	2365.64953045796
4485000	2366.15328889477
4490000	2365.68454970590
4495000	2365.71860264679
4500000	2364.95297562185
4505000	2365.79834632089
4510000	2365.26805298786
4515000	2364.54973843365
4520000	2365.54368139012
4525000	2365.02567181162
4530000	2366.17177262575
4535000	2365.17488782163
4540000	2365.85965828903
4545000	2366.61808527032
4550000	2366.46359851936
4555000	2366.52390156152
4560000	2366.35363678037
4565000	2366.05582926731
4570000	2366.15875482942
4575000	2366.23124536416
4580000	2365.21587087543
4585000	2364.52361622965
4590000	2365.01029608786
4595000	2364.27992233469
4600000	2363.31700671609
4605000	2364.00593466384
4610000	2364.62523325669
4615000	2364.53473241866
4620000	2364.67747682416
4625000	2365.06285612385
4630000	2364.68000016126
4635000	2365.07664323220
4640000	2365.62439832798
4645000	2365.91857164267
4650000	2364.92943034965
4655000	2364.67716673429
4660000	2365.87060338586
4665000	2365.91582204478
4670000	2366.01494521504
4675000	2365.86570988325
4680000	2365.22119545067
4685000	2364.63408220758
4690000	2365.49419483974
4695000	2364.62952280157
4700000	2364.81552431827
4705000	2365.48122694326
4710000	2366.43539539211
4715000	2365.70531596640
4720000	2365.27594655396
4725000	2365.43756961040
4730000	2365.79427983304
4735000	2365.80361541280
4740000	2365.65249066485
4745000	2363.89360301537
4750000	2364.30735272020
4755000	2365.03906010517
4760000	2364.97907192872
4765000	2365.40640346148
4770000	2364.97059692582
4775000	2365.04550619161
4780000	2364.40952806909
4785000	2364.67629160926
4790000	2364.49914837024
4795000	2364.85793683140
4800000	2365.97586869116
4805000	2365.04419094705
4810000	2364.85237236872
4815000	2364.92506367532
4820000	2364.00035702731
4825000	2365.43094935792
4830000	2364.95761787297
4835000	2364.92117372016
4840000	2364.22881997792
4845000	2365.50508502573
4850000	2366.10207504447
4855000	2364.56906667815
4860000	2364.54509088282
4865000	2365.35745420510
4870000	2365.47324361413
4875000	2365.90392638483
4880000	2365.51417507588
4885000	2365.31552541781
4890000	2365.63460147799
4895000	2365.20740721135
4900000	2365.59863052440
4905000	2364.85756802215
4910000	2365.69353411777
4915000	2365.81185712962
4920000	2365.67861394829
4925000	2364.72763221419
4930000	2364.72911764712
4935000	2365.31420178879
4940000	2365.03134424762
4945000	2365.74540302640
4950000	2364.92849486925
4955000	2365.35070371912
4960000	2365.74401727709
4965000	2365.42463732949
4970000	2366.00837900956
4975000	2365.40578526585
4980000	2364.99598800823
4985000	2365.10599457567
4990000	2365.23960684267
4995000	2364.55523015862
5000000	2364.71698676418
5005000	2364.94598835000
5010000	2364.89547782135
5015000	2365.19412404188
5020000	2366.11639224318
5025000	2366.11867439130
5030000	2366.63537972029
5035000	2365.73523344232
5040000	2366.31261226797
5045000	2365.82274631166
5050000	2365.33169635497
5055000	2365.56105738707
5060000	2364.87285117706
5065000	2365.26481601210
5070000	2365.89644755818
5075000	2365.60979481283
5080000	2365.04309389055
5085000	2366.47733134535
5090000	2365.84589998011
5095000	2365.16049846977
5100000	2365.29282055995
5105000	2364.76147339700
5110000	2364.49515917001
5115000	2364.84897277602
5120000	2365.64322104095
5125000	2365.63950232288
5130000	2365.29886111387
5135000	2364.79833322929
5140000	2364.91358030104
5145000	2364.35464837953
5150000	2364.51218646942
5155000	2364.79246756883
5160000	2364.22563337527
5165000	2364.56658298308
5170000	2364.53904787998
5175000	2365.64804519110
5180000	2366.10104023585
5185000	2365.82443073524
5190000	2365.30690103889
5195000	2365.16478030105
5200000	2364.22543267767
5205000	2364.61901554458
5210000	2365.05997268342
5215000	2364.98668612896
5220000	2365.23051628398
5225000	2364.83630824339
5230000	2364.53830439670
5235000	2364.90370415262
5240000	2364.34357003483
5245000	2364.74403707417
5250000	2365.61987306438
5255000	2364.37987451011
5260000	2365.06339194910
5265000	2364.91822754526
5270000	2364.52804719630
5275000	2365.71009163006
5280000	2365.35288579075
5285000	2365.28686065377
5290000	2364.92925259196
5295000	2364.37405756085
5300000	2365.33696360876
5305000	2365.01659035873
5310000	2364.41323101487
5315000	2365.52677515401
5320000	2365.82697228769
5325000	2365.77588571622
5330000	2365.80090464388
5335000	2365.09843591933
5340000	2365.05800755280
5345000	2364.82476106449
5350000	2364.96457409697
5355000	2364.98290880320
5360000	2365.27892384626
5365000	2365.57840302578
5370000	2366.18096864724
5375000	2365.30172788348
5380000	2365.41194860839
5385000	2364.63941670066
5390000	2364.43405439934
5395000	2364.19110151116
5400000	2364.84382382185
5405000	2364.48315061051
5410000	2365.30981835719
5415000	2365.57222187749
5420000	2366.01130753432
5425000	2365.98280892995
5430000	2366.50737017855
5435000	2365.76127926210
5440000	2365.39277362352
5445000	2365.17256495560
5450000	2364.91171821435
5455000	2365.88542814924
5460000	2365.34723811395
5465000	2365.45566526838
5470000	2365.08811549292
5475000	2365.40777525495
5480000	2365.72746510523
5485000	2365.43865795078
5490000	2365.26296131336
5495000	2365.17396921445
5500000	2365.33737624261
5505000	2365.57256140256
5510000	2364.63087594838
5515000	2363.83571733400
5520000	2365.25643967001
5525000	2365.17707460261
5530000	2365.17787679776
5535000	2364.92088318764
5540000	2365.42013027739
5545000	2364.24779329330
5550000	2364.52839458465
5555000	2365.59909545698
5560000	2365.69992121405
5565000	2365.28060182499
5570000	2365.57354730552
5575000	2366.18576881501
5580000	2365.44306867027
5585000	2364.93377093732
5590000	2364.50486953982
5595000	2364.62561234581
5600000	2365.36036597902
5605000	2365.51398173540
5610000	2365.00361872984
5615000	2365.27913687823
5620000	2364.68242192959
5625000	2364.53568120999
5630000	2364.43918646952
5635000	2364.91507240960
5640000	2365.19902163617
5645000	2365.33180035720
5650000	2365.01953769424
5655000	2364.79002853229
5660000	2365.24723154522
5665000	2365.02297326883
5670000	2365.95116223923
5675000	2365.81523440331
5680000	2365.04032941073
5685000	2365.80956881504
5690000	2366.60337202135
5695000	2366.42531365650
5700000	2366.59875436480
5705000	2366.37733990718
5710000	2366.06497891313
5715000	2365.56148786550
5720000	2365.31603277359
5725000	2365.39781200291
5730000	2365.58299340537
5735000	2365.76724463920
5740000	2366.15091001559
5745000	2366.38245463012
5750000	2366.04076815790
5755000	2366.37392148514
5760000	2364.90465376234
5765000	2364.14724574681
5770000	2365.07887190387
5775000	2364.82532353486
5780000	2365.31187648733
5785000	2365.08350762921
5790000	2364.47348502737
5795000	2364.57504080853
5800000	2364.88957812508
5805000	2364.37855643236
5810000	2364.71386188855
5815000	2364.82556275503
5820000	2364.80931082137
5825000	2363.82109674883
5830000	2363.83068158655
5835000	2363.86714707317
5840000	2364.85386478796
5845000	2365.30404133908
5850000	2364.87698179579
5855000	2365.06498114975
5860000	2365.03172972454
5865000	2366.04410407273
5870000	2366.22367775331
5875000	2366.57905894302
5880000	2364.86243793177
5885000	2365.01234527792
5890000	2365.11982127767
5895000	2365.45147573666
5900000	2365.11347998027
5905000	2365.97858481982
5910000	2365.52358364370
5915000	2365.91995548700
5920000	2365.05806773979
5925000	2365.43917996739
5930000	2365.54981676108
5935000	2365.37821091129
5940000	2365.24422851754
5945000	2364.95599123344
5950000	2365.55062614360
5955000	2365.25579204286
5960000	2364.99656496362
5965000	2365.28948431042
5970000	2364.74007025548
5975000	2365.07886051954
5980000	2365.06855135286
5985000	2365.07594843990
5990000	2365.88498970163
5995000	2365.44253811441
6000000	2365.58943407510
6005000	2365.53484266632
6010000	2365.50375297890
6015000	2364.92175286141
6020000	2364.54354721874
6025000	2364.83397758429
6030000	2364.69241595602
6035000	2365.39709125340
6040000	2364.57746947262
6045000	2365.07923291567
6050000	2365.21632241391
6055000	2365.04021418452
6060000	2365.15358996950
6065000	2365.83507184574
6070000	2365.30909448075
6075000	2364.88674248513
6080000	2365.60501872650
6085000	2365.04697241436
6090000	2365.61766323503
6095000	2366.48477015605
6100000	2366.47220946617
6105000	2365.96786536146
6110000	2366.40846400731
6115000	2365.93133773312
6120000	2364.95029741681
6125000	2364.77901553362
6130000	2364.55762227583
6135000	2365.33806396831
6140000	2365.75825606490
6145000	2365.17982127908
6150000	2364.93817299612
6155000	2364.51937476535
6160000	2365.47783776653
6165000	2365.06583262045
6170000	2365.33052638095
6175000	2365.36294813755
6180000	2365.24956313376
6185000	2365.32984488834
6190000	2364.68308902333
6195000	2365.48880243510
6200000	2365.10026057599
6205000	2364.62222741323
6210000	2365.03753206475
6215000	2365.02391413881
6220000	2365.29064708974
6225000	2365.75780581889
6230000	2364.77353580514
6235000	2365.02764727597
6240000	2365.73015776090
6245000	2365.32345999748
6250000	2365.15971795768
6255000	2365.21681779575
6260000	2365.25300709352
6265000	2364.65672045596
6270000	2364.81256153483
6275000	2365.21314721238
6280000	2365.21433056110
6285000	2364.72728371373
6290000	2364.32150969729
6295000	2364.98120612319
6300000	2365.39741148691
6305000	2364.34276939314
6310000	2364.93894830076
6315000	2365.67872664552
6320000	2365.88059468208
6325000	2366.21642277385
6330000	2365.65015974056
6335000	2365.65235570456
6340000	2364.93551446023
6345000	2364.23136863844
6350000	2364.92353407960
6355000	2364.92462577828
6360000	2364.45667341111
6365000	2365.57077207703
6370000	2365.30876488403
6375000	2365.29053958686
6380000	2365.53939772720
6385000	2365.80434638799
6390000	2366.21567491774
6395000	2364.48704803740
6400000	2364.19814014654
6405000	2364.68671844295
6410000	2364.48872950464
6415000	2364.45037276240
6420000	2365.20048165446
6425000	2365.04903354999
6430000	2364.49834556872
6435000	2365.01264930345
6440000	2365.52356555025
6445000	2365.28564076751
6450000	2365.18717585897
6455000	2364.66931088148
6460000	2364.41190238074
6465000	2364.29731099201
6470000	2364.24207656091
6475000	2365.26236470423
6480000	2365.23885756630
6485000	2364.50574729765
6490000	2365.74924341751
6495000	2365.81324257900
6500000	2365.25805622951
6505000	2365.46113406989
6510000	2365.44493831648
6515000	2364.64832559473
6520000	2365.25465995944
6525000	2365.41847006433
6530000	2365.46156029332
6535000	2365.76406671940
6540000	2365.46956364178
6545000	2365.10204653723
6550000	2365.57080464677
6555000	2364.95753489287
6560000	2363.93463024349
6565000	2363.80949152838
6570000	2364.84711282714
6575000	2365.23337480521
6580000	2364.78352035884
6585000	2365.01902131932
6590000	2366.37607812937
6595000	2367.09643989270
6600000	2366.29300892258
6605000	2364.86946537708
6610000	2365.54398095901
6615000	2365.28977669829
6620000	2365.77668996599
6625000	2365.02694057043
6630000	2364.69764874916
6635000	2365.57427430266
6640000	2365.59020179467
6645000	2366.06994240442
6650000	2365.73972189387
6655000	2365.14421487425
6660000	2365.81672000179
6665000	2365.58122062789
6670000	2365.04960594957
6675000	2365.04677031736
6680000	2365.65853716535
6685000	2365.61754388988
6690000	2364.88567538907
6695000	2365.65821743534
6700000	2364.28594544054
6705000	2365.26706399760
6710000	2364.72863741441
6715000	2364.91141559487
6720000	2365.32811916486
6725000	2365.93427113265
6730000	2364.72199512667
6735000	2365.41439054984
6740000	2365.05276820766
6745000	2364.98224251767
6750000	2363.99480631807
6755000	2364.75108745407
6760000	2365.36972404519
6765000	2365.26675689865
6770000	2365.36308273004
6775000	2364.85216436259
6780000	2365.40371429776
6785000	2366.57548747397
6790000	2365.85139070552
6795000	2366.11205843919
6800000	2365.04919035558
6805000	2365.19191988240
6810000	2365.26834345825
6815000	2364.86299803501
6820000	2364.91502218037
6825000	2364.61908529982
6830000	2364.66468014022
6835000	2365.21142543000
6840000	2364.98305424625
6845000	2364.76431769168
6850000	2365.33039957758
6855000	2364.92139287229
6860000	2365.54408181354
6865000	2366.00552876216
6870000	2365.56780523579
6875000	2365.69005682994
6880000	2365.63261484017
6885000	2365.32656109387
6890000	2365.64292071412
6895000	2365.52822768872
6900000	2364.82237807250
6905000	2365.15105753455
6910000	2364.80507191401
6915000	2364.22851527669
6920000	2364.54248926327
6925000	2364.13089756345
6930000	2365.35072395836
6935000	2365.20116984765
6940000	2365.79846130188
6945000	2365.49235965090
6950000	2365.15887998391
6955000	2366.19418830706
6960000	2365.97785264596
6965000	2365.15424204545
6970000	2365.33171376652
6975000	2365.81261756123
6980000	2366.02693144258
6985000	2365.54924806980
6990000	2364.60175987969
6995000	2364.85784672582
7000000	2365.43503217606
7005000	2364.89440023090
7010000	2365.75827310429
7015000	2364.27748008789
7020000	2364.24588016693
7025000	2365.54419675481
7030000	2364.30403151074
7035000	2364.94661737714
7040000	2365.34345858604
7045000	2365.18312957131
7050000	2364.79723849209
7055000	2364.43135077418
7060000	2364.77448096296
7065000	2365.18136004403
7070000	2364.32750100992
7075000	2363.91555375658
7080000	2364.38110429451
7085000	2364.95365175632
7090000	2365.51613999915
7095000	2365.73643152042
7100000	2364.73770902778
7105000	2365.13948643815
7110000	2365.15536798564
7115000	2364.78996831722
7120000	2364.85359738731
7125000	2365.73843589004
7130000	2364.81288905344
7135000	2365.41128652417
7140000	2364.81842851767
7145000	2365.54272845908
7150000	2365.93174022189
7155000	2365.05225302176
7160000	2365.22737310555
7165000	2364.28272006945
7170000	2365.70046021121
7175000	2364.93404770845
7180000	2365.07256730930
7185000	2364.67717705959
7190000	2365.57149228096
7195000	2365.11495007160
7200000	2365.73521410647
7205000	2365.39034052285
7210000	2365.23096595622
7215000	2365.42084000104
7220000	2365.66604281710
7225000	2365.53134594528
7230000	2366.06258623154
7235000	2366.01206178594
7240000	2364.76494037465
7245000	2365.21426189804
7250000	2364.87923959588
7255000	2364.22440334209
7260000	2364.45945799272
7265000	2364.54311310328
7270000	2365.21769977186
7275000	2364.35091438873
7280000	2365.09091825974
7285000	2365.23823495031
7290000	2365.23321968031
7295000	2364.57391125227
7300000	2364.96874422781
7305000	2365.14534428877
7310000	2364.54216030220
7315000	2365.64086988096
7320000	2365.51410742436
7325000	2364.87344401124
7330000	2365.13525588790
7335000	2365.69486756276
7340000	2364.90564758891
7345000	2365.76074837162
7350000	2365.14162432237
7355000	2364.61464512849
7360000	2365.57639049032
7365000	2365.25127582190
7370000	2365.94713013305
7375000	2365.25653379798
7380000	2364.26561917027
7385000	2364.83687165579
7390000	2365.43341250224
7395000	2365.98833618465
7400000	2365.47499305204
7405000	2365.63701893198
7410000	2365.32412362626
7415000	2365.32491721482
7420000	2366.51697167527
7425000	2364.79308144036
7430000	2364.63884754179
7435000	2365.29531662997
7440000	2365.45305042806
7445000	2365.73305607015
7450000	2365.28321151108
7455000	2365.37437439122
7460000	2364.85377840227
7465000	2365.00655883753
7470000	2364.40523169273
7475000	2365.58378288569
7480000	2365.98731729273
7485000	2365.09818318388
7490000	2364.54296626081
7495000	2365.31194182413
7500000	2365.06938909907
7505000	2365.03935032628
7510000	2365.32420774898
7515000	2365.52433898908
7520000	2365.05870007893
7525000	2365.55595562917
7530000	2365.14325682746
7535000	2364.48020639859
7540000	2364.53213472769
7545000	2364.99053887865
7550000	2365.18774264246
7555000	2365.39663060275
7560000	2364.37249023055
7565000	2364.36224352260
7570000	2363.74896924224
7575000	2363.80109244244
7580000	2363.78748501132
7585000	2364.41282166719
7590000	2364.43452230569
7595000	2364.48155100778
7600000	2365.44758705362
7605000	2364.24489633530
7610000	2365.15422916164
7615000	2365.24415272370
7620000	2365.14492251248
7625000	2365.28824457169
7630000	2365.91628710591
7635000	2365.16566883989
7640000	2364.94520127961
7645000	2364.84174459637
7650000	2364.86403455873
7655000	2364.49792234896
7660000	2365.08948225086
7665000	2365.52977685694
7670000	2365.97441418709
7675000	2366.44653173179
7680000	2365.98979427854
7685000	2365.41473116626
7690000	2365.49585456377
7695000	2364.93111917963
7700000	2364.65732777520
7705000	2365.63983667349
7710000	2364.85617182942
7715000	2364.70019585330
7720000	2365.01421739376
7725000	2365.38245919786
7730000	2365.97870388994
7735000	2366.08019496784
7740000	2365.43142873096
7745000	2365.34746834216
7750000	2364.70076490309
7755000	2366.26121221967
7760000	2366.06494153118
7765000	2365.80456329921
7770000	2366.26183702718
7775000	2366.17448402368
7780000	2365.88162458829
7785000	2365.65102766100
7790000	2365.45985718429
7795000	2366.42732528270
7800000	2365.56179279607
7805000	2365.06583666200
7810000	2365.73706052754
7815000	2365.31493681914
7820000	2365.65039684867
7825000	2366.26146883307
7830000	2364.64262930218
7835000	2365.06356724803
7840000	2365.16322567242
7845000	2365.60663159424
7850000	2365.19055027678
7855000	2365.32762478077
7860000	2365.87030220920
7865000	2365.09180920936
7870000	2364.52847183897
7875000	2364.93701644335
7880000	2364.99192642619
7885000	2365.94525394205
7890000	2365.59627187916
7895000	2364.98219896316
7900000	2365.21685675208
7905000	2365.08334490856
7910000	2365.17461098203
7915000	2365.93473867080
7920000	2365.82538037314
7925000	2365.72325032547
7930000	2365.22295073423
7935000	2365.38809083265
7940000	2364.33375076236
7945000	2364.36198181531
7950000	2365.42737267549
7955000	2365.16405246074
7960000	2365.19212918326
7965000	2365.91045565061
7970000	2364.88227952704
7975000	2365.88700505088
7980000	2365.06892651318
7985000	2365.36964511356
7990000	2364.95418937796
7995000	2364.81669625689
8000000	2364.73185145573
8005000	2363.75831767749
8010000	2364.60220941110
8015000	2364.84529764815
8020000	2364.62428380496
8025000	2364.58103471113
8030000	2365.25282472018
8035000	2364.73674792612
8040000	2364.45309394102
8045000	2364.47185959228
8050000	2364.65761048779
8055000	2364.64840514255
8060000	2365.23746475152
8065000	2365.42545239656
8070000	2365.36895738264
8075000	2365.08600711898
8080000	2365.41693007528
8085000	2364.91803136923
8090000	2364.44149547720
8095000	2364.77874837762
8100000	2365.40405646970
8105000	2364.89799073275
8110000	2365.30323980951
8115000	2365.68375185816
8120000	2365.73352637009
8125000	2365.99453249756
8130000	2366.33896963889
8135000	2364.71102750922
8140000	2365.37731412045
8145000	2364.72083062848
8150000	2365.05566607015
8155000	2365.59032736474
8160000	2365.18227071524
8165000	2364.26996944982
8170000	2364.88563750068
8175000	2364.95089353930
8180000	2364.36388296962
8185000	2365.15302583754
8190000	2365.68707800952
8195000	2365.13174909066
8200000	2365.55757099022
8205000	2365.22193893503
8210000	2364.94275378911
8215000	2365.60670256233
8220000	2364.41018656037
8225000	2364.59515818583
8230000	2364.83261850252
8235000	2365.35824927631
8240000	2366.00342088141
8245000	2365.50253977698
8250000	2364.81782538330
8255000	2364.56755091176
8260000	2364.91200371427
8265000	2365.00897658015
8270000	2365.67364266143
8275000	2365.00498856025
8280000	2364.94085060215
8285000	2366.57334342472
8290000	2364.83205818328
8295000	2365.37613970747
8300000	2364.82317177114
8305000	2364.99561078301
8310000	2365.21600967385
8315000	2364.80404470171
8320000	2365.19598940860
8325000	2365.69724363329
8330000	2366.13307297586
8335000	2366.41494269835
8340000	2365.86049608894
8345000	2365.10518827225
8350000	2365.96442125905
8355000	2364.95319345756
8360000	2364.85986980378
8365000	2364.79131459485
8370000	2364.60692593803
8375000	2364.34157359741
8380000	2364.61147664310
8385000	2365.56572841484
8390000	2365.15427258508
8395000	2365.96938805750
8400000	2365.76978642040
8405000	2365.94368832138
8410000	2365.49192796637
8415000	2364.91542114280
8420000	2365.16194846353
8425000	2365.05641999364
8430000	2365.46152854569
8435000	2364.42247610358
8440000	2364.72133585056
8445000	2364.95829949213
8450000	2364.88693348697
8455000	2364.67617832472
8460000	2365.79532822745
8465000	2365.56270801409
8470000	2365.03048408785
8475000	2364.10600967453
8480000	2364.74329952716
8485000	2365.03335662376
8490000	2364.86412204621
8495000	2365.49390682645
8500000	2365.40840556166
8505000	2365.72897848137
8510000	2364.68503111244
8515000	2365.34430549696
8520000	2365.36170055361
8525000	2365.65253245154
8530000	2365.25059256336
8535000	2365.23036730062
8540000	2365.35713215275
8545000	2365.92972819839
8550000	2365.34239305395
8555000	2365.41153848572
8560000	2365.31431762636
8565000	2365.78722771453
8570000	2364.61421432744
8575000	2364.53051466206
8580000	2364.95189440447
8585000	2365.61723781800
8590000	2365.44303265480
8595000	2364.81049784791
8600000	2364.96520040824
8605000	2365.54896669241
8610000	2364.94927789969
8615000	2365.26353270975
8620000	2365.30380256372
8625000	2365.50671374953
8630000	2365.07150752478
8635000	2364.36428705739
8640000	2365.60015475147
8645000	2364.74660492973
8650000	2364.32251565686
8655000	2364.50540891171
8660000	2364.70661664806
8665000	2365.60414273229
8670000	2366.05918739936
8675000	2365.69222389403
8680000	2365.23642237924
8685000	2365.22443058096
8690000	2365.33856818376
8695000	2365.27523291200
8700000	2365.10980394589
8705000	2365.58306546529
8710000	2365.21093429062
8715000	2364.54508406479
8720000	2365.00903452450
8725000	2366.10317696878
8730000	2365.76678161297
8735000	2365.52831671764
8740000	2364.92811176038
8745000	2364.88195662811
8750000	2364.78086667555
8755000	2364.80177838911
8760000	2365.43593354805
8765000	2365.14147064971
8770000	2365.37444495292
8775000	2365.15676120329
8780000	2365.45760386510
8785000	2365.25760406343
8790000	2365.70481533441
8795000	2365.47395597599
8800000	2364.99926828923
8805000	2365.17993397206
8810000	2363.95867955237
8815000	2364.76359959541
8820000	2365.01049631781
8825000	2365.22702823005
8830000	2365.54777083079
8835000	2364.53642147013
8840000	2364.17352796929
8845000	2364.98773265748
8850000	2364.59598471809
8855000	2364.51248789592
8860000	2364.59960177866
8865000	2365.62483079411
8870000	2365.81845546326
8875000	2365.66719769281
8880000	2365.20944066709
8885000	2365.66400085705
8890000	2366.33929182331
8895000	2364.51045669239
8900000	2364.81447306825
8905000	2364.71745445011
8910000	2365.25161243862
8915000	2365.36759932899
8920000	2364.44363881909
8925000	2364.42468425770
8930000	2364.97568143184
8935000	2365.40168201042
8940000	2364.27429818604
8945000	2363.80849947408
8950000	2363.50857753449
8955000	2364.75358883900
8960000	2364.94891874783
8965000	2364.32031856683
8970000	2364.73266044388
8975000	2365.68507939369
8980000	2365.09163713674
8985000	2364.67315191443
8990000	2364.54697263516
8995000	2364.61956580222
9000000	2365.51330727642
9005000	2365.13116370004
9010000	2365.80010574690
9015000	2365.54313055182
9020000	2365.28367554993
9025000	2366.37534283925
9030000	2365.05789745910
9035000	2365.56855234937
9040000	2364.31521875626
9045000	2364.50950305026
9050000	2365.55320984052
9055000	2365.43393464328
9060000	2365.85272342461
9065000	2364.88311552485
9070000	2365.31588749427
9075000	2364.89592194485
9080000	2365.33388663055
9085000	2365.82094646892
9090000	2366.09484013096
9095000	2365.52213812101
9100000	2365.08245722133
9105000	2364.21370521902
9110000	2365.48652444177
9115000	2365.34802491151
9120000	2365.52498275552
9125000	2365.60032100538
9130000	2364.81059921938
9135000	2364.76684147830
9140000	2364.75813572017
9145000	2365.56352131139
9150000	2365.84675350309
9155000	2365.89153687941
9160000	2365.04800503794
9165000	2364.71003815276
9170000	2364.82924474894
9175000	2365.02856372201
9180000	2366.07087917690
9185000	2365.67339649448
9190000	2365.73455177459
9195000	2365.87570341715
9200000	2365.32028700183
9205000	2364.20040807224
9210000	2364.99741229426
9215000	2365.00819784278
9220000	2365.49263668728
9225000	2365.66124620037
9230000	2365.23045661311
9235000	2365.19894500011
9240000	2366.01190484782
9245000	2366.26509478922
9250000	2365.87048317813
9255000	2365.99906547935
9260000	2365.52345380620
9265000	2364.41684117838
9270000	2364.76960522705
9275000	2364.44760645274
9280000	2365.47422216421
9285000	2364.85354083905
9290000	2364.77207934453
9295000	2364.46810486609
9300000	2365.48890504191
9305000	2365.33895281462
9310000	2365.66801025306
9315000	2365.31146620633
9320000	2365.15267273334
9325000	2365.23150714481
9330000	2364.91325203453
9335000	2364.28834113872
9340000	2364.59998445660
9345000	2364.62116547833
9350000	2364.29660303101
9355000	2366.17373864687
9360000	2365.77207361764
9365000	2365.57420593835
9370000	2365.33374316259
9375000	2365.64481688331
9380000	2366.52773645078
9385000	2366.04913561284
9390000	2365.60082550919
9395000	2365.05128529858
9400000	2365.61707438307
9405000	2365.37307667054
9410000	2364.63325518160
9415000	2365.09165230762
9420000	2365.83287575911
9425000	2366.10296052787
9430000	2364.91908842299
9435000	2365.19933051806
9440000	2364.64692440066
9445000	2364.91919640749
9450000	2364.48975902628
9455000	2365.07303465020
9460000	2365.20713034757
9465000	2365.27221387771
9470000	2364.08459645946
9475000	2364.11250569584
9480000	2363.81744524506
9485000	2364.52760245739
9490000	2364.34569865616
9495000	2365.65862337397
9500000	2364.85211476925
9505000	2365.35665586176
9510000	2364.97231105806
9515000	2364.21304116513
9520000	2364.46752348526
9525000	2364.71783197497
9530000	2364.60562931677
9535000	2364.85510245984
9540000	2365.48514409141
9545000	2365.90648486684
9550000	2366.12841421315
9555000	2365.59805160407
9560000	2365.41809022859
9565000	2364.73505726085
9570000	2365.30587090211
9575000	2365.59810425401
9580000	2365.98149970121
9585000	2365.97574630879
9590000	2365.32924967502
9595000	2365.65076038310
9600000	2365.14519433257
9605000	2365.30175964983
9610000	2365.51727196824
9615000	2364.51019793850
9620000	2364.28073507257
9625000	2364.37173342504
9630000	2365.19732659704
9635000	2364.87865679933
9640000	2364.81674080353
9645000	2364.82217598109
9650000	2365.57501051756
9655000	2364.84897913880
9660000	2365.34080753946
9665000	2365.29703524378
9670000	2364.84674032669
9675000	2363.83496343372
9680000	2363.02194578337
9685000	2363.94200423278
9690000	2364.60116289418
9695000	2365.56250087464
9700000	2364.90645188967
9705000	2365.45477549061
9710000	2366.08623880571
9715000	2365.32326570993
9720000	2364.42663256930
9725000	2364.82000323529
9730000	2364.52950688446
9735000	2364.69439266142
9740000	2365.85277395274
9745000	2365.87505231242
9750000	2365.47169723893
9755000	2365.33454583687
9760000	2364.71338805196
9765000	2365.47351169926
9770000	2364.56815452098
9775000	2365.48922205339
9780000	2365.34759046258
9785000	2365.19889320981
9790000	2366.15914065928
9795000	2365.79035766697
9800000	2365.35091813303
9805000	2366.05846134772
9810000	2364.60381438096
9815000	2365.36241931178
9820000	2365.13690916772
9825000	2365.66007453331
9830000	2365.57592735242
9835000	2365.59910141474
9840000	2364.43894281087
9845000	2363.96204606540
9850000	2364.07413052762
9855000	2365.08681528317
9860000	2365.77259542919
9865000	2365.61243961349
9870000	2365.05270579311
9875000	2365.63028436959
9880000	2365.89087011400
9885000	2366.33295661520
9890000	2365.54984598673
9895000	2365.62014977011
9900000	2365.79479070434
9905000	2365.28571109901
9910000	2365.39499982889
9915000	2365.15923211137
9920000	2365.34492720668
9925000	2365.85804871897
9930000	2364.76375592108
9935000	2364.79514967997
9940000	2364.04613985915
9945000	2363.81131182412
9950000	2364.05954261579
9955000	2364.55297938082
9960000	2365.01080773726
9965000	2364.54785573686
9970000	2364.16156789417
9975000	2365.02711777095
9980000	2366.04117952898
9985000	2365.97146186664
9990000	2364.70688097330
9995000	2364.87971709982
10000000	2365.79738784683
