#	SIM_0.2_-5.71		#	SIM_200_-5.71		#	SIM_20_-5.71		#	SIM_2_-5.71	
1	223052.613020582	1	583655.184722138	1	115490.108691959	1	359737.932007648
500	-1033446.42211312	500	-205965.902718237	500	-1175227.51148873	500	121370.385743719
1000	613959.200913726	1000	253013.165103065	1000	236350.591353218	1000	-281586.825753661
1500	-2046387.44157940	1500	271750.302129706	1500	-639272.180742829	1500	630988.177086389
2000	-663302.998859096	2000	1001031.68086021	2000	1665151.10167757	2000	-186650.580872688
2500	91408.3330065684	2500	278327.962832469	2500	-116505.544198927	2500	1445507.50409119
3000	-557274.855509499	3000	-716896.501270161	3000	26742.5450617864	3000	-525930.127076902
3500	736390.810634056	3500	-982558.094847529	3500	-124921.122039041	3500	-821469.193439807
4000	-181385.145587296	4000	-316258.366552578	4000	-139488.845114933	4000	-40079.4325393745
4500	386459.164638898	4500	-452561.528166598	4500	-428567.193900246	4500	-1229571.64894542
5000	718270.591977587	5000	25576.4816379497	5000	-34269.1228789627	5000	759832.566721652
5500	-1947202.97550176	5500	-388608.542688609	5500	91982.0052983580	5500	-526724.492741891
6000	450337.761295156	6000	61221.1089398460	6000	-194699.749909960	6000	1820759.71666619
6500	1017594.65370796	6500	-682497.519058668	6500	-344090.487017090	6500	-34614.2969248044
7000	1571865.52732829	7000	207808.340345281	7000	-294895.940268726	7000	-456495.461134523
7500	-314419.115044640	7500	834511.347035369	7500	327747.431833184	7500	35338.8780974294
8000	758492.299107785	8000	181567.930843415	8000	451929.229611780	8000	653412.267523170
8500	748265.225018203	8500	84069.6421395451	8500	450465.687521056	8500	-808639.518752442
9000	-800841.126705954	9000	-101377.551373133	9000	-589704.903953932	9000	273825.536596965
9500	456974.167867012	9500	669937.819264549	9500	-386405.709811871	9500	140005.999339802
10000	629858.036549768	10000	108865.990322145	10000	1071106.47762173	10000	-518363.368988385
10500	860870.302158909	10500	-531070.829705512	10500	-223464.964031741	10500	3799.95053211204
11000	993209.795337009	11000	-286639.084836520	11000	765353.184593105	11000	1141133.40884309
11500	528219.248482612	11500	1294474.79812392	11500	217367.266526407	11500	603809.785975340
12000	-350091.528623187	12000	144364.957943975	12000	452231.762385595	12000	-276847.954993718
12500	-857280.027026123	12500	757888.771908124	12500	-58346.3074755370	12500	-96975.3996368866
13000	-487783.821341452	13000	542942.788967093	13000	433996.520277112	13000	-318776.707072570
13500	-18989.0982207784	13500	-279070.556484461	13500	-605328.142699831	13500	27941.1443368902
14000	-54217.3529831508	14000	380041.416423607	14000	-133625.580605281	14000	-218579.893585552
14500	-250034.655391376	14500	100801.231536971	14500	-1130071.58060864	14500	-42933.6532245990
15000	1669082.29256248	15000	722876.563702734	15000	-864476.698674566	15000	-299195.031024616
15500	-360881.838651932	15500	331102.295688067	15500	-29049.5352789024	15500	634811.948108970
16000	312051.129744500	16000	595144.796087715	16000	-910230.880307722	16000	-427607.103820461
16500	935653.727837713	16500	360369.134284958	16500	677738.309340141	16500	746565.099306587
17000	-1327117.05097902	17000	726176.142139034	17000	-821560.592190208	17000	-407633.700961672
17500	94917.5517636197	17500	-476994.511485956	17500	-363905.529062992	17500	-476495.718633355
18000	-433954.164342602	18000	-267456.445802364	18000	899690.407012130	18000	-290387.016373680
18500	944203.932557688	18500	124587.637077770	18500	-948010.096771353	18500	976886.139785080
19000	905659.987106581	19000	-129109.797319303	19000	338094.695713595	19000	-902762.396536452
19500	-519293.479538878	19500	-100261.628178528	19500	-629016.187548473	19500	125121.213842914
20000	30802.2770777224	20000	909970.573093130	20000	-11093.9306619524	20000	596173.378807577
20500	99517.1147150171	20500	260133.638653374	20500	-308989.689775654	20500	1638756.30474659
21000	-1500876.81770838	21000	-289851.524241412	21000	-116039.019849876	21000	740903.008635196
21500	-16377.1556813823	21500	-458270.796025535	21500	223014.017715790	21500	-11310.3996986097
22000	790716.085782342	22000	79235.3982312612	22000	250652.950204189	22000	68512.4482449259
22500	-786770.009592187	22500	-299877.822645810	22500	546508.968661407	22500	-339878.097556190
23000	-111606.220974875	23000	-472781.954539918	23000	-1242487.81903816	23000	-366468.043944451
23500	-219124.071510821	23500	665480.178964635	23500	-817758.266310829	23500	613266.004998992
24000	986882.369789051	24000	351669.702145130	24000	-57284.9836488561	24000	-1141451.45209014
24500	61909.2969406126	24500	237498.309008246	24500	-226936.716323789	24500	107300.601430221
25000	-183948.777898058	25000	-127081.763175117	25000	-176680.943238761	25000	-223835.938751441
25500	48659.9240485290	25500	251941.200158115	25500	246639.498436655	25500	-101462.442037074
26000	75264.9383118500	26000	-350479.822270758	26000	244380.422693125	26000	97698.4764377386
26500	-186815.830053212	26500	260022.274214024	26500	116073.821458153	26500	263836.014184040
27000	609121.655693673	27000	303928.080566533	27000	-665930.747070507	27000	-549604.194591991
27500	462381.711176539	27500	744821.327933704	27500	297709.294745964	27500	347401.442382107
28000	113227.227060686	28000	803077.443710781	28000	180435.789414146	28000	-371493.145440765
28500	-296182.444374566	28500	384825.780403368	28500	-704901.149125350	28500	188545.202645476
29000	979745.976553549	29000	615075.706254029	29000	7632.64309926005	29000	-1377051.01183144
29500	604058.186979469	29500	-61651.5080240304	29500	1052124.24226796	29500	-187180.403841613
30000	-261267.498792647	30000	-1135.11558610674	30000	-339220.895351269	30000	188675.540922570
30500	1470735.41984799	30500	-444918.173191366	30500	333056.020101004	30500	-117997.194477923
31000	366967.601072119	31000	-1095188.39142268	31000	139780.846393767	31000	724855.578692201
31500	917136.621236522	31500	176689.285289439	31500	76601.8346493294	31500	-184387.462446339
32000	-486750.038503022	32000	198464.791707096	32000	-178842.656936041	32000	-530871.298723727
32500	-367059.203129853	32500	1039359.01902813	32500	1258576.77442077	32500	602055.645249936
33000	35868.7080896581	33000	524295.898916923	33000	272334.939448103	33000	401665.076383605
33500	-250699.750584589	33500	790443.466702289	33500	579339.758494717	33500	492502.706051506
34000	-1624963.31078358	34000	140182.687126477	34000	497516.174631573	34000	-1473379.06533680
34500	-1191150.16568172	34500	-181652.132426376	34500	439722.526491059	34500	-118193.121790436
35000	-88386.1048938766	35000	-447367.580314679	35000	-896637.358235748	35000	-374831.205394703
35500	-11057.4923533664	35500	173498.806104872	35500	739640.455285682	35500	-613167.040215373
36000	178042.848190971	36000	-442057.704113216	36000	376496.776456961	36000	238782.011230734
36500	-797652.921998673	36500	-236844.129363311	36500	-295117.365893837	36500	436492.987322848
37000	-44016.5190512325	37000	-706674.613811138	37000	-121593.594131939	37000	246517.672882722
37500	1050570.59119162	37500	-771807.800314093	37500	-921365.136269082	37500	87486.9428786542
38000	-1003888.67175710	38000	-870114.775072814	38000	60493.9636558584	38000	-640844.321466744
38500	1085017.91840725	38500	604286.325745466	38500	822860.080651335	38500	-108748.762238397
39000	-374293.296929182	39000	-126145.135639947	39000	-138962.295296473	39000	-380178.769036328
39500	-919313.288031996	39500	-808555.835362445	39500	-433997.565117432	39500	268672.248913099
40000	-928678.003774963	40000	383378.185579621	40000	-519601.351799286	40000	448128.946537994
40500	1378200.73497877	40500	738354.553363317	40500	-101506.301914111	40500	-980624.294878701
41000	-1194839.50257788	41000	281783.347186555	41000	274231.902443436	41000	-162190.830060823
41500	-405519.769914028	41500	806417.612353123	41500	-174664.621994440	41500	287606.584098301
42000	147687.730065210	42000	670744.895047255	42000	628258.587565183	42000	434786.702624306
42500	478474.487264554	42500	12993.1513716135	42500	1359127.08701922	42500	-282969.023608535
43000	1499799.74542603	43000	171227.610882282	43000	-297493.081617856	43000	993645.425665397
43500	-1240649.59167924	43500	614207.857978523	43500	978147.264330674	43500	-249964.911193575
44000	475953.410578870	44000	522704.223679129	44000	528200.930255790	44000	-787466.025768352
44500	116209.360501839	44500	-108245.921070494	44500	-916748.588959862	44500	66746.9730117915
45000	205188.070029280	45000	355512.211761723	45000	599007.118206532	45000	-818557.753541755
45500	-123544.790926909	45500	1150527.18875743	45500	1591816.82215724	45500	330898.989574206
46000	1277528.58877116	46000	-48587.2180999745	46000	539631.006044964	46000	-871376.833506230
46500	596177.519135599	46500	-384418.803371383	46500	150.124816102344	46500	256614.711719422
47000	10068.6562217408	47000	-1047925.04682337	47000	-623197.483342668	47000	788957.184965037
47500	-917080.087133531	47500	-82447.2898297479	47500	-335351.657625186	47500	-1473165.09051390
48000	664160.154758331	48000	-673038.935959534	48000	589366.834584023	48000	-393952.235988958
48500	1302534.44931208	48500	-308756.327231545	48500	625389.882258255	48500	584734.094271262
49000	629035.545443615	49000	153678.329366212	49000	-782234.594000217	49000	-521025.570256286
49500	990224.141535209	49500	176887.096124740	49500	798218.986598725	49500	484050.848131639
50000	-106258.027184216	50000	-942219.353470474	50000	-852507.391077501	50000	311597.220709836
50500	471212.006248721	50500	-109083.353122328	50500	-214818.821330030	50500	771579.459835999
51000	247199.337247779	51000	195364.579509463	51000	-325155.671333660	51000	816077.891293849
51500	-352275.630877254	51500	-53166.6855581406	51500	496624.371153578	51500	201046.127770426
52000	778060.183339863	52000	27432.3805061289	52000	418038.339839891	52000	314342.043803902
52500	-112411.820107943	52500	815001.620523256	52500	434783.147517440	52500	24339.2018660499
53000	706271.153830264	53000	357853.134251256	53000	700221.100266314	53000	-971640.722121090
53500	-178748.993295147	53500	768768.979530461	53500	-560902.382814878	53500	-746644.562117178
54000	1036370.92827746	54000	580938.582273738	54000	1110973.24496457	54000	-279218.567988546
54500	-2503327.43793493	54500	-775923.110730918	54500	744602.752070169	54500	11301.1649230162
55000	1505.88753438483	55000	-699496.893249384	55000	-390439.261789661	55000	946573.701274583
55500	1493203.34995474	55500	-481730.254656108	55500	-317683.321642228	55500	-971750.028776450
56000	1001202.94600817	56000	283552.928843632	56000	-578793.920085687	56000	-320738.726457663
56500	16308.8836586138	56500	1056966.26701891	56500	1111591.94045481	56500	290477.254750870
57000	1151341.37430556	57000	681437.261395453	57000	529888.794593770	57000	636233.544438625
57500	578196.990832290	57500	132916.653319873	57500	836477.064748450	57500	226101.910966595
58000	1025989.21294500	58000	-414454.667087957	58000	832640.857893562	58000	-557308.670836902
58500	-43798.4709167199	58500	-380192.831228473	58500	106551.383214191	58500	848611.159837669
59000	1617616.16388623	59000	311106.549539900	59000	-1188921.68049456	59000	778726.843373023
59500	-604991.547366950	59500	99501.4916006657	59500	83165.5333631790	59500	11283.8714731219
60000	-554573.784037276	60000	-255994.677034811	60000	-330267.300508607	60000	276352.733777972
60500	591010.494884151	60500	3910.06869256496	60500	429419.052460572	60500	-603304.623347499
61000	1156459.23988275	61000	502777.353522934	61000	585759.510926203	61000	712121.731085290
61500	-658587.390710476	61500	1387375.49711089	61500	-503462.345994444	61500	-696539.489470122
62000	706289.464841452	62000	767458.092930153	62000	-795502.950918043	62000	821265.891942843
62500	1544749.25511889	62500	-312813.532106701	62500	-312080.346653349	62500	131667.548020669
63000	695400.797640858	63000	-475830.001807067	63000	844161.454383967	63000	-66250.9008757850
63500	197077.643680821	63500	463527.014684705	63500	1232298.29561466	63500	-93596.4498757571
64000	-1085919.82625465	64000	-789025.382794609	64000	427915.045575719	64000	-115981.703221406
64500	511714.384721528	64500	307170.927264122	64500	1277138.90640767	64500	-81125.6313506262
65000	-642386.647871504	65000	-86524.8916174843	65000	849157.161872510	65000	-300177.989988451
65500	-117517.199702402	65500	-409568.326809134	65500	-1011429.21596946	65500	736936.830515370
66000	-281446.030536859	66000	110833.879811305	66000	-879217.569656307	66000	-176385.493697367
66500	1083998.69784185	66500	-1336680.70724813	66500	-68355.1791975571	66500	270119.559145231
67000	-310545.183854295	67000	163197.617631429	67000	-459890.466570874	67000	-157181.839747821
67500	-1305811.50512722	67500	451308.776053823	67500	706986.459693842	67500	-1227762.23451380
68000	-48060.7251173525	68000	-358286.266758751	68000	-871790.623038112	68000	-667983.588089036
68500	282333.106616429	68500	-254904.806870820	68500	-242962.669026083	68500	-278367.710700508
69000	647849.912953428	69000	1005362.51621446	69000	-110120.762616724	69000	-346736.777464917
69500	743006.239554076	69500	91458.0170675267	69500	153297.390105454	69500	-608174.726974013
70000	-167608.441996577	70000	555312.454264838	70000	-72458.0580436855	70000	535499.675218741
70500	471365.927271115	70500	604738.166354031	70500	-253711.090477229	70500	-1454319.50047155
71000	254576.771255113	71000	-592475.178035863	71000	-143103.274118062	71000	-154423.731677522
71500	-693432.870744886	71500	-670091.510460497	71500	-211868.652250149	71500	-337062.614907594
72000	-955104.149016379	72000	-727939.348812810	72000	-144827.363536796	72000	-587388.945253042
72500	252069.805759604	72500	-309470.906353320	72500	257378.750138074	72500	42526.6153089043
73000	-185284.991592599	73000	439612.877563280	73000	-1689423.51842561	73000	-248233.054999903
73500	-496889.946040944	73500	-521218.762265206	73500	809510.070657135	73500	795955.681199476
74000	-1208041.06142561	74000	1149981.13739793	74000	-765713.053486548	74000	-80604.0345086651
74500	-26496.4213164268	74500	480377.500599674	74500	244509.393927121	74500	524348.821574297
75000	145258.369319203	75000	179140.848888910	75000	508835.534914063	75000	668990.551684218
75500	734262.331660764	75500	836489.730804405	75500	458740.179759779	75500	-754456.379704690
76000	301267.718102106	76000	-1528817.38207850	76000	-1386432.29614754	76000	660523.577398321
76500	155664.434911718	76500	-107208.954478468	76500	-26456.8475343342	76500	-863010.950295938
77000	441518.728058338	77000	1392932.91454593	77000	-288171.320313921	77000	152664.351172957
77500	1060701.09231626	77500	57220.6631961831	77500	-1137567.52378270	77500	458544.402128162
78000	1179611.06466022	78000	-556284.228883429	78000	1073687.72837585	78000	-356895.298656806
78500	301865.091944899	78500	863257.415154847	78500	274047.888149633	78500	-132259.845145606
79000	289174.570324967	79000	187352.830375836	79000	-114150.797419909	79000	437489.392894157
79500	562870.069350966	79500	2072284.88903002	79500	1436558.87977477	79500	354394.633731353
80000	1431983.56107014	80000	-212193.194186659	80000	-389644.183281219	80000	-52927.9521839629
80500	-578969.808076506	80500	-384243.115015272	80500	574884.886041304	80500	-145763.813276260
81000	70284.1180415607	81000	131861.140263588	81000	548168.210390449	81000	-551678.978064405
81500	385419.871397962	81500	-861285.283035968	81500	6539.59108341183	81500	-966346.771590834
82000	961578.869471945	82000	-390705.794299480	82000	-1080242.00554974	82000	679934.547812940
82500	257489.465026057	82500	-574104.309855471	82500	341056.228241526	82500	-800747.949994715
83000	63268.6519672632	83000	-295598.868156578	83000	1059033.89635004	83000	1087273.99189353
83500	844118.332642993	83500	128325.466723859	83500	-312871.399576349	83500	-123993.979205320
84000	-1459295.15901532	84000	620821.626472048	84000	376425.385322502	84000	-41949.5271676089
84500	409720.609738877	84500	1375179.50000958	84500	912866.619916530	84500	-1297644.44551516
85000	542373.342413029	85000	-165225.426979099	85000	-1180670.73542994	85000	-495894.215034345
85500	61974.9922937670	85500	-148543.342343126	85500	500224.258195516	85500	-638189.585076868
86000	924172.885066181	86000	156047.749250405	86000	-899894.777601701	86000	-91966.4099673781
86500	204357.391335198	86500	72808.4205382330	86500	-663411.969537324	86500	960786.471300028
87000	526744.869868090	87000	-622296.355604645	87000	403342.803937697	87000	289428.579424101
87500	1908986.70085386	87500	-872567.010533684	87500	-41962.9517961580	87500	10113.6632833989
88000	-1123946.37429768	88000	-143049.548417969	88000	-849253.805319126	88000	-571535.275540774
88500	-423494.089207052	88500	133171.268052738	88500	-283427.433539610	88500	897308.791177623
89000	-114061.086029685	89000	477402.354527979	89000	-778980.277706658	89000	572693.609327503
89500	-91721.9026632289	89500	39498.7886824174	89500	865144.366880507	89500	-185512.289866551
90000	-1284803.76842639	90000	524025.350758604	90000	-198185.568402495	90000	1285740.29383391
90500	343463.965856883	90500	25599.5443801526	90500	312762.748925027	90500	69943.1760847770
91000	-523069.113215567	91000	849331.401073650	91000	197883.893822905	91000	-526703.338257960
91500	469693.097613220	91500	-73326.4273619399	91500	171657.845159322	91500	-605349.548863235
92000	-1011269.72487239	92000	-87209.5894280603	92000	-652836.302069131	92000	-1073442.00241129
92500	386462.066711604	92500	-144304.179267309	92500	-211829.908576585	92500	616457.933435905
93000	1008888.97432277	93000	107221.487172729	93000	108211.156576250	93000	-536781.522152811
93500	646960.343651992	93500	-228810.611052801	93500	31309.4515822382	93500	640713.737928282
94000	-792313.458677998	94000	714119.243621371	94000	583780.860204063	94000	544366.772731662
94500	-777253.859586478	94500	36294.1269315166	94500	963459.205880284	94500	-357957.456380814
95000	-503823.033730650	95000	1263464.69938024	95000	397389.294764301	95000	410794.908942188
95500	677882.920635441	95500	-594117.223660061	95500	545986.155399075	95500	918575.815649748
96000	446189.107711842	96000	-456422.670932153	96000	280981.159140794	96000	-265492.958448820
96500	684077.921039104	96500	-457290.356628257	96500	25033.4359907460	96500	-207915.831729329
97000	474653.884293452	97000	988815.542764552	97000	-67029.3182681987	97000	171464.075485237
97500	304485.370143184	97500	-1414587.19084893	97500	-28920.8844132704	97500	134369.584462427
98000	-251054.888326971	98000	236334.811841585	98000	289283.267662155	98000	367335.226088787
98500	-54321.4690433675	98500	337356.272205907	98500	-461855.581370759	98500	-309827.423313662
99000	1783569.63348644	99000	212907.587444845	99000	201464.447293883	99000	59802.6387836681
99500	-161326.699776937	99500	-399562.735172252	99500	-606987.942254930	99500	7189.64268236235
100000	683262.069316398	100000	609233.401321928	100000	891328.482394830	100000	730789.628891648
100500	207283.967511635	100500	-357026.463415605	100500	342908.344105689	100500	285427.293350642
101000	836585.985838218	101000	-337918.382291127	101000	189180.848772498	101000	494264.448672122
101500	15900.9478632540	101500	-326025.647606936	101500	165606.049805713	101500	332091.565534446
102000	-914998.713109958	102000	-670398.191797645	102000	32095.3525922186	102000	324438.913545587
102500	975096.733533550	102500	-493230.591771269	102500	-263160.085842083	102500	451929.425751897
103000	698053.012319610	103000	-90877.0421808394	103000	197525.025574713	103000	-799433.375833662
103500	1367852.05867152	103500	-80915.2033802485	103500	64393.2082706441	103500	-285656.355583771
104000	389941.060687801	104000	-29759.3907663629	104000	-667287.669643681	104000	215209.171542232
104500	-966672.761097494	104500	-1436868.81362119	104500	865470.275837227	104500	-1353772.80760431
105000	164820.333371579	105000	-231377.945091484	105000	78539.9616951298	105000	810283.209568194
105500	-1107759.87141468	105500	-282800.815532713	105500	-498985.493737019	105500	128253.751424543
106000	840698.440962365	106000	337122.245967874	106000	393755.707612506	106000	-587058.565070641
106500	866740.448700771	106500	315631.112573012	106500	-3533.53093056714	106500	586347.078172346
107000	2037576.27089031	107000	1663017.32708090	107000	794475.487523546	107000	1736786.46028926
107500	757383.257036258	107500	29723.0088543570	107500	531554.902578152	107500	136966.045448231
108000	-23304.6041365941	108000	291861.745802243	108000	-631402.675919454	108000	-1469594.45291819
108500	981011.770530121	108500	195865.662320684	108500	-574722.230855535	108500	-679282.872916406
109000	-1078605.83293278	109000	735334.074819776	109000	357551.777927105	109000	643138.570404813
109500	-270901.150040717	109500	-203523.759652954	109500	700804.091974624	109500	609939.027810063
110000	-1606089.71404805	110000	-38018.4581103033	110000	1017356.31612559	110000	281926.994132976
110500	522171.996434262	110500	-41418.0738955759	110500	-1328469.07137981	110500	771115.768614962
111000	1347463.51108299	111000	195052.199561178	111000	281039.032489561	111000	159081.036810769
111500	345705.156576878	111500	-602889.136597452	111500	1819353.14630330	111500	1300040.74024796
112000	-650272.934938038	112000	599577.367355915	112000	-99555.5677108204	112000	53710.4411151870
112500	664544.011815396	112500	755391.533733328	112500	736688.090411170	112500	-49051.5328804430
113000	-1913107.78519109	113000	-110478.127374901	113000	316872.542761524	113000	-125705.938863507
113500	-2006218.09355291	113500	-96454.3826554823	113500	-272359.259109027	113500	161030.034049405
114000	-133288.824702273	114000	-1134813.83390493	114000	-649088.472339284	114000	50586.0972596317
114500	226746.726125945	114500	-676788.908158040	114500	459970.077482922	114500	-1510977.07252237
115000	512269.677631791	115000	215305.600224439	115000	393907.209663018	115000	-292128.028260630
115500	425377.527759389	115500	-478308.670839026	115500	176088.502483939	115500	-194559.373307292
116000	-855333.714412723	116000	26973.6033331964	116000	-805615.554751596	116000	780260.008914739
116500	-18390.3206723576	116500	-239013.077692010	116500	339350.357423309	116500	907379.687067748
117000	485344.879508589	117000	88780.6283979078	117000	-422714.833395934	117000	-289909.078156367
117500	1130341.52692038	117500	459628.359249250	117500	-515961.650913820	117500	-53862.4077717441
118000	-1714487.13878080	118000	-1470588.66351617	118000	600361.877153061	118000	-878388.369714982
118500	-6735.28314757789	118500	734506.330857391	118500	-220358.634349975	118500	259684.318024009
119000	78616.6198149833	119000	958797.178402616	119000	-815444.651857365	119000	-793228.739043616
119500	468577.713488502	119500	-91662.4899320906	119500	49186.5105397622	119500	-535551.436062355
120000	207519.772766763	120000	-856398.912454736	120000	1008737.31313116	120000	-71639.0221999114
120500	-714742.351714564	120500	-1566559.29537126	120500	-72792.3039692238	120500	455464.890698148
121000	-439886.330987715	121000	-335811.047681244	121000	-1401044.69441328	121000	-461957.722331088
121500	337807.209940968	121500	-422632.392948110	121500	-682894.941588823	121500	-1044353.86142309
122000	458747.417725062	122000	-685503.950776784	122000	-844861.691847323	122000	-590582.693643963
122500	-1652200.36522586	122500	1057960.68155953	122500	-341990.938524715	122500	840361.657375421
123000	353375.251866993	123000	-778415.208686750	123000	1437828.35054465	123000	280145.403364502
123500	2251255.80818948	123500	-93156.3126515835	123500	-138650.935769504	123500	512773.456666481
124000	-216250.069027157	124000	-153197.097795397	124000	-619957.260359919	124000	-368775.995280411
124500	-446722.124761934	124500	-561206.650992311	124500	142775.507427304	124500	638295.176655825
125000	73081.6563718044	125000	-260276.082515578	125000	-25077.2681425493	125000	503398.940865775
125500	908376.912942455	125500	490053.427081894	125500	941832.301977878	125500	34803.4251389165
126000	-237719.976533649	126000	-339025.485600286	126000	-984237.758331871	126000	1109348.54603667
126500	800939.554690817	126500	534681.812706070	126500	-168922.830700031	126500	-365013.987852763
127000	-634367.208963044	127000	679613.037174291	127000	-1625607.95164575	127000	80841.1233084283
127500	1517639.91870309	127500	405643.617235394	127500	84433.2581412036	127500	-228542.361988167
128000	819002.815352772	128000	350107.027837670	128000	-226664.380664700	128000	-253622.651189911
128500	717405.545336457	128500	343988.032587204	128500	-505990.980649068	128500	-341821.332662419
129000	706002.019658916	129000	-138052.942042855	129000	304215.556684261	129000	241815.282743923
129500	-1375501.51153899	129500	-1169121.52960559	129500	468738.858059014	129500	331879.848741901
130000	-69754.2449233769	130000	-445459.586241772	130000	654140.445919810	130000	-263694.321319841
130500	403785.111981484	130500	137937.649613347	130500	-165900.711670831	130500	1205929.87042045
131000	-1269526.42264367	131000	5062.08527439852	131000	-504251.601293976	131000	-88377.8658352373
131500	-791065.979522086	131500	-580284.514046709	131500	-396157.390612691	131500	-410970.348728089
132000	80125.6399510450	132000	1024632.29598705	132000	781333.737561914	132000	1910738.12160802
132500	478684.281646800	132500	1089996.57759099	132500	-200851.781603911	132500	1149115.46655592
133000	-503589.281487620	133000	114532.620316740	133000	-25147.9294625599	133000	-73624.2395451267
133500	896316.603339929	133500	166484.494355415	133500	-1090420.98587230	133500	-136413.348388231
134000	-1566615.61280500	134000	-778181.148395924	134000	-42753.8660868907	134000	538337.119953582
134500	-250203.368758918	134500	309280.868628918	134500	-830174.707611011	134500	-125083.815181098
135000	162946.393340180	135000	146650.394118784	135000	171221.665748113	135000	-997223.733124228
135500	1778231.42213163	135500	510969.180444212	135500	-574167.673884065	135500	-666505.126288559
136000	935789.639888600	136000	345320.338019132	136000	802505.138885458	136000	-1092996.20737859
136500	601507.941929454	136500	-206323.411577826	136500	1088569.04667221	136500	-934203.202048737
137000	396304.545789705	137000	582224.833302035	137000	311535.417728343	137000	-892245.727913708
137500	184990.348798892	137500	733284.731149484	137500	-645767.577476583	137500	820245.879553579
138000	-796994.145710894	138000	-163949.408220321	138000	75402.9827684021	138000	-762658.356734760
138500	-247641.909448072	138500	-770086.181068936	138500	65683.8156325631	138500	46272.5823637357
139000	-291386.296417855	139000	-1016713.51536844	139000	110764.038382137	139000	28936.4297692997
139500	199782.079314350	139500	285017.827465782	139500	362635.457274880	139500	909305.324629575
140000	-913057.521938917	140000	111779.765012684	140000	643.069872396805	140000	914966.599557337
140500	5203.27340054579	140500	-96535.2704912424	140500	357391.903528205	140500	422566.544813197
141000	-92411.4018171735	141000	135999.308978008	141000	1360030.02251721	141000	1252027.85336971
141500	-210812.426892375	141500	-1481766.97029570	141500	-556984.869384559	141500	563100.369534935
142000	350930.852303762	142000	-397039.673789704	142000	231517.239218855	142000	-433033.496023728
142500	225104.244448282	142500	384523.592588641	142500	-391572.215807802	142500	-363964.950221229
143000	1415518.80401844	143000	650058.869765456	143000	760816.250284721	143000	527010.453375920
143500	297221.193628879	143500	-865038.358603085	143500	-100825.294315356	143500	94553.8768038666
144000	53689.1549561903	144000	183249.453128541	144000	758221.708371644	144000	-741171.187742136
144500	-999329.767273842	144500	1604038.52037338	144500	402972.075468160	144500	-193683.374200713
145000	315742.046351751	145000	207143.306228526	145000	409550.291384400	145000	1037693.14809471
145500	-259492.496996382	145500	-728733.671423356	145500	47849.0387382619	145500	-227215.489964046
146000	-675954.563843826	146000	807294.082277158	146000	1056823.27519911	146000	-281648.844239866
146500	1045393.98746819	146500	339264.554005985	146500	820382.108349722	146500	-600139.123230936
147000	-806012.722648837	147000	-400370.460049846	147000	-138190.070788542	147000	-189702.388430803
147500	-50537.4823312923	147500	661512.901054502	147500	-464143.392877802	147500	-177269.471580137
148000	-972734.053606202	148000	-796626.201961512	148000	-407991.950692446	148000	738413.788292049
148500	1361298.43224153	148500	-101485.839915667	148500	-1234483.30431634	148500	1436680.57010974
149000	642673.991551826	149000	-258593.996256752	149000	-384000.409751631	149000	33198.6394969370
149500	-637102.355876761	149500	558730.491219972	149500	1103200.71226811	149500	548546.014635731
150000	-368346.858850181	150000	-168489.227544833	150000	-166172.623229449	150000	203392.497637165
150500	599862.045614846	150500	-406402.186271299	150500	-941166.176588813	150500	257995.240603827
151000	-825160.544441536	151000	122086.036523401	151000	-987759.525162106	151000	1012226.17849522
151500	500686.898415966	151500	285096.537111833	151500	119967.675199765	151500	-378493.519822244
152000	180121.835572749	152000	49223.1713809941	152000	173908.796482263	152000	462637.639366527
152500	972504.297606670	152500	31653.9556374116	152500	-77201.8227163105	152500	1392202.67840407
153000	-864960.978393264	153000	-197758.560607547	153000	-503436.738235135	153000	-511910.523439082
153500	1299177.82830523	153500	-33713.4695465969	153500	-528096.892436568	153500	589018.993846438
154000	1665420.40919325	154000	-89434.3817150224	154000	-856048.857465978	154000	446555.759989224
154500	-1347339.98848170	154500	-142802.951809513	154500	-266473.336407112	154500	-1064848.83704617
155000	-184603.301496247	155000	260658.054420602	155000	-677656.981413371	155000	312023.742908065
155500	479560.644074597	155500	-356618.909961010	155500	-477766.822403120	155500	864091.531688079
156000	822007.465505395	156000	132296.845666463	156000	-505878.330850199	156000	-167438.987812212
156500	128259.131114871	156500	703239.871712102	156500	762708.173106682	156500	725529.300654618
157000	1117668.44100811	157000	1327446.30071588	157000	586570.402164441	157000	1225697.30633693
157500	245476.289990038	157500	780873.189774213	157500	-761176.577767377	157500	646401.620296877
158000	189064.327144051	158000	481137.699898363	158000	377423.185075367	158000	867818.695337244
158500	340451.010972371	158500	-94037.8014767430	158500	601820.281781425	158500	59388.7364472003
159000	1296900.39511582	159000	226129.150568886	159000	1091233.82547127	159000	368216.139082240
159500	91374.2784299574	159500	412111.229937408	159500	810511.844780426	159500	-784688.210446088
160000	391767.812495774	160000	-718103.856218195	160000	926926.551489412	160000	-99879.8121616435
160500	-413112.427497118	160500	-107111.249002590	160500	-452399.846115440	160500	-236822.797142254
161000	1827719.42341805	161000	-844656.571691136	161000	-155034.567749733	161000	541650.248563318
161500	412518.035825740	161500	190411.968315312	161500	-542817.249973107	161500	-557719.191265085
162000	919254.149287340	162000	744992.030849278	162000	-1506718.90155945	162000	753005.862181266
162500	-79746.1642487053	162500	-484804.215141868	162500	-640460.703084619	162500	-148512.877066902
163000	753681.050542909	163000	-49188.7728305652	163000	-356090.008833454	163000	1181.30112110292
163500	-1804512.51662257	163500	562288.063129217	163500	905997.189292748	163500	96050.4792134523
164000	-1028679.23985718	164000	750464.243849933	164000	184001.660714808	164000	303070.896576171
164500	-876216.759535606	164500	-79286.7784596962	164500	447495.868231893	164500	-600920.282038919
165000	-1032838.27371750	165000	-433831.978550845	165000	307699.733010099	165000	-130911.141188370
165500	919320.691628515	165500	108512.480154697	165500	238972.307683134	165500	-245400.781383409
166000	628938.181386839	166000	367725.629370543	166000	1038409.94333795	166000	-68135.8276284241
166500	-525854.213720390	166500	203534.417779431	166500	68979.2018412288	166500	268979.003520535
167000	-1511274.52601177	167000	-143147.349983744	167000	-479899.982646360	167000	220668.510214066
167500	-353832.030393212	167500	-48541.6324743770	167500	35820.3505436453	167500	281812.235499777
168000	-180798.745272380	168000	-432594.454266570	168000	-558287.543203113	168000	1062821.55702455
168500	1542746.61286322	168500	-236559.665291240	168500	-512890.575175798	168500	736829.698811055
169000	599975.757999116	169000	-653079.704387545	169000	-122176.583675052	169000	56586.6819860542
169500	-1063382.92554769	169500	395826.111516188	169500	643251.437597700	169500	19947.3420756189
170000	236705.370717729	170000	-742855.794142053	170000	776364.774221149	170000	1229364.51850454
170500	64560.4275065789	170500	396490.539065530	170500	-208837.366579767	170500	-363748.470158030
171000	-1012122.60507011	171000	204479.420360447	171000	307264.332772867	171000	1452748.10151837
171500	-271256.023287010	171500	538344.348354548	171500	536977.834065093	171500	-263727.716709214
172000	775048.081610101	172000	272103.866294694	172000	109626.854394457	172000	-375806.909012842
172500	-82442.6466046684	172500	-117811.885839874	172500	314395.387326513	172500	394240.197326637
173000	-54295.7882449768	173000	965018.588277646	173000	166455.873002457	173000	230510.418321622
173500	1178397.81490782	173500	549504.999606135	173500	-555578.533761324	173500	494137.284177742
174000	-650638.559516052	174000	-483748.697911619	174000	-1571947.56132610	174000	-478820.072083850
174500	-1879756.15026523	174500	587648.814826536	174500	433611.928514414	174500	485254.556740831
175000	2010917.76392751	175000	-752530.008249939	175000	-533961.270523165	175000	295051.280123813
175500	-391674.594276409	175500	-671436.331452437	175500	-395896.616390873	175500	-207580.618828198
176000	-273033.179960353	176000	-93629.3921578641	176000	-557266.296556685	176000	256660.431175779
176500	567849.413019211	176500	16076.4503064792	176500	-78566.0095999115	176500	745350.944850868
177000	1614014.70140238	177000	164168.951916707	177000	-76128.9431516139	177000	-470877.967727185
177500	579441.433326259	177500	612573.343064428	177500	386487.468105583	177500	418661.919860849
178000	677000.431776202	178000	-386236.508589769	178000	-210732.979429032	178000	1133999.57795992
178500	-342215.474160285	178500	-464521.497029979	178500	-608903.053184336	178500	188307.856049225
179000	-332494.867907046	179000	-592289.268588224	179000	-1048404.76306557	179000	-356896.863501532
179500	1570478.54660739	179500	961546.415272745	179500	-351281.503863063	179500	94761.9670969892
180000	-683335.388602778	180000	124299.233343226	180000	50386.4224317849	180000	1301273.89438264
180500	891771.806516622	180500	1500.60692919837	180500	198887.395088063	180500	-196260.588616133
181000	-496863.606430601	181000	1002923.82507695	181000	-77839.2554998739	181000	1097377.28007379
181500	-1025835.58197139	181500	-298292.656800527	181500	1607472.40186509	181500	-1213583.94883581
182000	833705.724160262	182000	-143205.577467287	182000	-295503.901424692	182000	644698.127298722
182500	-575272.836308273	182500	232766.505472202	182500	-14214.9654736861	182500	-1444476.75608002
183000	-1066637.45027377	183000	-1459897.98956323	183000	-1094580.74926263	183000	-418700.631135058
183500	-173383.465478326	183500	-665952.346426845	183500	-125890.756270485	183500	-30322.4535113934
184000	-926949.074700134	184000	-352550.013207897	184000	-98652.8748628043	184000	-208085.781361980
184500	310931.826711565	184500	-329134.000404110	184500	-183168.748040181	184500	807493.427852630
185000	117751.702787337	185000	-108541.982905072	185000	655089.209031961	185000	576541.386249232
185500	2165829.53046890	185500	102794.847402675	185500	73554.4593931322	185500	-1266844.12638851
186000	-208439.621697780	186000	491388.403552777	186000	485202.240454694	186000	-341982.923967791
186500	-836990.571930146	186500	199336.622207620	186500	395112.510473690	186500	579713.965151783
187000	135044.372264420	187000	922787.461030485	187000	73016.0922916825	187000	-590802.020976839
187500	679206.523112429	187500	929214.127556586	187500	-717599.661502421	187500	-352025.378965487
188000	241587.528797462	188000	1043890.40740356	188000	1126983.22305823	188000	-558102.853507034
188500	-2531761.06233993	188500	376609.425916861	188500	-538736.162262253	188500	58239.4647109860
189000	251499.436883574	189000	-968163.629206487	189000	649018.764479849	189000	-173510.665063363
189500	-250395.354569536	189500	690094.718692404	189500	-120533.873569524	189500	-591201.031088846
190000	1356216.83754084	190000	-287418.460511773	190000	-691073.651483477	190000	-1242673.95849023
190500	-806043.812698804	190500	-1062864.51391459	190500	542831.739624570	190500	-418404.500925645
191000	-308728.184514123	191000	-1128567.65106846	191000	359488.337907414	191000	992269.978391227
191500	673050.592334793	191500	-190778.082817407	191500	-426816.637932039	191500	248667.788386258
192000	-430855.150404772	192000	95054.8170376023	192000	1182609.35149230	192000	-2016474.78238635
192500	951646.755167335	192500	-184987.390463853	192500	174290.911386975	192500	63412.6844698046
193000	702907.114656590	193000	-1372303.02040894	193000	-337619.548000141	193000	378255.324916253
193500	274006.032014680	193500	-381986.381583053	193500	-222337.345012982	193500	212801.750868710
194000	456675.318990101	194000	-474369.965813012	194000	-166846.626689383	194000	-840845.553340059
194500	-1410054.09855116	194500	-1067153.62608383	194500	1440682.35111474	194500	-451966.242542538
195000	945470.257935161	195000	-1022593.70510143	195000	100981.807562534	195000	558383.798655442
195500	-284196.884686699	195500	-1322394.79501024	195500	-790691.370558965	195500	143588.683032850
196000	-272013.032739337	196000	1352534.59758564	196000	142241.892191667	196000	388341.878789700
196500	-371359.832734954	196500	-623957.187930330	196500	-665078.728068575	196500	-80616.4252322746
197000	-729896.131676313	197000	-268671.884161235	197000	621462.999879825	197000	-711942.235038131
197500	254931.308871930	197500	-331560.453848659	197500	783210.544229410	197500	324910.223191707
198000	83813.2632563850	198000	-865946.185071942	198000	-319781.434433203	198000	-13012.2095784692
198500	-68266.5498022869	198500	216742.100752120	198500	-1283438.50475735	198500	1384965.74699141
199000	745754.797944395	199000	-278769.459415148	199000	-1048878.68464726	199000	304713.276655642
199500	858503.458683105	199500	-24055.5451390891	199500	476861.927804442	199500	-258666.464773799
200000	-1075008.29455681	200000	615353.621840791	200000	822362.777638671	200000	1038181.38002423
