#	SIM_0.03		#	SIM_0.05		#	SIM_0.10	
1	12246577.8862587	1	-4840509.24574576	1	-18855717.9340100
500	35062951.8354115	500	25953105.3736087	500	15623733.4889727
1000	25263270.1367817	1000	21124764.4572515	1000	14091362.5040801
1500	18149694.0255773	1500	17155040.2686237	1500	12587715.4973286
2000	13351436.1017047	2000	14288455.6788307	2000	11159979.5132254
2500	9758123.19121563	2500	11708558.6347074	2500	10124704.8002279
3000	7344683.04776593	3000	9489038.33275715	3000	9099141.33639541
3500	5107658.41837330	3500	7929537.24674290	3500	8146164.65536009
4000	3989841.81275355	4000	6491228.09744105	4000	7290381.50400343
4500	2937660.64142680	4500	5468692.79147726	4500	6529620.10159282
5000	2162815.39496312	5000	4616678.49040488	5000	5839512.55400562
5500	1726149.33372444	5500	3803160.40155128	5500	5370967.75987238
6000	1223248.17639169	6000	3244029.01392280	6000	4709688.40594479
6500	1070442.79045613	6500	2751105.19228177	6500	4273868.15056951
7000	509710.911117968	7000	2260479.95132476	7000	3869952.24708071
7500	598262.962809516	7500	1971619.83681703	7500	3414972.62209635
8000	477199.254717988	8000	1754212.57495736	8000	3251768.55241843
8500	268735.359916566	8500	1370139.93796476	8500	2872440.43473783
9000	324674.297926209	9000	1145598.87476231	9000	2717515.55123519
9500	268693.943689899	9500	986396.770873044	9500	2321406.27411835
10000	261789.180748233	10000	897695.294230102	10000	2108483.68339255
10500	88923.0664766625	10500	789230.468140957	10500	1920159.20496578
11000	368706.600461095	11000	458166.952011904	11000	1903736.81893086
11500	163200.808039461	11500	574158.054695287	11500	1673866.73471728
12000	140657.989339935	12000	495534.665550590	12000	1530436.58192523
12500	-76881.0561372926	12500	280890.804678378	12500	1240924.56685798
13000	192725.243643917	13000	348254.810063670	13000	1133932.39801909
13500	15103.9675937500	13500	217243.570432377	13500	904583.863833467
14000	27370.8343763393	14000	310194.733080509	14000	1072528.32473440
14500	336529.395662160	14500	148277.522869976	14500	977713.163928592
15000	33533.8363501509	15000	147564.648531688	15000	786397.774197947
15500	203080.126114524	15500	-49836.5386374536	15500	732999.841676307
16000	166617.034815959	16000	143479.740223406	16000	748244.763546618
16500	133280.049828161	16500	195351.837920818	16500	507845.522143413
17000	187599.351933349	17000	151537.783909592	17000	567706.160115365
17500	47730.0009684193	17500	265965.350662602	17500	625086.191173544
18000	-19878.7229263615	18000	39804.7014951830	18000	427370.448007755
18500	-12942.0735749668	18500	222490.591629249	18500	372230.923370595
19000	88380.3383890746	19000	259085.448281690	19000	508088.233995396
19500	188149.106367953	19500	166350.999892605	19500	351513.175128618
20000	185064.456547831	20000	165603.378329937	20000	422978.877510182
20500	182135.218687362	20500	103093.183705098	20500	266470.379460059
21000	-107267.760887423	21000	270039.000894624	21000	346409.827076428
21500	362503.524579339	21500	-32504.7270099164	21500	251999.580626266
22000	-92333.9572386196	22000	-60893.7886260878	22000	310307.439994809
22500	152638.259972116	22500	-9680.82078992394	22500	329341.460153977
23000	104394.206917399	23000	129437.558429852	23000	110804.736353060
23500	6381.63752291602	23500	104139.173705840	23500	228884.902610397
24000	169686.478263288	24000	235583.691689783	24000	226221.489603282
24500	-29539.5414778601	24500	78770.7580429243	24500	194286.206004471
25000	-82874.3496156871	25000	62066.3936319176	25000	175746.788139982
25500	283547.268059064	25500	131736.688948548	25500	71553.8045654845
26000	111129.010323809	26000	-48806.3455199117	26000	273864.451872716
26500	261335.878225724	26500	31059.0682360050	26500	247263.355337702
27000	4691.65148397007	27000	76488.0668207231	27000	127037.338350204
27500	171429.438789570	27500	282723.999097030	27500	255706.895532238
28000	62231.7475656437	28000	91937.8882402442	28000	151416.206247617
28500	255220.387596133	28500	72029.9539994443	28500	101742.239849891
29000	127660.914466557	29000	29700.8299468520	29000	216367.400969232
29500	43341.7853485239	29500	73600.3480433598	29500	153850.677706209
30000	-64668.1826611353	30000	34976.3146012901	30000	87399.9491110652
30500	141210.910447421	30500	219047.825735481	30500	64091.6015394288
31000	436367.284274182	31000	201688.332331380	31000	122682.613819663
31500	141611.250021366	31500	109049.248492307	31500	169931.314039490
32000	139608.492343058	32000	250414.991893037	32000	253322.823347450
32500	67246.8358987713	32500	65310.9006720277	32500	-15919.3901906810
33000	204257.175908004	33000	118325.101042543	33000	163522.325795894
33500	-87090.6268631246	33500	141169.147502602	33500	105292.659889543
34000	98440.0825749508	34000	84403.3545991931	34000	78919.9825980052
34500	260303.521194880	34500	18139.7455268264	34500	176155.115042180
35000	303071.009464157	35000	92606.7529510624	35000	106062.262304977
35500	244668.951501427	35500	85433.9182344806	35500	37339.3054247901
36000	-33140.2860364220	36000	159846.052628120	36000	45206.7743792912
36500	87217.2736345248	36500	80670.4534348392	36500	211465.859957500
37000	-33995.3530566768	37000	34694.6269924365	37000	82702.7529871524
37500	183644.862209640	37500	-166527.973452502	37500	14326.9055673467
38000	-22088.1405580313	38000	-63943.6667749969	38000	1366.22649742711
38500	13416.8808901406	38500	146854.936670619	38500	-9632.18492352211
39000	59570.6677117280	39000	-42634.4437288834	39000	12699.4868295237
39500	330965.089759653	39500	2147.31385700803	39500	133918.259375435
40000	217784.119900873	40000	163437.540085066	40000	160754.001230411
40500	49055.6266805376	40500	232471.775071234	40500	144155.104272757
41000	116250.329138714	41000	101962.219754122	41000	166129.565692087
41500	47051.2184946931	41500	43465.1041741681	41500	217829.767328477
42000	122176.067090111	42000	49982.7657785797	42000	119054.647005609
42500	-42419.3892489212	42500	121125.974740252	42500	86671.8964373045
43000	189377.970718470	43000	61732.2233722693	43000	79822.6662112497
43500	112965.458099291	43500	160376.867053633	43500	113282.288724256
44000	130029.212822746	44000	149011.695879417	44000	185441.137957140
44500	81504.8785547393	44500	134425.552817771	44500	-4738.32400607806
45000	129015.255627268	45000	163830.646667952	45000	-24029.7673110371
45500	273365.412733481	45500	-2433.18744698504	45500	99923.6695222698
46000	13010.1050091250	46000	54619.6888429446	46000	253159.081470785
46500	122977.633691099	46500	1300.82718991103	46500	107551.824009994
47000	50490.1849518400	47000	284102.445096784	47000	2975.30613986024
47500	290833.654163700	47500	189621.647520860	47500	-4485.84911612746
48000	106859.709023178	48000	191551.922424117	48000	37329.0439215681
48500	-153874.850692231	48500	240066.427044996	48500	110195.144674510
49000	183891.392178087	49000	16517.0238007290	49000	133415.682792574
49500	126739.813127732	49500	102862.955196865	49500	112908.576678909
50000	276164.010330543	50000	132836.818731881	50000	53103.8495669287
