#	SIM_20_0.05_0		#	SIM_20_0.05_-10		#	SIM_20_0.05_-12		#	SIM_20_0.05_-15		#	SIM_20_0.05_-2		#	SIM_20_0.05_-4		#	SIM_20_0.05_-5		#	SIM_20_0.05_-6		#	SIM_20_0.05_-7		#	SIM_20_0.05_-8		#	SIM_20_0.05_-9	
1	183235804.988534	1	192000219.215878	1	193477090.434402	1	195028492.811535	1	185317685.962128	1	186876336.417019	1	186980249.388194	1	188201794.399380	1	189194608.953490	1	190643173.004097	1	191062651.610706
500	181464075.150694	500	191092339.746990	500	192276575.261288	500	193138934.483134	500	183274158.151732	500	186773731.714602	500	186593795.009392	500	188215471.618384	500	188258231.250440	500	190435497.926557	500	191154938.613154
1000	182689920.343739	1000	192835623.961928	1000	192812360.267447	1000	193356797.396016	1000	184428931.019033	1000	186353091.520825	1000	187075866.350285	1000	188444155.878260	1000	189328939.613909	1000	189974959.550514	1000	189754382.025100
1500	180596425.676606	1500	191063646.359998	1500	192202428.320021	1500	193569586.160607	1500	183323354.713960	1500	186218259.249945	1500	185652754.371813	1500	187089722.610646	1500	188845677.333762	1500	190422475.290018	1500	190846314.345920
2000	182290783.754904	2000	191407755.973127	2000	192305286.497843	2000	193364839.328521	2000	184036375.960645	2000	187115046.112293	2000	185229777.990697	2000	187473818.606003	2000	188735485.952691	2000	188955113.400996	2000	191028596.725860
2500	181731024.659565	2500	191056190.254921	2500	191165172.912117	2500	192880552.668602	2500	183923282.043348	2500	186798048.892133	2500	187508453.420089	2500	188209698.307919	2500	189279354.544931	2500	190374212.948222	2500	189611863.162033
3000	180740162.123196	3000	192216472.193344	3000	192070460.937459	3000	193072954.534087	3000	184049151.563691	3000	185552175.825133	3000	187208442.807388	3000	188372356.413080	3000	188609539.041663	3000	190549607.440535	3000	190950352.326021
3500	182202930.658356	3500	191275755.871844	3500	192348021.782032	3500	193017908.678967	3500	184931748.175045	3500	186945014.753646	3500	186320886.947122	3500	187919488.673483	3500	188970829.621336	3500	190053979.299208	3500	190731555.531127
4000	181446930.135513	4000	191285153.367155	4000	194408773.273260	4000	194070850.550449	4000	183559724.677276	4000	186198961.176860	4000	187363516.172194	4000	188877782.345580	4000	188596622.383685	4000	189653714.019906	4000	190897721.559095
4500	180980582.277704	4500	190477401.255663	4500	193333244.627758	4500	193146114.032045	4500	184035975.937785	4500	185994567.939528	4500	186058985.817232	4500	187643197.837438	4500	189055676.817977	4500	189209593.440239	4500	189379000.009166
5000	182056849.646706	5000	192000196.078717	5000	192542045.961583	5000	193712574.345505	5000	183934982.471793	5000	187191388.224095	5000	186186907.494091	5000	187221115.487173	5000	189747618.888468	5000	189682625.762546	5000	190792957.974083
5500	182642719.956841	5500	191223610.899281	5500	192091663.846375	5500	193664392.596753	5500	184122032.606789	5500	185036378.510767	5500	188471772.882072	5500	187262125.201874	5500	188544344.715750	5500	190137232.839126	5500	191398411.391697
6000	181072571.043194	6000	191002187.217065	6000	192812892.870514	6000	193835503.606009	6000	184649840.179009	6000	186598002.896969	6000	187415875.257933	6000	188327805.590515	6000	190309219.329129	6000	188894837.380257	6000	190056651.221835
6500	180526618.660346	6500	190652075.847360	6500	192747817.735188	6500	193128566.486817	6500	183038092.629395	6500	186659482.080824	6500	187502488.491427	6500	186864549.860167	6500	190455430.585079	6500	188937658.834449	6500	189706774.046138
7000	182017934.869175	7000	191981678.827064	7000	192188488.641243	7000	193559166.058218	7000	184253066.002016	7000	187286817.518624	7000	186549335.075531	7000	188907717.248364	7000	188775964.635775	7000	190076415.609696	7000	190985070.679466
7500	182700174.024647	7500	189656417.273017	7500	192069574.507297	7500	193355599.980466	7500	184286111.980023	7500	187380274.338767	7500	187330649.153673	7500	187630779.872508	7500	188554758.988091	7500	190124026.190076	7500	190009594.580950
8000	182372511.204606	8000	192446032.114807	8000	191660326.481939	8000	193790548.880494	8000	183707815.516912	8000	186331735.937858	8000	187549304.027848	8000	187729193.163183	8000	188624700.357223	8000	189610379.001135	8000	188991598.509421
8500	181878995.284663	8500	191154546.458267	8500	193217443.562384	8500	194107228.291038	8500	184927214.370460	8500	185863223.654487	8500	188809605.364684	8500	188400518.900837	8500	189333991.191386	8500	189631443.550931	8500	189832401.522314
9000	182201635.830124	9000	191451852.314927	9000	192891353.790380	9000	193287422.716906	9000	184386580.760618	9000	185970161.377664	9000	186779267.180232	9000	188434462.657537	9000	189150421.391053	9000	190922299.989631	9000	191212400.574149
9500	182548084.742656	9500	191404060.602857	9500	192339438.763234	9500	194079156.537620	9500	184204989.033440	9500	187021020.294614	9500	186628576.633366	9500	187304353.063027	9500	188206239.918784	9500	189755908.431242	9500	190445832.823916
10000	182274328.285666	10000	190316894.208174	10000	192785134.183147	10000	194004183.876241	10000	184452558.699882	10000	186524611.587389	10000	186504519.769462	10000	187597284.362015	10000	187432759.042279	10000	189360485.160876	10000	189816648.982881
10500	182937063.897555	10500	192164770.600358	10500	192528821.182882	10500	194830831.941527	10500	184570219.986353	10500	186580142.915593	10500	187185972.830178	10500	187757232.709009	10500	188987576.994986	10500	188797092.685024	10500	190004268.885947
11000	182883123.831240	11000	191285894.596938	11000	192284272.808800	11000	194677900.714071	11000	184138511.809698	11000	186473301.571846	11000	186496676.871578	11000	187602676.607067	11000	189617298.382199	11000	189212679.025921	11000	192144941.036588
11500	181597796.307005	11500	191957711.398377	11500	192173859.782217	11500	194769322.342937	11500	185610476.768920	11500	186504306.644200	11500	188408305.119620	11500	188316361.970821	11500	189574206.360965	11500	189121028.522456	11500	190051592.256010
12000	183089080.653932	12000	192350542.251233	12000	192838002.004417	12000	194733164.526650	12000	184635865.959348	12000	187023630.541289	12000	186953865.859691	12000	187277154.799238	12000	189370483.914173	12000	190468281.150497	12000	189919370.277729
12500	181974546.378147	12500	191801269.777833	12500	192942399.958018	12500	195396621.973073	12500	185268048.568547	12500	186894503.121761	12500	187695043.032021	12500	187528505.053155	12500	188662984.811756	12500	188793577.567739	12500	190910483.403409
13000	182849190.272180	13000	190770099.592166	13000	192987780.613124	13000	194185064.249768	13000	184731933.951540	13000	185932338.241045	13000	186431792.755691	13000	187982635.230146	13000	189241997.334634	13000	189336516.598516	13000	190818578.666486
13500	181923009.037279	13500	191198344.896541	13500	191812295.880563	13500	193109015.820145	13500	184540646.598990	13500	186749109.582127	13500	187854041.278932	13500	187930579.440983	13500	189827513.043941	13500	190254432.074282	13500	189482099.178588
14000	180309822.341771	14000	191234454.566193	14000	192964409.405562	14000	193704243.841312	14000	183849047.301210	14000	186077447.454733	14000	187210218.893216	14000	187721092.753931	14000	188457672.809138	14000	189322310.660236	14000	189977866.327560
14500	181540536.220754	14500	191032948.138124	14500	192245798.083747	14500	193528180.832588	14500	185341830.552873	14500	185881610.151887	14500	186739849.247760	14500	187474167.454168	14500	187840257.479636	14500	190287893.543806	14500	191372315.069572
15000	181883814.124271	15000	189506110.488808	15000	193172777.240000	15000	194162807.926893	15000	184192090.119186	15000	186094422.245513	15000	186584696.840034	15000	188293003.685687	15000	188789217.887860	15000	189773741.036947	15000	189392274.587723
15500	182271679.674517	15500	190131604.984242	15500	192351818.250406	15500	194629082.017308	15500	184794261.871428	15500	185784380.016414	15500	186666090.544987	15500	189017621.394776	15500	187761749.229169	15500	190820715.220676	15500	191297850.358018
16000	181688375.760455	16000	190606463.942191	16000	192047487.233373	16000	194298508.996834	16000	184164260.651778	16000	186844553.696140	16000	186194795.536751	16000	187110771.679686	16000	188904039.367853	16000	189858439.170111	16000	191149243.510000
16500	180969444.561890	16500	191472986.473907	16500	192017315.753621	16500	195595026.217533	16500	184550988.409541	16500	186415211.336695	16500	186998512.326164	16500	188027865.872402	16500	188459183.412976	16500	189804091.616938	16500	191237527.428247
17000	180911312.499867	17000	190403759.240814	17000	192123083.204333	17000	193560018.323220	17000	185011762.344842	17000	185767108.408056	17000	186521465.216055	17000	188302768.913297	17000	189528340.053968	17000	190412565.213482	17000	190054332.621777
17500	180941166.011193	17500	191172425.368754	17500	193937414.921320	17500	195721727.736891	17500	184244931.039115	17500	187223578.480910	17500	186270343.640953	17500	186654692.253271	17500	189265769.988479	17500	189842755.782354	17500	189691194.155230
18000	182547593.968131	18000	190285936.739255	18000	191868803.933493	18000	195457785.272077	18000	183772025.858074	18000	186909712.996146	18000	187437393.019580	18000	188666809.032014	18000	189363639.673348	18000	190535884.083957	18000	191724279.761600
18500	182007068.158712	18500	192026363.858700	18500	192502155.272896	18500	194021402.488151	18500	184697856.842500	18500	185599314.494134	18500	187016419.206481	18500	188916056.363356	18500	189308387.691305	18500	189374728.135904	18500	189986572.573638
19000	182414013.714867	19000	191259928.918208	19000	192432343.228934	19000	193791143.717549	19000	184655075.796941	19000	187096564.832969	19000	186544087.832319	19000	187969211.772735	19000	189042338.284511	19000	188591480.878606	19000	190754702.232687
19500	182272535.890310	19500	191070564.874795	19500	191860712.454925	19500	194904851.840944	19500	184128047.417456	19500	187197270.131529	19500	187781841.333880	19500	187499729.237106	19500	188824682.594195	19500	189907672.998369	19500	189845231.639577
20000	182801193.386781	20000	191918379.438061	20000	193820721.835623	20000	193731607.414452	20000	185391586.018218	20000	186652096.382616	20000	187759361.513252	20000	186947930.335944	20000	190007596.298677	20000	190181296.901917	20000	191260553.764533
20500	182995371.326884	20500	192046874.428788	20500	191958219.367606	20500	193431388.376986	20500	183458800.942516	20500	186136905.796585	20500	185629896.269546	20500	188587039.297094	20500	189643602.972397	20500	189879446.799084	20500	192109559.635684
21000	182144911.158979	21000	191618585.572368	21000	191605177.923977	21000	194960605.641185	21000	183135828.953245	21000	186190687.571012	21000	187053959.070065	21000	187374386.452244	21000	188138136.164699	21000	189937390.036072	21000	189170004.479825
21500	181980899.817359	21500	191343652.109592	21500	192460623.967194	21500	193108785.102243	21500	183838442.521677	21500	185568984.950213	21500	186786776.710707	21500	188684520.649138	21500	187954220.394518	21500	189908565.868271	21500	189920624.311182
22000	182061978.182972	22000	190142000.683590	22000	192664208.773688	22000	195104643.229617	22000	185312679.981375	22000	186700452.184729	22000	186957742.283074	22000	189279453.395192	22000	189189811.502741	22000	189704095.650335	22000	189952277.844416
22500	182558216.957750	22500	190855006.364815	22500	192192757.447984	22500	194693571.299886	22500	184258130.312707	22500	187527261.122853	22500	185685847.964358	22500	187954899.301795	22500	188663344.471591	22500	190409365.701404	22500	189427157.987214
23000	181544469.498977	23000	189570078.396900	23000	192104360.087777	23000	192927504.431564	23000	185029985.851760	23000	185653891.340630	23000	185913715.268806	23000	187975934.101561	23000	188382669.392251	23000	189909564.242865	23000	190107658.550353
23500	181437649.214268	23500	192023951.198086	23500	193472018.171156	23500	193537093.041065	23500	184942983.777629	23500	186484552.455403	23500	187482049.560370	23500	187671761.483250	23500	189351155.963482	23500	190196497.645579	23500	190170806.967579
24000	182548226.747817	24000	190022347.561855	24000	191271801.463703	24000	194250042.274596	24000	183941502.334383	24000	186167025.890961	24000	186489066.305356	24000	188161016.658213	24000	188526853.342826	24000	190314778.445445	24000	189260509.749789
24500	182069072.569930	24500	190653301.123856	24500	193036928.695768	24500	194357523.560550	24500	184618423.892203	24500	185219998.389775	24500	187906797.568367	24500	188197113.221195	24500	187020756.237071	24500	189175648.461541	24500	191269745.230412
25000	182450520.460229	25000	191867490.922297	25000	191450787.612404	25000	193700470.084244	25000	184939856.021644	25000	186101964.348026	25000	188043718.583898	25000	187369553.398351	25000	188488101.258641	25000	189909079.953868	25000	189469674.086064
25500	182346274.949774	25500	191354905.528694	25500	191826957.351730	25500	193902634.183801	25500	184533905.004786	25500	185803547.783558	25500	186880394.513524	25500	188662108.567454	25500	188023815.241883	25500	189766607.915128	25500	191102293.464409
26000	181614365.301511	26000	191296167.966387	26000	192462856.564527	26000	193880435.863031	26000	184260760.044696	26000	185818371.239515	26000	186361871.552648	26000	188483319.321082	26000	188141986.940779	26000	189751698.915750	26000	190197726.791235
26500	181358070.899572	26500	191341438.780252	26500	191930604.854369	26500	193185889.348164	26500	183577556.057405	26500	185537861.584415	26500	186590443.977003	26500	188087650.320728	26500	189606377.768728	26500	189457126.850108	26500	189975785.693104
27000	181603426.599956	27000	191502372.028097	27000	192673057.953653	27000	193997427.554589	27000	184669980.743380	27000	186586387.318014	27000	187247005.916928	27000	187700931.696969	27000	189626699.072813	27000	189442367.035402	27000	190035221.950493
27500	181254382.512598	27500	191436901.142116	27500	192088691.427991	27500	194453238.335862	27500	184075539.962468	27500	186460965.872553	27500	187290651.589226	27500	188375517.522873	27500	189464619.648290	27500	190760476.568580	27500	190199246.404007
28000	181929347.626383	28000	191235995.115682	28000	192068295.438583	28000	194075810.111155	28000	183410009.066624	28000	185960556.773281	28000	185556937.419467	28000	187893014.849180	28000	188612524.620489	28000	189517720.500740	28000	190274797.081235
28500	181280559.605593	28500	190888291.524143	28500	193230841.142869	28500	194539474.613189	28500	183340328.420878	28500	185727325.981873	28500	187018647.127394	28500	188788827.480213	28500	188208778.143050	28500	188948461.980231	28500	189949526.878933
29000	182121522.171974	29000	190053701.405067	29000	191627425.219847	29000	194630711.029136	29000	183965369.621183	29000	185849042.903087	29000	186513831.963001	29000	188608448.664254	29000	189229664.499027	29000	189655115.321920	29000	190795081.916317
29500	181247783.362841	29500	191438716.059933	29500	192714585.010372	29500	193677801.849888	29500	184843449.086076	29500	185709395.440133	29500	186447752.538433	29500	188187258.056689	29500	188437394.362057	29500	190388567.782549	29500	189759201.961305
30000	181997682.749464	30000	191883931.773495	30000	192320931.964288	30000	192465323.094022	30000	183749537.935708	30000	185956315.124454	30000	187439256.225240	30000	188276205.383031	30000	189062641.301685	30000	190012380.534801	30000	189586303.708080
30500	181742348.126174	30500	189843956.418168	30500	192232259.731415	30500	193319411.579085	30500	183555731.002163	30500	187270052.349167	30500	187789021.295064	30500	188522505.467191	30500	188324793.467111	30500	189415681.752745	30500	189122173.676675
31000	182736460.765905	31000	191285549.818066	31000	191981450.762133	31000	194073757.466945	31000	183888117.869073	31000	185528958.031503	31000	187796880.107979	31000	188466548.324998	31000	188449690.739037	31000	189896953.670148	31000	190926677.235375
31500	181609535.206865	31500	189851747.380454	31500	192305600.608927	31500	192347998.012409	31500	183696130.601727	31500	185131073.225554	31500	186622681.754782	31500	188073932.170975	31500	188258215.812819	31500	189691285.900125	31500	191305099.015560
32000	182162157.703182	32000	190630738.683979	32000	192982882.426476	32000	192978800.160646	32000	183168155.075621	32000	186021304.175624	32000	185971985.792255	32000	188036535.185379	32000	189707689.565011	32000	188577178.350217	32000	190223897.480625
32500	182444997.787480	32500	192506756.968290	32500	192027666.830368	32500	193212710.388761	32500	184235075.409499	32500	186075435.608891	32500	185898893.170224	32500	187813381.449311	32500	188385745.668864	32500	188797198.846725	32500	189401332.810943
33000	182100906.340431	33000	190743803.559472	33000	192851862.385451	33000	193174764.459288	33000	183331262.845028	33000	185423309.459272	33000	187669583.574339	33000	187868647.143469	33000	189134312.157671	33000	189790324.517207	33000	188711146.699162
33500	181560979.380301	33500	191064833.316253	33500	192474269.532614	33500	191935118.597009	33500	184815072.001980	33500	187048895.905133	33500	187548501.471436	33500	187568294.511189	33500	188679576.876426	33500	190202257.219614	33500	190253560.421663
34000	181956814.220898	34000	191275880.538820	34000	192017119.404852	34000	193506947.065238	34000	183831909.678185	34000	186918700.812584	34000	187071558.257838	34000	188411125.626431	34000	188321796.721660	34000	189414203.107735	34000	190061073.509507
34500	180967573.944199	34500	190923982.041006	34500	192289039.261134	34500	193915265.702801	34500	184470785.259627	34500	185398181.803205	34500	186917862.578620	34500	188912213.659876	34500	188576366.755032	34500	188582874.493292	34500	189870421.574370
35000	180672007.143679	35000	190662008.680537	35000	191905164.235087	35000	194168178.610003	35000	183467868.684944	35000	185593460.426156	35000	186370952.937430	35000	188779589.326326	35000	189269745.751741	35000	187755555.023866	35000	189546769.887743
35500	181204207.330442	35500	191864194.853746	35500	191948931.517457	35500	193411410.965715	35500	184181855.010198	35500	187234239.048067	35500	186919570.762322	35500	187359740.643143	35500	189912972.277905	35500	191088577.132819	35500	191208294.713881
36000	181793939.939681	36000	190559190.287655	36000	192894275.166661	36000	192977160.495688	36000	184039715.066546	36000	186903568.635168	36000	186854683.753529	36000	187276553.888918	36000	188508737.611148	36000	189203816.816245	36000	190255943.349504
36500	182022492.086766	36500	191393252.940882	36500	193439810.479578	36500	194440409.768441	36500	184952839.929469	36500	186171610.980642	36500	187373631.653388	36500	187986850.110500	36500	189092019.754459	36500	191002107.168583	36500	190865028.044931
37000	182293657.804040	37000	191307022.854684	37000	193659168.021488	37000	194058895.761476	37000	183487366.777069	37000	185763198.559835	37000	188002299.215483	37000	187148557.004330	37000	190023113.379944	37000	190023120.390693	37000	190671235.095898
37500	181593595.501593	37500	190749566.251330	37500	192242745.817663	37500	194100436.094436	37500	184618911.998053	37500	186408532.058872	37500	187063849.816478	37500	187740586.097607	37500	189470210.527404	37500	188662345.713773	37500	191056584.836218
38000	182040152.633942	38000	190775767.200106	38000	192630806.457551	38000	193821492.368280	38000	184533168.008210	38000	185833692.672717	38000	186054369.266415	38000	187449283.850854	38000	189089596.558033	38000	190038744.927176	38000	190854220.428339
38500	181449561.479609	38500	191458220.778917	38500	191659093.286180	38500	194442008.648938	38500	183170121.422584	38500	185934078.210766	38500	186010013.585479	38500	187548462.577696	38500	188359882.395158	38500	188694516.684953	38500	190383993.664283
39000	182717365.629773	39000	191129916.720058	39000	192761988.513596	39000	193291950.035221	39000	184944211.563414	39000	186702419.194940	39000	187785186.696678	39000	187836741.856678	39000	188657824.561768	39000	189916829.275549	39000	189742413.942473
39500	182645901.518680	39500	191203125.382491	39500	192917810.212082	39500	193288235.729132	39500	184487808.158350	39500	185566296.755576	39500	186022480.338795	39500	187956911.226847	39500	188679098.380630	39500	189987789.305052	39500	191192992.262262
40000	181386500.755215	40000	190484773.590709	40000	193694146.188858	40000	193128687.978453	40000	184678084.086170	40000	186061328.082216	40000	186661025.639592	40000	188134189.171485	40000	189211603.615901	40000	189830503.206585	40000	190440435.700011
40500	182625678.872615	40500	191680199.961074	40500	193404276.840276	40500	193128569.795598	40500	184779982.530992	40500	187082592.742661	40500	187526356.388329	40500	187513446.739403	40500	189620940.405656	40500	189318134.277532	40500	189507668.430544
41000	182356853.889565	41000	191731679.287683	41000	191480368.225556	41000	194279425.234514	41000	184290282.969784	41000	186269330.253534	41000	186525227.353490	41000	187381883.625040	41000	189495649.652647	41000	190073387.097813	41000	189396807.647586
41500	183248345.062771	41500	190130005.054231	41500	192718848.535239	41500	193176313.298088	41500	182792945.972395	41500	186604517.429441	41500	186608964.652781	41500	187734269.004897	41500	188486193.827362	41500	188772171.672072	41500	189729532.311106
42000	182942511.094209	42000	192219879.717394	42000	192136324.205143	42000	194541284.052640	42000	184660832.586966	42000	186608454.502671	42000	187030266.909220	42000	187915610.692088	42000	188444980.513785	42000	189064428.469988	42000	190509482.751375
42500	183596329.167719	42500	190983002.969916	42500	192147686.308573	42500	193907391.402320	42500	184831255.554202	42500	185714824.259539	42500	188216339.759804	42500	187144604.797193	42500	189912679.070336	42500	189658021.455583	42500	190053456.428626
43000	182264193.360535	43000	190146119.624882	43000	192162004.085195	43000	193564457.255746	43000	185027977.789354	43000	185507917.648837	43000	187453108.288716	43000	188153700.991348	43000	189559929.648699	43000	190638959.963538	43000	191438987.826073
43500	182064526.386155	43500	191464648.765328	43500	192682022.574912	43500	193001880.220657	43500	184596914.491308	43500	187009121.106647	43500	187305938.508140	43500	188443164.056811	43500	188709208.269596	43500	189539238.934495	43500	188900288.163077
44000	182120458.668457	44000	191638882.703028	44000	191212597.774365	44000	194066573.655090	44000	184044831.635855	44000	186908692.244589	44000	186910093.699077	44000	187569947.551413	44000	188371167.892818	44000	188858058.508782	44000	190703039.272312
44500	181398164.839017	44500	191384593.684347	44500	191756357.827521	44500	192792624.545467	44500	184881692.059849	44500	185772768.045178	44500	187709445.374024	44500	188381002.702719	44500	188076496.431898	44500	189853127.616412	44500	190487633.926071
45000	181643953.595974	45000	189619287.778544	45000	192998101.313466	45000	192222524.614567	45000	185271175.475069	45000	185796046.828594	45000	186960855.973563	45000	188030354.261656	45000	189047337.648454	45000	189269440.693913	45000	189501374.500051
45500	181594459.742096	45500	190674860.802045	45500	192440079.167619	45500	193714480.336216	45500	184894200.031547	45500	185072914.404669	45500	186553868.716126	45500	189291300.089931	45500	187883206.051131	45500	190028180.759862	45500	191142207.393267
46000	182263987.273978	46000	191750638.879842	46000	193997308.189349	46000	193167846.455012	46000	183187730.906243	46000	184599005.437114	46000	186393874.104340	46000	188598412.171553	46000	188895344.989657	46000	189237137.764398	46000	191450431.736633
46500	181399031.093401	46500	191314797.984872	46500	191569747.399840	46500	193163995.949408	46500	182872442.840243	46500	184585338.689070	46500	186303692.120064	46500	188088534.151060	46500	188805651.900743	46500	190406824.515190	46500	189735015.832622
47000	181677166.329255	47000	192263495.439813	47000	193005116.452818	47000	194115693.223220	47000	184267164.234110	47000	186358996.952163	47000	188234576.570041	47000	187614754.236236	47000	190098326.018842	47000	189025238.553303	47000	190462878.721087
47500	181829179.306564	47500	190473617.009492	47500	191854144.917015	47500	193218565.256582	47500	184439104.970168	47500	184465210.945719	47500	186059396.764779	47500	188155166.950669	47500	186518591.053539	47500	189908614.481687	47500	188665590.910251
48000	182174363.527592	48000	190535150.540801	48000	193079123.968279	48000	193811460.449319	48000	183689180.032080	48000	185688212.833246	48000	187016350.729282	48000	187573814.601329	48000	187865137.019808	48000	188683950.449794	48000	190842622.704517
48500	183300633.960630	48500	192093518.284775	48500	191376015.660887	48500	194873040.715090	48500	183740752.855614	48500	186912920.869126	48500	186944334.635759	48500	188289973.754788	48500	188425850.055734	48500	188792779.682059	48500	189880595.698327
49000	182160276.406650	49000	190177091.161154	49000	192523064.790912	49000	193804149.824660	49000	183544781.171894	49000	186478065.324728	49000	186430948.316696	49000	187419821.629570	49000	188645420.263889	49000	189286625.302425	49000	189364994.932507
49500	182123543.326884	49500	190576997.112563	49500	191121316.482306	49500	193349791.945287	49500	184293874.866255	49500	185344338.614976	49500	187269482.450799	49500	187863298.571884	49500	189035075.043277	49500	189538610.437097	49500	190460602.793211
50000	182673736.180119	50000	191240330.541173	50000	190770840.636505	50000	193159595.482717	50000	184440674.589732	50000	185792648.174192	50000	186314730.930627	50000	188198428.391624	50000	189275630.361874	50000	190032238.315962	50000	189028110.216812
50500	181299024.253281	50500	191316173.166955	50500	193148371.508443	50500	191835117.877421	50500	184427007.646446	50500	184639606.672648	50500	186395090.671869	50500	187595599.671039	50500	187605328.357927	50500	189137764.420639	50500	190924197.456815
51000	182257601.138097	51000	191421457.226147	51000	193295670.504065	51000	193113987.407146	51000	183377935.842805	51000	186636843.675625	51000	186481900.866511	51000	187135972.452374	51000	189540395.863018	51000	189906624.622029	51000	190518459.529970
51500	182069491.599616	51500	190227516.209841	51500	193416099.827160	51500	193358922.327193	51500	184790450.046792	51500	185975041.589974	51500	187693983.355046	51500	188725308.114692	51500	188272559.200471	51500	189426084.514922	51500	191331949.030885
52000	181824656.244858	52000	191068191.108947	52000	193968473.116644	52000	194730169.194598	52000	185286399.750953	52000	185694122.060330	52000	187067088.457319	52000	188678614.797352	52000	189940341.831001	52000	189949398.817570	52000	189553992.133529
52500	181871425.325925	52500	190663713.387028	52500	192148152.136414	52500	193121241.738621	52500	183044104.672635	52500	185876785.204296	52500	186652432.606627	52500	187369099.444199	52500	188991736.885034	52500	188637839.427445	52500	190444447.289886
53000	181596685.436508	53000	190262827.841503	53000	192889014.184426	53000	194407097.590075	53000	183976631.690408	53000	187316314.205738	53000	187118445.593975	53000	188021165.573961	53000	188481198.132986	53000	190763884.507294	53000	190193615.901462
53500	181842522.939742	53500	191496760.798394	53500	192289527.083294	53500	194176313.506412	53500	183603998.678617	53500	185950288.955669	53500	186574635.781792	53500	187353235.760273	53500	188045770.843346	53500	188034315.783054	53500	190365248.576125
54000	182258907.824431	54000	191080772.006049	54000	192066673.193499	54000	194222895.379052	54000	184736715.867504	54000	184408446.030365	54000	186899893.896830	54000	187891108.133119	54000	188886502.033987	54000	189582622.688802	54000	190975103.798634
54500	183411195.234668	54500	189677410.343358	54500	192623081.667821	54500	194157461.565270	54500	184899202.471891	54500	185202283.804706	54500	186336395.188795	54500	187242459.917977	54500	187599947.264356	54500	189208329.517263	54500	189441984.247908
55000	183632775.334384	55000	190649035.456035	55000	191889324.923166	55000	193846506.094312	55000	182913499.649825	55000	185549197.107539	55000	187305561.480026	55000	188297546.772536	55000	188360533.484273	55000	189253494.404893	55000	190297677.087187
55500	181858424.435604	55500	189589941.678818	55500	191726628.110497	55500	193675857.695692	55500	184405428.223962	55500	186951301.884927	55500	188224082.603520	55500	188625144.151992	55500	187779265.036147	55500	190587835.764817	55500	190481675.469389
56000	181689385.685049	56000	191179843.968294	56000	192074223.916272	56000	193947689.889055	56000	184630180.793911	56000	186888125.962212	56000	187308319.688732	56000	187887322.069319	56000	188072716.850830	56000	189950109.181634	56000	190056575.292918
56500	181356783.318673	56500	192542331.461352	56500	192372824.533166	56500	193920772.494038	56500	184400994.906791	56500	186770472.407554	56500	187636383.090919	56500	186014469.385285	56500	188103392.479470	56500	190286553.867705	56500	189727298.707329
57000	181215865.108145	57000	191141982.862297	57000	192232327.997724	57000	193263338.919669	57000	184016251.871193	57000	186120389.067623	57000	186628150.764384	57000	188526802.538197	57000	188142548.784962	57000	189108768.918606	57000	188494857.305049
57500	181092379.333147	57500	191086734.607868	57500	191634916.806721	57500	193926773.288577	57500	184832176.921185	57500	186444619.660806	57500	186771643.368345	57500	188557366.554011	57500	188517624.473931	57500	190431469.296781	57500	189494807.906470
58000	181705097.885843	58000	190865695.586016	58000	192730054.503239	58000	194156590.635952	58000	183869281.135200	58000	186742840.134466	58000	186883855.540270	58000	189320960.697230	58000	188913432.863628	58000	190052184.046422	58000	189298305.762158
58500	181099346.145163	58500	190600004.158849	58500	192054692.604916	58500	193522493.293872	58500	185309814.641832	58500	185052479.558257	58500	187443976.704401	58500	187400707.421137	58500	188539126.894757	58500	189484662.526987	58500	190355985.494228
59000	180631189.173749	59000	189864842.071399	59000	192648357.348842	59000	193679517.375653	59000	183847975.124628	59000	186638518.055097	59000	188278367.781155	59000	187648116.946746	59000	188208885.311051	59000	188813988.060640	59000	189532493.025303
59500	182313694.400099	59500	190983462.722781	59500	192574731.432026	59500	194944935.438178	59500	184882313.443021	59500	185812257.131081	59500	186760906.490522	59500	188417058.886183	59500	189027423.452319	59500	189926999.918995	59500	190614185.418413
60000	182182867.315035	60000	191012578.498065	60000	191497152.082192	60000	193505696.055411	60000	185247015.416524	60000	185875205.569346	60000	187681169.499993	60000	188397152.136997	60000	187093764.309249	60000	190457015.661579	60000	188712493.463959
60500	182315680.644044	60500	190678270.861995	60500	192338856.359065	60500	194766947.838962	60500	185322975.296420	60500	185634928.686803	60500	187008700.594349	60500	187970662.731366	60500	188657830.192560	60500	188979105.079579	60500	190548947.799142
61000	181916520.516518	61000	191161762.923192	61000	192760958.939388	61000	192866850.478053	61000	183724361.985107	61000	186716111.141512	61000	185836940.268836	61000	189388606.814489	61000	189279062.801597	61000	190801409.915286	61000	189891731.508343
61500	181744111.738856	61500	191735779.375302	61500	193013714.679619	61500	193941332.619025	61500	184854370.623189	61500	185130563.348454	61500	187828567.662023	61500	187869386.075528	61500	188833651.168284	61500	189479643.128115	61500	191430704.213979
62000	182543625.542341	62000	189804535.551365	62000	191932773.002040	62000	194890451.284380	62000	184369141.529605	62000	185716791.740368	62000	187397719.343377	62000	188428019.176723	62000	188692459.283203	62000	189613955.004276	62000	190734275.836394
62500	181475894.208663	62500	191140458.132121	62500	192932656.286293	62500	193127856.259678	62500	183768828.442190	62500	186705554.483904	62500	187178397.194218	62500	187705444.856181	62500	188823870.615377	62500	189241422.499225	62500	190235918.636989
63000	182192717.338504	63000	190103471.328185	63000	191791880.698458	63000	195348072.133282	63000	184220906.321317	63000	185802071.274810	63000	187731043.920056	63000	188131809.515192	63000	188089140.284763	63000	190074042.261836	63000	190183543.542649
63500	180663693.830426	63500	190696877.498479	63500	191404308.906899	63500	194218465.974450	63500	184462750.061083	63500	185500430.939344	63500	187202848.610429	63500	188074059.527119	63500	189948875.034272	63500	188060129.911210	63500	190153369.793515
64000	181939420.566948	64000	190830152.732756	64000	192183922.639268	64000	194160725.448084	64000	184287973.680872	64000	186224964.416359	64000	186422331.558563	64000	187162740.181327	64000	189638213.042791	64000	189427484.433755	64000	190392282.605308
64500	182972262.134198	64500	190442123.776909	64500	193061956.067206	64500	194554420.541096	64500	184551563.097833	64500	186332037.975640	64500	188044116.937312	64500	187504828.612996	64500	189981259.624246	64500	189596242.701865	64500	190558769.914768
65000	181576910.781541	65000	190440660.616799	65000	192756210.829815	65000	194024974.577554	65000	183577556.981903	65000	187129481.214328	65000	186628515.686558	65000	188316295.821125	65000	190359958.591336	65000	190719177.043517	65000	190612248.388165
65500	182371661.646939	65500	190913473.915509	65500	191742269.198971	65500	194542144.361155	65500	183660788.116546	65500	185148532.017623	65500	186924995.612286	65500	189394391.451003	65500	188848971.774125	65500	188859458.013899	65500	190576213.400552
66000	181137878.702571	66000	190099630.763119	66000	191305189.435503	66000	193957508.967896	66000	184316748.761355	66000	184967185.700685	66000	187105083.159944	66000	188020096.389599	66000	187215568.747924	66000	188107430.950021	66000	189839316.989723
66500	181495431.573270	66500	190734410.734624	66500	192264355.306832	66500	194306601.227926	66500	184883492.827889	66500	186111908.075123	66500	188005523.195752	66500	187130303.371655	66500	189141684.913709	66500	189656671.115918	66500	189527610.958786
67000	182668891.013601	67000	191658316.898443	67000	191994978.204971	67000	194300423.908379	67000	185191979.015125	67000	186522806.002255	67000	188276411.552719	67000	188100144.041872	67000	189867960.542577	67000	189922568.221895	67000	189883226.243970
67500	182385567.916398	67500	191401968.053083	67500	193045680.274650	67500	193898833.403719	67500	184990483.243871	67500	185518608.146898	67500	188693261.862349	67500	189028445.584306	67500	189993800.381703	67500	189933510.420712	67500	190530923.390041
68000	182217182.193959	68000	188954884.083176	68000	192066091.206417	68000	194054049.638834	68000	183655209.507572	68000	186784659.132779	68000	187089008.818938	68000	187677707.905331	68000	189050470.627999	68000	189919961.110772	68000	190523541.679393
68500	182116805.114313	68500	190395399.607123	68500	191614796.101551	68500	194628050.695967	68500	183135137.698147	68500	185918774.829638	68500	186582462.857800	68500	187512104.696187	68500	187845055.384198	68500	189677921.145206	68500	190117473.714351
69000	181679125.092121	69000	191244185.760194	69000	192180852.901779	69000	194278061.711252	69000	183643929.877658	69000	187190672.643757	69000	187579359.463757	69000	187491522.422470	69000	189727718.217063	69000	188970838.952301	69000	191447723.907910
69500	181270982.759998	69500	191953241.011538	69500	192661561.323191	69500	194399336.318628	69500	184372949.865955	69500	185591392.268464	69500	186567788.762289	69500	187024991.191449	69500	188780011.724821	69500	189696099.060167	69500	190280877.452439
70000	182696529.553953	70000	191338475.773220	70000	192097279.984251	70000	193270379.938895	70000	183712905.061844	70000	186880800.365010	70000	186372122.746514	70000	187446132.560498	70000	189361548.375991	70000	188209989.649730	70000	189685802.091480
70500	180596333.405921	70500	191307014.677250	70500	192752044.066926	70500	193886584.043610	70500	185257171.313299	70500	184814906.715100	70500	186517136.252737	70500	188775641.399660	70500	188348247.313810	70500	188936735.877913	70500	191307042.341102
71000	181702217.695205	71000	190128722.404439	71000	192360215.020286	71000	193791716.036772	71000	184536410.527186	71000	185537351.719152	71000	187486162.297530	71000	187339654.910576	71000	188490657.152987	71000	190020686.783096	71000	190659873.877168
71500	182181774.030358	71500	191254184.478288	71500	192178081.695816	71500	193389585.172853	71500	184094890.370265	71500	187237923.153349	71500	186875422.831194	71500	188556228.867521	71500	189536922.706121	71500	189105729.623085	71500	189442187.397434
72000	182104017.918492	72000	191180060.726670	72000	192514210.947289	72000	193561907.494111	72000	184178884.879229	72000	185236513.130590	72000	186257945.726051	72000	187424854.546237	72000	188351462.116983	72000	190712934.672506	72000	191367365.761889
72500	181354926.163243	72500	190275475.879901	72500	191757332.060658	72500	194317987.393396	72500	184889545.789060	72500	185537515.838054	72500	186131235.008612	72500	188082616.008873	72500	187112161.147677	72500	188556896.316861	72500	190100456.074211
73000	183375011.393828	73000	191270895.896888	73000	193522884.937272	73000	193707417.448100	73000	184107422.050612	73000	185821260.173700	73000	186546105.455739	73000	187372967.651700	73000	188618734.743277	73000	188741577.296667	73000	190359597.100093
73500	181953716.853040	73500	190727545.814809	73500	191720875.989159	73500	194609433.265571	73500	183637645.842179	73500	185229580.453222	73500	186980691.024337	73500	187572005.618523	73500	188687784.432739	73500	188745214.472385	73500	191509144.310561
74000	181392141.923571	74000	191216584.716550	74000	192418767.596641	74000	193703502.954051	74000	182929931.617899	74000	185714680.130263	74000	187103190.435768	74000	187135885.667019	74000	188134896.855456	74000	189177584.337787	74000	189404730.165668
74500	182829741.936897	74500	190285540.947820	74500	192421995.614934	74500	194160564.573788	74500	184197847.223672	74500	185690108.871996	74500	186590516.473443	74500	188961503.101996	74500	187614384.899208	74500	190370687.611483	74500	190870363.622565
75000	182464893.773995	75000	191227945.153993	75000	192454400.080438	75000	194110607.045125	75000	183750977.505606	75000	185262584.767221	75000	186616855.522603	75000	187290055.162848	75000	188246731.744793	75000	189346259.756050	75000	190646518.439915
75500	181160014.946682	75500	190917938.149998	75500	193424438.463662	75500	193785093.302559	75500	184128321.331878	75500	186595145.719201	75500	187300534.993003	75500	188273431.818870	75500	188603115.354498	75500	189447698.696439	75500	190104120.648838
76000	182195238.682178	76000	192464242.631242	76000	192464932.051593	76000	195316176.862709	76000	182843171.005077	76000	184586190.557818	76000	186551194.503176	76000	187712973.017166	76000	187686354.726887	76000	189732921.294300	76000	191304277.192302
76500	181446008.362126	76500	191850753.739560	76500	192056882.168266	76500	193931175.690858	76500	183197658.636704	76500	186111541.063304	76500	187953036.741267	76500	187366657.768884	76500	189938019.527624	76500	188457568.730518	76500	190025588.953010
77000	182979129.628131	77000	189971918.859688	77000	191231760.463006	77000	193971820.739506	77000	183675421.536644	77000	187317725.617089	77000	186498479.746460	77000	187873759.331001	77000	188187083.516219	77000	189286971.256550	77000	190177565.918211
77500	182302043.346000	77500	189715023.163563	77500	191864441.588902	77500	195071261.946791	77500	185274809.512242	77500	186267063.915541	77500	186527723.847083	77500	186864264.479316	77500	188435619.167031	77500	188765638.259707	77500	189304483.530260
78000	180775012.940511	78000	190132649.838039	78000	192461689.853333	78000	193868313.581828	78000	183985674.746058	78000	185598257.494309	78000	186869640.780309	78000	187780472.416825	78000	188860621.637584	78000	188569752.656309	78000	191304662.762893
78500	182868410.606308	78500	192058346.878866	78500	192369860.542179	78500	192033356.490934	78500	184556002.599013	78500	186341717.239921	78500	186737404.703154	78500	187360351.858977	78500	188436533.159058	78500	189088603.427978	78500	190836683.301357
79000	181458849.818373	79000	191216458.011603	79000	191165693.940255	79000	193627720.091958	79000	184499597.956481	79000	185597500.192659	79000	186907276.497360	79000	188077000.377971	79000	189615376.539205	79000	190226927.051280	79000	189765098.136167
79500	181952591.003049	79500	190478777.020316	79500	193104955.847378	79500	194308846.066142	79500	184556778.335089	79500	185665938.558682	79500	186669287.687887	79500	188047100.614652	79500	189934258.934734	79500	189761628.914551	79500	189571839.952679
80000	183160117.692849	80000	191138275.613561	80000	193554606.864501	80000	193624688.539653	80000	183626435.444936	80000	185780497.256030	80000	186968604.410694	80000	188610180.102853	80000	189477023.031076	80000	188975393.072862	80000	190644809.971555
80500	181710452.243618	80500	190765118.502613	80500	192259510.251207	80500	194307293.981953	80500	184652065.933634	80500	186736910.645049	80500	186854690.352655	80500	186987678.269463	80500	188235014.591840	80500	189349380.260162	80500	191488718.333631
81000	181606828.762798	81000	190840254.166950	81000	192853107.926663	81000	193143162.953598	81000	184758654.785264	81000	185555753.970927	81000	187883189.497939	81000	188397488.657448	81000	189498364.883757	81000	189715080.310144	81000	190947211.688355
81500	181824289.851644	81500	191300763.134593	81500	192970397.383359	81500	193376614.792115	81500	184747121.172369	81500	185860836.882716	81500	187587743.876289	81500	188494208.380182	81500	189126277.851911	81500	190458832.124960	81500	190912325.023737
82000	181617156.751419	82000	189958471.172809	82000	191424579.899680	82000	193236910.939788	82000	183591413.686790	82000	185742017.283430	82000	188224851.253395	82000	187330715.258699	82000	189123885.975473	82000	189452081.280204	82000	190417374.908878
82500	182109560.011827	82500	191111192.742657	82500	191893392.174513	82500	193599535.180517	82500	183809940.823197	82500	186096019.939445	82500	186890626.257315	82500	186854603.863112	82500	189014659.172556	82500	190456647.703913	82500	189768454.852008
83000	182300442.850301	83000	191932092.964179	83000	191840947.623872	83000	193411103.049965	83000	184042371.688509	83000	187593200.073228	83000	187629410.708792	83000	188582584.551703	83000	188910330.194658	83000	189521455.118997	83000	190266329.883459
83500	182093560.781029	83500	190708237.095247	83500	192922843.573012	83500	193626695.616674	83500	184665437.898919	83500	185277072.551498	83500	187474168.619191	83500	187991231.017737	83500	188930209.103791	83500	189183866.473533	83500	190206756.677011
84000	180639210.409179	84000	191454393.430319	84000	193655974.414250	84000	193804104.078817	84000	184197190.124577	84000	186010386.263555	84000	187167258.606146	84000	188220498.543312	84000	187891120.685663	84000	189125875.409228	84000	190101972.548038
84500	182618760.366674	84500	190478493.365280	84500	192129698.833224	84500	193970140.795476	84500	184401633.374633	84500	185523017.912903	84500	186017483.573884	84500	189242674.238606	84500	188494504.148660	84500	189019019.116283	84500	190011004.162949
85000	183552125.608219	85000	192110799.447570	85000	192202552.910995	85000	193132583.846342	85000	183940644.147984	85000	186838157.383056	85000	187725078.298724	85000	188002363.920655	85000	188167682.056303	85000	190657021.167356	85000	189907512.577974
85500	182730422.845848	85500	191314543.018161	85500	192607215.907495	85500	192005908.262885	85500	183895424.989862	85500	186010927.006521	85500	187290223.187028	85500	187845562.350597	85500	188663804.218359	85500	188807468.611007	85500	189009712.748319
86000	181981992.416931	86000	191203686.860397	86000	192474980.430281	86000	194039638.488684	86000	184347027.484044	86000	186455377.999729	86000	187168046.784860	86000	189224165.879534	86000	188258396.201626	86000	188880702.429881	86000	190874229.584253
86500	181190262.672595	86500	190447158.051821	86500	191887088.330156	86500	194030857.571877	86500	183771116.188156	86500	185993305.742442	86500	187161785.643990	86500	188297449.403826	86500	189794732.076794	86500	189669108.228241	86500	189549476.755936
87000	181848540.015592	87000	191166032.386782	87000	191825847.968130	87000	194795979.843159	87000	182841792.849363	87000	185387756.557706	87000	187611071.765809	87000	188132781.373674	87000	188952770.615705	87000	188260423.693848	87000	189028516.980938
87500	181667157.889055	87500	191682020.714698	87500	193713151.410102	87500	193992254.159319	87500	185225144.542662	87500	185787484.566499	87500	187644814.226575	87500	188207897.664016	87500	188860265.735855	87500	189681514.944468	87500	190968396.690196
88000	183465050.129920	88000	191681117.372437	88000	193181323.851299	88000	194024094.466636	88000	184525449.425717	88000	186783342.221751	88000	186717445.308856	88000	187090299.840104	88000	189271470.242686	88000	190155271.178953	88000	189598437.676967
88500	183111674.629247	88500	189757230.610619	88500	192572743.767714	88500	193641005.641805	88500	184948395.043852	88500	186093415.220724	88500	187438678.925665	88500	188490765.435910	88500	189234316.925609	88500	188862079.509326	88500	190043627.821237
89000	182851646.793689	89000	189979717.811555	89000	191525773.504968	89000	194109389.513565	89000	182796546.909597	89000	185994644.463049	89000	185482203.477855	89000	188010865.706406	89000	188252018.586500	89000	188941280.036254	89000	188696763.650729
89500	181673036.468621	89500	189946834.895914	89500	192395559.712609	89500	193087228.917729	89500	185671893.514270	89500	186497342.752619	89500	188240025.721152	89500	187490138.970563	89500	188831070.441960	89500	190342927.030140	89500	190818544.580296
90000	181907345.222505	90000	191376492.913523	90000	192755998.761437	90000	194758019.385993	90000	185888432.983260	90000	185041574.213139	90000	187738169.399708	90000	188233863.162889	90000	188172692.341580	90000	189646454.751770	90000	189459001.417602
90500	181398553.121392	90500	191300051.323299	90500	192913069.351731	90500	193455911.595275	90500	184304374.734665	90500	185548351.600925	90500	187670860.965653	90500	187042394.557846	90500	188737195.513413	90500	189232963.465618	90500	190931018.471701
91000	181137311.342091	91000	190568903.486386	91000	192499938.679749	91000	194054094.096546	91000	184368636.993581	91000	186375116.602705	91000	187641101.083870	91000	188058052.441377	91000	187579125.491321	91000	189133479.121382	91000	190706791.212038
91500	182852829.422325	91500	191369900.866756	91500	192473311.543410	91500	193923502.367303	91500	184480553.242269	91500	185947737.122142	91500	187061292.786147	91500	187833991.849203	91500	187428512.098609	91500	189852809.571594	91500	190997125.593706
92000	181477054.153420	92000	191545276.853336	92000	192976881.629426	92000	193433746.000731	92000	184063084.333924	92000	185215078.038126	92000	187940135.679532	92000	187696448.535083	92000	190500680.116280	92000	189708862.585445	92000	190766457.112126
92500	182540575.268366	92500	191530399.536799	92500	192545055.737190	92500	194253400.688797	92500	184214526.192277	92500	185372755.203887	92500	186519817.971256	92500	188002198.681018	92500	188755889.898607	92500	190702219.377059	92500	190613527.419255
93000	182475243.501382	93000	191297658.741487	93000	192616850.188567	93000	193865838.046379	93000	184485354.310779	93000	185601592.144768	93000	187112102.264593	93000	187394155.760046	93000	187877889.449433	93000	190175665.996418	93000	190760468.219456
93500	182098294.573087	93500	190743597.806153	93500	192062678.795525	93500	193527975.715424	93500	184271078.147984	93500	185646277.087660	93500	186094710.843564	93500	187747731.320575	93500	189005511.303042	93500	189564192.837841	93500	190181583.088801
94000	181953530.839140	94000	190130736.727018	94000	192619129.825622	94000	192480482.670029	94000	184093344.934274	94000	185760846.099763	94000	186207936.509209	94000	188545830.357692	94000	189516394.167640	94000	189725095.731983	94000	191135456.664913
94500	182316891.678358	94500	191368337.694183	94500	193277873.606383	94500	194920858.522024	94500	184319946.103535	94500	185812925.310537	94500	186794167.860771	94500	188148289.694552	94500	188438445.086281	94500	190353550.597737	94500	190497614.847119
95000	182878271.618152	95000	190781886.378083	95000	192215043.268917	95000	192725233.589862	95000	183739664.510015	95000	184851969.007190	95000	187066235.265518	95000	186864536.662207	95000	189110697.203059	95000	189356082.161153	95000	190713054.092854
95500	182579304.465080	95500	190491344.304421	95500	191239079.770245	95500	193270221.693458	95500	184345628.417178	95500	185404583.541420	95500	187479461.590382	95500	187757429.426055	95500	188450871.462908	95500	189805492.421964	95500	191074346.122251
96000	182745676.740212	96000	192029204.753366	96000	192526138.721602	96000	195536781.369289	96000	184570752.212492	96000	185807353.011588	96000	186721291.113202	96000	189204350.122806	96000	188145806.032051	96000	188950166.745211	96000	189983719.495413
96500	181268521.451869	96500	190447595.908315	96500	192623820.713990	96500	193202199.090698	96500	183235490.497471	96500	184629991.914979	96500	187062160.582359	96500	187435035.392661	96500	188727264.778381	96500	189516707.721453	96500	190304663.454895
97000	181068573.995047	97000	190601383.982578	97000	192175670.474813	97000	193751404.702546	97000	184153048.503254	97000	185861151.243334	97000	187502138.960417	97000	187912975.142541	97000	188895883.788366	97000	189526091.707009	97000	189833340.467795
97500	182712428.565302	97500	193065169.117587	97500	192297811.228458	97500	194316158.953091	97500	184268145.307142	97500	186228737.300623	97500	186890661.649710	97500	187973843.406907	97500	188415575.141653	97500	189662025.598491	97500	190783435.703475
98000	181764922.892422	98000	191307173.921848	98000	191674238.141190	98000	193049752.791055	98000	184938201.532484	98000	185487418.763195	98000	186154044.998028	98000	187731586.024126	98000	188072486.226220	98000	188740082.579863	98000	190418126.842157
98500	182776506.502277	98500	192197784.983636	98500	191636672.075826	98500	194767470.909467	98500	183973583.253421	98500	186778276.906350	98500	186962680.292657	98500	187673669.352115	98500	187882850.188214	98500	189106075.557320	98500	190421850.796335
99000	181241000.744217	99000	191648683.707399	99000	192465727.513609	99000	195377202.054582	99000	183815384.072833	99000	184937113.957902	99000	186797793.728249	99000	187036486.399361	99000	187559204.583606	99000	190770004.020451	99000	190576618.975496
99500	182573469.440134	99500	191129860.447363	99500	192678877.577917	99500	194429978.664627	99500	183740205.205370	99500	186573232.163374	99500	187181416.658769	99500	188171835.166164	99500	189904997.567120	99500	190086316.476406	99500	190813978.007201
100000	181630582.110906	100000	190811530.650089	100000	191956460.392531	100000	193786232.158337	100000	183784758.158445	100000	186078612.298229	100000	186901384.910901	100000	189138202.121500	100000	188563521.068374	100000	189441725.008002	100000	190593873.426210
