#	SIM_20_0.05_0		#	SIM_20_0.05_-10		#	SIM_20_0.05_-12		#	SIM_20_0.05_-15		#	SIM_20_0.05_-2		#	SIM_20_0.05_-4		#	SIM_20_0.05_-5		#	SIM_20_0.05_-6		#	SIM_20_0.05_-7		#	SIM_20_0.05_-8		#	SIM_20_0.05_-9	
1	181309120.957693	1	194679229.486065	1	195896513.670669	1	197927871.338741	1	183200282.940526	1	186041452.033474	1	188266619.085114	1	189061296.805930	1	189694383.702860	1	192621685.628798	1	192944318.111380
500	180575303.857915	500	193317948.390241	500	193949966.198906	500	196999568.564346	500	182842175.346341	500	186361331.078006	500	187666532.411464	500	188936402.682347	500	189871800.608968	500	191673138.078673	500	193582552.986979
1000	180454901.390083	1000	193706489.472409	1000	195223486.003672	1000	196864048.504857	1000	183010500.464171	1000	186284570.108995	1000	188011834.122073	1000	189240942.607846	1000	190996119.135606	1000	191716077.443581	1000	192601043.833435
1500	179933619.100029	1500	194065010.947849	1500	194498860.838902	1500	196510178.674912	1500	182929608.080060	1500	186210814.245822	1500	187277630.189045	1500	188873847.485156	1500	190029367.343685	1500	191294070.095136	1500	192750542.602025
2000	180483850.035412	2000	193400774.350689	2000	194783088.846920	2000	197205007.392015	2000	184284974.325786	2000	187698127.040727	2000	186578363.672750	2000	188172419.429648	2000	190033106.308467	2000	190531338.146480	2000	192655230.635094
2500	180116137.511299	2500	193100092.993012	2500	194448420.696505	2500	196428816.761494	2500	182586957.539242	2500	186657740.523352	2500	188166375.082253	2500	189675355.038564	2500	189826320.248023	2500	190304454.331495	2500	191324088.310574
3000	180274254.689607	3000	193930723.985962	3000	194347103.654647	3000	197142715.421188	3000	183776161.385810	3000	186062210.818746	3000	187671872.718241	3000	188791709.027655	3000	190357887.430107	3000	191963711.921970	3000	192325129.192644
3500	180709647.385060	3500	193429417.165593	3500	195131590.943483	3500	196105746.322644	3500	184395265.876778	3500	187145744.893388	3500	187145351.534840	3500	188879145.805947	3500	190020751.301088	3500	191100658.257976	3500	192642076.402929
4000	180928252.831434	4000	193840086.073825	4000	196931698.150708	4000	197415552.918309	4000	182897707.630469	4000	186043040.431748	4000	187603887.755395	4000	189738601.864996	4000	189870288.783122	4000	191464941.125605	4000	193154044.617831
4500	179910591.215940	4500	193180637.248596	4500	196451576.742007	4500	197352402.187101	4500	183500662.996786	4500	186606524.695490	4500	187186142.219940	4500	188602125.969739	4500	190166540.428150	4500	191480967.840323	4500	192138895.762816
5000	180263474.652790	5000	193865924.130177	5000	194773251.893713	5000	197105830.032490	5000	183561494.224301	5000	186734935.291922	5000	187656407.736036	5000	188356456.056314	5000	190705392.937663	5000	191275827.934889	5000	193277818.850944
5500	180802967.666196	5500	193731812.520981	5500	195014326.027032	5500	196860975.278289	5500	184034141.187626	5500	185858291.430967	5500	188424777.594505	5500	188584047.781400	5500	189797005.200417	5500	191093776.743121	5500	192020118.655012
6000	179939824.177111	6000	194370724.953341	6000	195350055.323364	6000	198001058.296964	6000	184617037.704736	6000	186989777.350256	6000	188411380.102430	6000	188728683.835877	6000	190904947.933312	6000	191053479.779131	6000	192888173.078852
6500	179838359.010278	6500	193445464.757801	6500	195155695.237882	6500	196776984.090877	6500	182910343.168926	6500	186790811.580113	6500	187872040.730262	6500	187981582.241938	6500	191118604.256682	6500	191292562.484761	6500	192708967.026295
7000	180087498.451388	7000	193758897.122504	7000	194765387.779714	7000	196873131.440750	7000	183373671.586968	7000	187170105.284129	7000	187052843.790312	7000	189903336.889387	7000	190501884.772747	7000	192115896.882685	7000	191953660.974240
7500	180432334.492255	7500	192750399.072046	7500	194642354.589281	7500	197304870.840009	7500	183861092.672642	7500	187204904.082492	7500	187758830.024177	7500	188856632.640051	7500	189825290.628719	7500	191325441.394377	7500	192114750.649784
8000	180425846.376679	8000	193721604.951046	8000	194928097.650259	8000	196986094.043431	8000	182669245.047857	8000	187433501.392736	8000	187150911.607302	8000	188036283.895854	8000	190344521.793440	8000	191650452.867951	8000	191618044.309731
8500	180626555.957347	8500	193150340.525892	8500	195199869.146393	8500	197499270.307645	8500	183520937.824779	8500	186411685.371807	8500	188783429.196334	8500	189281828.388469	8500	190857712.981958	8500	191518080.052244	8500	191981387.385861
9000	180798811.972948	9000	193309856.480224	9000	195583816.624077	9000	196642023.373888	9000	182776419.338572	9000	186629044.432927	9000	187177902.221233	9000	189068314.376003	9000	190061208.342666	9000	192717623.021277	9000	192851494.566096
9500	181236201.804498	9500	193770929.752573	9500	194542987.372257	9500	197110294.550110	9500	182763232.193401	9500	187148289.684607	9500	186858155.962722	9500	188911519.397894	9500	189854371.693533	9500	191325792.408179	9500	192447426.384626
10000	180243771.456102	10000	193897896.437775	10000	194658603.280153	10000	197914463.488937	10000	184027757.294441	10000	186368553.434654	10000	187239668.927506	10000	188932150.538900	10000	190594663.904238	10000	191288071.995100	10000	191508226.784067
10500	180604522.543880	10500	193833393.134554	10500	195750904.725339	10500	197163410.741691	10500	183753258.946813	10500	187440317.549018	10500	187523764.720331	10500	189434499.770302	10500	190085494.406736	10500	190738329.770383	10500	191968566.030604
11000	180322718.907954	11000	193333346.518236	11000	195550309.907288	11000	198077464.942902	11000	183934669.248300	11000	185097744.022447	11000	187558529.188336	11000	189495189.696575	11000	190674178.534332	11000	191412589.963619	11000	193340122.437383
11500	179851421.498712	11500	193753843.183045	11500	193955964.779095	11500	197805320.932601	11500	184506313.534883	11500	185936403.865038	11500	188878661.352261	11500	189834675.749000	11500	191212846.194753	11500	191000273.974047	11500	192490485.536470
12000	180270036.479909	12000	194112984.423002	12000	195184379.632386	12000	197416515.426336	12000	183304985.790263	12000	186539832.686410	12000	187013670.148095	12000	188129160.591412	12000	190082020.259612	12000	191778799.223497	12000	191795379.590339
12500	180006105.694505	12500	194051047.736000	12500	195438409.341851	12500	197250301.337244	12500	183768389.733299	12500	186026592.415566	12500	188693760.940564	12500	188799508.276517	12500	189551819.016711	12500	190576625.117322	12500	192837759.803448
13000	181330641.552685	13000	193323644.631691	13000	195454390.825974	13000	197642710.115070	13000	185096678.866729	13000	185960758.147623	13000	188380500.059995	13000	190075974.515984	13000	190231915.144606	13000	190719568.140150	13000	192605539.920266
13500	180291565.315895	13500	193578354.718791	13500	195417076.755732	13500	197174539.971083	13500	184164839.552440	13500	186398035.505033	13500	188426532.364282	13500	188753353.306406	13500	190856407.581791	13500	190796002.149882	13500	192082949.151639
14000	178809674.929499	14000	193211782.639709	14000	195917338.878722	14000	197763501.564476	14000	184008519.599417	14000	186426873.237970	14000	188252956.569266	14000	188986248.748083	14000	190112948.618768	14000	191650683.448342	14000	191927298.036923
14500	180338240.975828	14500	193108305.549832	14500	195803865.490448	14500	197628282.172351	14500	184725887.740624	14500	186960373.184205	14500	187934302.395150	14500	189064954.213248	14500	189884414.391116	14500	191804405.239706	14500	192717357.890026
15000	180450132.982175	15000	193096895.058322	15000	195891276.204307	15000	197705565.025594	15000	184371203.617718	15000	186830036.570926	15000	187439861.365336	15000	189246842.544208	15000	190259543.449664	15000	190863294.635001	15000	192263695.347728
15500	180108058.850566	15500	193417428.442437	15500	195222081.383677	15500	198554570.136597	15500	184457079.360337	15500	186665952.894021	15500	188252342.222650	15500	188932920.799271	15500	190224479.487352	15500	191173704.029376	15500	192704547.716209
16000	179699076.747235	16000	192908497.192810	16000	195377518.004684	16000	197725142.806283	16000	183284906.245695	16000	186940566.674378	16000	187569447.515488	16000	188223338.182219	16000	190434111.163808	16000	191709289.424060	16000	192576147.279479
16500	180088421.014643	16500	193997898.606406	16500	195400994.662958	16500	198054116.079438	16500	183565985.960127	16500	186456404.193630	16500	187739589.014849	16500	189335010.757396	16500	189993420.560187	16500	191086925.681044	16500	193510886.866615
17000	179375990.426194	17000	192550514.619828	17000	194777294.715702	17000	197006446.993901	17000	184523096.830456	17000	186687419.770952	17000	187547991.104832	17000	189309653.436513	17000	190649630.971814	17000	193107802.965042	17000	192379023.707098
17500	180065975.700312	17500	193626185.435475	17500	195958251.448928	17500	197393248.565862	17500	183451853.482759	17500	186296166.213324	17500	187218946.944133	17500	189309638.589679	17500	190235850.936564	17500	191017296.995357	17500	191620524.347876
18000	180984756.968890	18000	192864598.310239	18000	194962027.855131	18000	197723674.887992	18000	183860663.600494	18000	187196398.638866	18000	187276273.954864	18000	189488229.721761	18000	191375472.767552	18000	191724539.630846	18000	192613534.788743
18500	180798165.679973	18500	193540697.914790	18500	195416441.542780	18500	198132121.526023	18500	183853595.899912	18500	186317256.851790	18500	187958754.906478	18500	189477832.265738	18500	190163278.067983	18500	191425473.218668	18500	192639741.729314
19000	180073081.964645	19000	193577141.743867	19000	195275987.236580	19000	196861168.811845	19000	184264768.695951	19000	186573162.615305	19000	187918888.087312	19000	188732236.131508	19000	190021561.536338	19000	190144025.456855	19000	193127757.949081
19500	179885005.256840	19500	193716205.739016	19500	195348985.243098	19500	197070920.455284	19500	183748825.510596	19500	187151007.769201	19500	188287953.289003	19500	188697050.577418	19500	190981639.626125	19500	190835781.247733	19500	192555283.916503
20000	180574992.018383	20000	194239690.080738	20000	195870619.608867	20000	197040834.723272	20000	183998623.494641	20000	186287019.133412	20000	187603058.131975	20000	188308534.765093	20000	191139138.876241	20000	191704914.799268	20000	192091678.702902
20500	180561344.831236	20500	193795371.965759	20500	195107950.127153	20500	196553898.147260	20500	182896232.094658	20500	185583730.778655	20500	186490937.750933	20500	189885681.372631	20500	190008366.618780	20500	191649778.883603	20500	193511747.130176
21000	180820444.042429	21000	193936329.197404	21000	194892369.097999	21000	198391251.848232	21000	182849881.976433	21000	186828223.007453	21000	187590987.373258	21000	188482578.933013	21000	189994029.254141	21000	190782096.378800	21000	191460091.991772
21500	180625613.977256	21500	193948412.343627	21500	195839869.334643	21500	197545900.340889	21500	182383043.493172	21500	186772402.725130	21500	187919465.949496	21500	189385595.322209	21500	189412606.048489	21500	191404096.519563	21500	191707390.823604
22000	179937872.378670	22000	192342037.901170	22000	194927676.607458	22000	197620105.275426	22000	184233068.648463	22000	187460642.617053	22000	186959264.266129	22000	190099248.976871	22000	190973470.151997	22000	190643711.961242	22000	192419544.412000
22500	180712159.456854	22500	193128009.662532	22500	194285737.798509	22500	197583015.413335	22500	183287411.401633	22500	187927551.907695	22500	187261181.656262	22500	188622455.919525	22500	190146558.403182	22500	191529328.737392	22500	191139059.797549
23000	179568278.244002	23000	192208257.941097	23000	195110139.082352	23000	197125187.407529	23000	183945562.021213	23000	187173955.748048	23000	186851248.137927	23000	189222027.264413	23000	190060546.648682	23000	191944270.288684	23000	192339736.523020
23500	179692015.125472	23500	193852045.444731	23500	196070728.116574	23500	196773302.919333	23500	183860794.825191	23500	187225180.189882	23500	187709539.621010	23500	188357434.306521	23500	190577749.650006	23500	192174087.178546	23500	192697052.140737
24000	180769049.408509	24000	193203505.285665	24000	194525954.674096	24000	196416801.804775	24000	183175274.080711	24000	186005959.879767	24000	186971841.946236	24000	190035822.795779	24000	190412238.539704	24000	191201455.641720	24000	192530604.178741
24500	180384347.101231	24500	191878222.988723	24500	195679406.465786	24500	197266046.430339	24500	183605347.889444	24500	185999234.182081	24500	187682092.304721	24500	188864710.689037	24500	189429221.274243	24500	191185310.876561	24500	192874035.020818
25000	180330362.259137	25000	193516409.649874	25000	194321588.922855	25000	196602856.722072	25000	183985745.749016	25000	186570638.286558	25000	188499377.244331	25000	188935962.957475	25000	189673996.606005	25000	192209838.271938	25000	192493824.323605
25500	180812868.128402	25500	193392926.425101	25500	195198438.959380	25500	196911109.269755	25500	184213764.822905	25500	186334964.390340	25500	187424731.598484	25500	189620726.912129	25500	188877597.347064	25500	191696453.917845	25500	193752825.044327
26000	180850209.422833	26000	193627428.842946	26000	195396331.937465	26000	196614242.757313	26000	183898542.963602	26000	186841956.709570	26000	187384761.091068	26000	188989613.317306	26000	190074283.759512	26000	191829373.408300	26000	192254172.624547
26500	180237774.892925	26500	193085685.333204	26500	195429315.180203	26500	196844083.679590	26500	183276833.830929	26500	186244925.626994	26500	188008691.717918	26500	189527296.486627	26500	189859329.974650	26500	190521742.286164	26500	193423254.880479
27000	180270838.694020	27000	193857890.500646	27000	195646576.223274	27000	197294944.618042	27000	184409943.452140	27000	187093315.169507	27000	187677701.032069	27000	188448509.080241	27000	190907464.367116	27000	191662012.540973	27000	193206602.701072
27500	180069320.815086	27500	193774924.912388	27500	195429128.069847	27500	197074642.545630	27500	183801532.436568	27500	186622700.252410	27500	187865970.302443	27500	188782094.903874	27500	190239120.905052	27500	191977896.744298	27500	192247929.849727
28000	180116434.543919	28000	194503319.481017	28000	195616368.073309	28000	197068379.915699	28000	182834830.567386	28000	185867792.036423	28000	187353941.244144	28000	188393369.400234	28000	190604682.378896	28000	191440150.335791	28000	192897942.302904
28500	179293142.881925	28500	193482995.510536	28500	196057152.887682	28500	196784680.414170	28500	183051560.285093	28500	185953561.420634	28500	187843551.135898	28500	190009858.209890	28500	190022419.688095	28500	190638532.777311	28500	192423820.853361
29000	181248149.830505	29000	192744596.059534	29000	195057552.639094	29000	197816206.641500	29000	183641556.562791	29000	186259393.727628	29000	187103875.779929	29000	189181485.944477	29000	190591284.825869	29000	190520366.813545	29000	192618971.173194
29500	180223222.229769	29500	193782983.178503	29500	195667007.984776	29500	196358856.006571	29500	184082902.381753	29500	185924955.057850	29500	187357601.352530	29500	189404670.175351	29500	189932926.561031	29500	191211370.532643	29500	192756710.606122
30000	180407282.046597	30000	194239972.069770	30000	195229565.469847	30000	196283137.958003	30000	183185753.067028	30000	185829562.694783	30000	187569492.873851	30000	189224955.492569	30000	190065555.757907	30000	191415449.527891	30000	191415109.961608
30500	180937783.728364	30500	192023920.343970	30500	195843652.010283	30500	196853399.418780	30500	182748414.617585	30500	186786471.296060	30500	188324043.711311	30500	189231597.914750	30500	189762228.842927	30500	191330961.875722	30500	192369848.993282
31000	180812225.323411	31000	193708456.943033	31000	195213525.425720	31000	197155608.771871	31000	184010557.517788	31000	185861396.155044	31000	187861246.758104	31000	189075606.248397	31000	190010008.314346	31000	191499933.563756	31000	192164142.735852
31500	180671832.166023	31500	193347130.198073	31500	195500035.858510	31500	196584879.419278	31500	183686019.755544	31500	185483917.811937	31500	187369037.150669	31500	189070624.570020	31500	190589980.734081	31500	192551289.472255	31500	193281297.059200
32000	180766795.618826	32000	193279616.946344	32000	195739514.553009	32000	196538160.002993	32000	182943532.860100	32000	186559960.012588	32000	187380718.936267	32000	188518483.079397	32000	190080226.406470	32000	190236059.234310	32000	192724716.965435
32500	179982805.234934	32500	193730725.201878	32500	196045255.139483	32500	196367346.591406	32500	183706823.030903	32500	185708676.707510	32500	187153691.047033	32500	189062161.347282	32500	189199562.097191	32500	191140392.409580	32500	192669207.141299
33000	180379088.355891	33000	193078202.150212	33000	195877821.449185	33000	196608154.469148	33000	183351975.475641	33000	185775002.566618	33000	188587721.640153	33000	189297095.757230	33000	189935020.273713	33000	190915390.837674	33000	191268354.118498
33500	180136985.301182	33500	193620325.306643	33500	195050075.978518	33500	196277764.961173	33500	184814132.326876	33500	186937182.313091	33500	188513366.929574	33500	189441912.509945	33500	190073286.239074	33500	192097004.008291	33500	193031774.999163
34000	180742761.224448	34000	194511850.114053	34000	195081674.526332	34000	197228244.138618	34000	183760218.009081	34000	186429556.969550	34000	187696000.518002	34000	189214050.614924	34000	189279573.808400	34000	189807494.835508	34000	191952946.421609
34500	179578290.731254	34500	192570984.591636	34500	195223309.023824	34500	197052213.732852	34500	184169536.647730	34500	185536123.125115	34500	187461276.785400	34500	188401084.209253	34500	188721241.288354	34500	190531969.129902	34500	192651077.672687
35000	180346337.606774	35000	192547196.276408	35000	195201158.568590	35000	197285979.573178	35000	183032935.128234	35000	185986814.896816	35000	186775178.541152	35000	189674953.122550	35000	190152033.650348	35000	189733465.626769	35000	191640266.557802
35500	179658332.165309	35500	193417879.020914	35500	194744637.815831	35500	196220551.723722	35500	183510089.653433	35500	187385482.914535	35500	187780621.489933	35500	188826217.013875	35500	191211020.434099	35500	192279598.439416	35500	193390463.890728
36000	180308544.027528	36000	192679863.922369	36000	195138850.199192	36000	196128086.587093	36000	183489570.358995	36000	187218485.559523	36000	187424801.201306	36000	188747372.901552	36000	189581507.315803	36000	191640137.052071	36000	192456562.038915
36500	180688886.001290	36500	193688004.948730	36500	195991987.733421	36500	197715288.889706	36500	184659835.703309	36500	186531416.428926	36500	188698462.098128	36500	188694381.582445	36500	190098389.281137	36500	191373233.168807	36500	192606049.503968
37000	180716504.655967	37000	193850512.691460	37000	195649806.233478	37000	197294739.471844	37000	183685569.634502	37000	186513159.350089	37000	187778104.520669	37000	188926424.084081	37000	190917198.626469	37000	192554907.615950	37000	192163196.038095
37500	179740919.352495	37500	193364285.247967	37500	195831037.709494	37500	196689040.998875	37500	183396491.475939	37500	186165265.860652	37500	187078500.357712	37500	189381788.177943	37500	190384156.753321	37500	191244690.812932	37500	193233283.976970
38000	179982391.276731	38000	193027289.546918	38000	195266819.420523	38000	197482065.176807	38000	182779258.380153	38000	186181835.272265	38000	187596726.871498	38000	189010042.442376	38000	190878540.723242	38000	190924377.168097	38000	191882246.737767
38500	179610000.793238	38500	192668621.608164	38500	194538524.918651	38500	196626706.117835	38500	183091624.705387	38500	187151998.190528	38500	187619962.013713	38500	188620484.001763	38500	188925161.687791	38500	190743551.466686	38500	192512416.703828
39000	180736987.187254	39000	193446593.422348	39000	195202012.800799	39000	197288837.146276	39000	184003161.689532	39000	186798255.024348	39000	188366240.729306	39000	189253256.116743	39000	190259518.964202	39000	191760129.823544	39000	191198620.811307
39500	180974443.459006	39500	192775440.905784	39500	195989893.978379	39500	196813507.060753	39500	184178317.977350	39500	186100681.028078	39500	187797732.896834	39500	188978808.630259	39500	189992012.177940	39500	191921228.975566	39500	193548855.677968
40000	180126764.454046	40000	192979503.546506	40000	196330686.285690	40000	196710518.882276	40000	183437936.657740	40000	186302405.338791	40000	187628715.484854	40000	189090502.103464	40000	190557962.371435	40000	191506391.174944	40000	192040401.927648
40500	180257904.503962	40500	193315729.456762	40500	196319329.595199	40500	196501068.179727	40500	183427473.655687	40500	187123152.302345	40500	188082717.991804	40500	189153975.662812	40500	190723966.305673	40500	190876984.818434	40500	192267731.306775
41000	180531498.221559	41000	193994600.441069	41000	195398179.200301	41000	197635285.729257	41000	183877862.928712	41000	186850398.517706	41000	188221368.272028	41000	188568413.763846	41000	191322759.372071	41000	192123939.654172	41000	192477292.446560
41500	180530996.907946	41500	192180527.270957	41500	194651447.317745	41500	196444614.870813	41500	181982931.807354	41500	186530153.899507	41500	186621513.102815	41500	189213360.565630	41500	189218526.487643	41500	190275266.783128	41500	191629333.828091
42000	181240858.436647	42000	193975900.353539	42000	194113949.911945	42000	197621905.491037	42000	183180567.179873	42000	186981410.816166	42000	187573092.307222	42000	189844682.115917	42000	190133212.861545	42000	191107062.420057	42000	192715313.639826
42500	181546450.785603	42500	193890487.733286	42500	195424498.435583	42500	197624385.808376	42500	184000985.122903	42500	186371348.333557	42500	188474990.601383	42500	189120647.366246	42500	190821300.302801	42500	191936320.341721	42500	192498803.773723
43000	180188337.504624	43000	193222950.153149	43000	194656233.108895	43000	196512149.777687	43000	183172540.411653	43000	185842639.009415	43000	188122598.918637	43000	188889030.584212	43000	190488543.246199	43000	192372200.882133	43000	193268256.228916
43500	179886228.947974	43500	193883986.739246	43500	195347241.322894	43500	197116954.786490	43500	183681214.718983	43500	187323471.862378	43500	188179530.030699	43500	189018629.623769	43500	189876987.345665	43500	191351498.125493	43500	191676607.472494
44000	180286308.055563	44000	194200343.917214	44000	194601343.831080	44000	197437011.303220	44000	183297425.874899	44000	187267015.483785	44000	188048037.639387	44000	189040157.487006	44000	189417923.634151	44000	190585692.745285	44000	193326854.744085
44500	180868896.364279	44500	193825546.923721	44500	195277951.037661	44500	196898052.133316	44500	183933385.837354	44500	186601136.880124	44500	187970648.538751	44500	188657169.511336	44500	190599180.109252	44500	190746710.976786	44500	192501789.296005
45000	180482362.158510	45000	192405344.768539	45000	195951299.818938	45000	195753905.377258	45000	183980080.901186	45000	187008827.976077	45000	187858968.729352	45000	188542700.904099	45000	190526437.821501	45000	191322285.778251	45000	191947911.716971
45500	180657779.391302	45500	193649213.883973	45500	194281987.872504	45500	197054984.856272	45500	184261824.035369	45500	185881916.328082	45500	187518569.783954	45500	189485487.510927	45500	190404720.034697	45500	191953032.218863	45500	192347235.859248
46000	180066780.601994	46000	193398399.877659	46000	195939262.356421	46000	196743538.019418	46000	183124286.405214	46000	185718969.973703	46000	187126840.500800	46000	189990063.832766	46000	190010687.517988	46000	191369806.744837	46000	192676032.912128
46500	180594124.682040	46500	193578027.684015	46500	194338412.324260	46500	195983928.232951	46500	182821846.335633	46500	185943567.445787	46500	187564555.684826	46500	189636521.237942	46500	190047751.444460	46500	192099998.735068	46500	192574603.952611
47000	179384682.059590	47000	194093171.796106	47000	196033514.188134	47000	197662259.149531	47000	183200677.468774	47000	186550279.343637	47000	188141647.815458	47000	188982972.727932	47000	191407394.993423	47000	190818935.697995	47000	192219259.365099
47500	181130936.300819	47500	193537783.499347	47500	194949251.923114	47500	197242203.007034	47500	184283526.589421	47500	186822517.712231	47500	186930470.407082	47500	188691396.821017	47500	189432359.167623	47500	192434127.166008	47500	191005056.003692
48000	181522567.372249	48000	193702177.301548	48000	196197850.757829	48000	196782947.554685	48000	183408507.989478	48000	186380711.814217	48000	188144053.501025	48000	188350582.643731	48000	190422601.859088	48000	191449885.917271	48000	193063730.681861
48500	181271613.024485	48500	193336500.561688	48500	194752538.152181	48500	197292168.328514	48500	183505577.257101	48500	187044843.515703	48500	188016070.731697	48500	189056188.381825	48500	190071791.794992	48500	191870496.293699	48500	191966533.415924
49000	180567490.862662	49000	192912714.356059	49000	195041336.140417	49000	197540640.517812	49000	183397573.969342	49000	186390194.624274	49000	187322960.029437	49000	188593476.709560	49000	191000585.787052	49000	190842278.489330	49000	190982985.825785
49500	180230398.823334	49500	193260999.507072	49500	194776528.470028	49500	197542925.881553	49500	183644820.098418	49500	186801519.335366	49500	188612374.703766	49500	188552555.578216	49500	190453124.158772	49500	191706824.183432	49500	191545752.089720
50000	181811311.131767	50000	194049256.162550	50000	194162856.720633	50000	197028787.280418	50000	183484214.061864	50000	186416145.880555	50000	187623676.042183	50000	189553920.495875	50000	191314662.116150	50000	192159959.128705	50000	191916760.607578
50500	179764098.028607	50500	193735709.735077	50500	195903457.010379	50500	196214253.424090	50500	183541002.769357	50500	185796764.905784	50500	187711409.254375	50500	188664251.428603	50500	189963566.426211	50500	191469463.334135	50500	192589673.096574
51000	179988608.404925	51000	193676718.044846	51000	196429806.699589	51000	197185303.533186	51000	183529078.151196	51000	186823715.175329	51000	186812874.809243	51000	189146970.202307	51000	190365855.928764	51000	192073799.669307	51000	193217718.243143
51500	180406588.449071	51500	192958883.597650	51500	194780101.887614	51500	197640559.926200	51500	184021757.709899	51500	186150688.857543	51500	188592169.398844	51500	189022188.793311	51500	189923809.445784	51500	191146486.633624	51500	192732886.724401
52000	180243689.208695	52000	193083210.663811	52000	196136068.477895	52000	197412253.063569	52000	184058778.824521	52000	186011079.225038	52000	187974092.831901	52000	189358429.719195	52000	191327357.944468	52000	191850206.157768	52000	192035604.919816
52500	180211032.952718	52500	193232541.105785	52500	194902621.467509	52500	196404777.241323	52500	183364607.158412	52500	186835363.748457	52500	187210643.546211	52500	188912701.294157	52500	190131659.417957	52500	190349977.794415	52500	192481317.512821
53000	180782987.828564	53000	192728155.144495	53000	195955577.947867	53000	197512965.658146	53000	183301366.599293	53000	186901191.109228	53000	187773044.777375	53000	188934883.885094	53000	190621578.278607	53000	192300711.352125	53000	192282748.160634
53500	180393987.388560	53500	194119117.060520	53500	195222528.678537	53500	196700508.304784	53500	182972823.563557	53500	186339692.902702	53500	187391935.050141	53500	189627750.019157	53500	189672439.483010	53500	190823790.529510	53500	192802492.483449
54000	180424454.365861	54000	193071368.696846	54000	194857881.781739	54000	197872477.922753	54000	183677466.341361	54000	185423239.745401	54000	188333496.053879	54000	188366474.422271	54000	191262853.532107	54000	190986046.217877	54000	192767471.455447
54500	180628523.569330	54500	192274562.153554	54500	195825250.734208	54500	197076316.239819	54500	183907421.952514	54500	186439876.936019	54500	187291031.027388	54500	188935229.759167	54500	189180833.428380	54500	190865713.125230	54500	191788745.200063
55000	181383775.490410	55000	193189574.115500	55000	194589583.418870	55000	197074800.153968	55000	182758127.661000	55000	186305009.088241	55000	188085379.896862	55000	189165266.609740	55000	188968874.008949	55000	190706826.588135	55000	192727774.113865
55500	180774093.261612	55500	193504236.820911	55500	195000547.938679	55500	196904327.566477	55500	183373243.192741	55500	186577475.561130	55500	189099711.150858	55500	190275650.344747	55500	190261240.696077	55500	191593252.559191	55500	192403887.105797
56000	179959953.588634	56000	193174858.483521	56000	194584997.296396	56000	196878811.070601	56000	183710802.303027	56000	186692690.524583	56000	188088387.077207	56000	188680206.697989	56000	189746434.689389	56000	191805345.095613	56000	192418065.521367
56500	179578141.073403	56500	194669824.544028	56500	194253064.742682	56500	196954104.113628	56500	183997586.315625	56500	186759508.346208	56500	187465578.512879	56500	187603554.020735	56500	189891260.948585	56500	191942172.828191	56500	191687281.493158
57000	180141708.194064	57000	193524022.599664	57000	195073214.892060	57000	198114607.048411	57000	183920851.475526	57000	186562821.979099	57000	187844664.353786	57000	189336367.015158	57000	189562178.318727	57000	191650632.675628	57000	191426882.371106
57500	179873747.050285	57500	194577409.951223	57500	195169346.352438	57500	196698380.054477	57500	184080868.944542	57500	186577827.758263	57500	187593015.076585	57500	190341064.985858	57500	189927967.494940	57500	191644251.718570	57500	192377511.801654
58000	180454348.745685	58000	193863008.243296	58000	195318791.563780	58000	196824714.726830	58000	183652597.380762	58000	185882261.283610	58000	188340779.649001	58000	189261813.832795	58000	190143655.345942	58000	191370812.323402	58000	191638481.685165
58500	180006104.765770	58500	192575442.630406	58500	194381546.667190	58500	196179852.190213	58500	183842212.470321	58500	185823524.746219	58500	188123454.141357	58500	189051950.818482	58500	189915147.288636	58500	191352641.155383	58500	192599188.092423
59000	178921027.432592	59000	193264301.516164	59000	195271742.092999	59000	197917542.331875	59000	183775751.288989	59000	186631300.824887	59000	187866725.692691	59000	189139109.050993	59000	190742412.640041	59000	191429866.157725	59000	192194986.975056
59500	180882381.320458	59500	194133840.949618	59500	196482010.064595	59500	198304782.794352	59500	183533490.067901	59500	186020927.250554	59500	187232751.813771	59500	189068084.747167	59500	190515596.357285	59500	192242424.703058	59500	192781432.760290
60000	180280830.233037	60000	193033695.322387	60000	194746577.327654	60000	196521465.378133	60000	184172271.553232	60000	186156787.573501	60000	188469201.405002	60000	189306664.262049	60000	188828461.723519	60000	191601618.305326	60000	191287835.562977
60500	179691626.579503	60500	194234071.267951	60500	195094643.289466	60500	197881363.214025	60500	184558739.952114	60500	186055702.346889	60500	188454901.901873	60500	188948483.577401	60500	190180317.841470	60500	191582642.019503	60500	193217390.538190
61000	181183551.788831	61000	193891856.281742	61000	195030871.452966	61000	196897502.619912	61000	183564891.134298	61000	186934598.824196	61000	187622770.874412	61000	189837298.252322	61000	190621739.344257	61000	191902185.938155	61000	192545004.308700
61500	179538305.573342	61500	194056263.240143	61500	195617901.004004	61500	197679069.704160	61500	184261628.274910	61500	186066665.501744	61500	188131661.687413	61500	188915589.188233	61500	189845741.824292	61500	191034903.911163	61500	193316963.201701
62000	180953571.681246	62000	192681556.895844	62000	194615876.389828	62000	198631315.578950	62000	183682243.039429	62000	186551405.838921	62000	187928170.777499	62000	189245466.766032	62000	190339922.011014	62000	191494290.286809	62000	192370950.841761
62500	180317526.074578	62500	193123823.924937	62500	195880978.428079	62500	196574327.651414	62500	182656219.407223	62500	186994215.953777	62500	187945898.653350	62500	188566799.930299	62500	190151402.714653	62500	190690358.019316	62500	192270816.743205
63000	179946793.359713	63000	193034765.447090	63000	194901682.978599	63000	197882874.534169	63000	183401949.920430	63000	186785014.696935	63000	187671500.708535	63000	188276594.565185	63000	189466223.712561	63000	191182188.581959	63000	192808926.721759
63500	180090065.479113	63500	193362498.990028	63500	194779148.936102	63500	197314295.913413	63500	183700248.721512	63500	186251850.847513	63500	187959325.682308	63500	188359791.921049	63500	190601672.027715	63500	190510842.785511	63500	191888000.304538
64000	180175428.234654	64000	192720460.853982	64000	195028910.155586	64000	197262575.729039	64000	183726261.236034	64000	186821325.244124	64000	187236585.347936	64000	188535296.355328	64000	190080990.130916	64000	191275971.393008	64000	192574699.294503
64500	180888961.166328	64500	192265781.938914	64500	195509000.196600	64500	196784267.633691	64500	183220915.225687	64500	186860887.552742	64500	187258833.485001	64500	189382740.005175	64500	190493770.647661	64500	191472943.733125	64500	192196181.817377
65000	180522306.393929	65000	192694008.535267	65000	194693726.317183	65000	197823225.394313	65000	182700442.656797	65000	187030545.274868	65000	187893686.582416	65000	189130780.409650	65000	191287048.795501	65000	191190028.365697	65000	191881883.258044
65500	180662874.732216	65500	193281807.922190	65500	194200184.505056	65500	197369048.675113	65500	183462498.406197	65500	185883247.976229	65500	187312791.774834	65500	189614942.213562	65500	189749817.577921	65500	191041372.761121	65500	191922000.367392
66000	179667845.925424	66000	192949494.648709	66000	194722886.233919	66000	196867619.991732	66000	184325298.429411	66000	186410644.191602	66000	187857961.622061	66000	189008209.843399	66000	189346331.178844	66000	190811007.638913	66000	192542253.842520
66500	180266985.029499	66500	193621210.796564	66500	195573105.713521	66500	197775708.456338	66500	183307354.612560	66500	186785880.168439	66500	188522158.234942	66500	188298120.134898	66500	190468890.173158	66500	191404217.666845	66500	192912179.653703
67000	180415859.350134	67000	194146269.592445	67000	194625670.874170	67000	197733656.013241	67000	184676375.441846	67000	186516694.998880	67000	188722152.008414	67000	189418977.756244	67000	190385398.580293	67000	192709773.267526	67000	192613377.975714
67500	180408255.363843	67500	193194316.906201	67500	195729641.369652	67500	196968749.186643	67500	184145548.291916	67500	185976301.686253	67500	187926518.625514	67500	189616476.284755	67500	191246671.090719	67500	191169228.316411	67500	192961769.237488
68000	180731900.277643	68000	192806135.448346	68000	195314893.424590	68000	197502179.331919	68000	183914923.376188	68000	187080436.287804	68000	188634369.304306	68000	188900999.377991	68000	190145574.223012	68000	191968947.310448	68000	193063202.650157
68500	179820543.522341	68500	192505177.013933	68500	194657217.327180	68500	197596004.413808	68500	183523329.613147	68500	186532410.025139	68500	187331434.278820	68500	188843526.365391	68500	189496235.235291	68500	191825061.287895	68500	192438197.331099
69000	179912434.954608	69000	194314629.145992	69000	195108959.224207	69000	197564040.885751	69000	183636509.397947	69000	186889714.449384	69000	188419636.427368	69000	188575723.771856	69000	191297357.353205	69000	190782547.332827	69000	193344502.988792
69500	179149766.690404	69500	194458605.648758	69500	195113489.329650	69500	197922357.795552	69500	184067493.244974	69500	186051169.519233	69500	187967593.931295	69500	187820800.003780	69500	190788920.148251	69500	191385417.812584	69500	192361483.542019
70000	180878937.165306	70000	194415169.097814	70000	194765785.513880	70000	196502240.405985	70000	183459057.882185	70000	186943977.619498	70000	187491127.327692	70000	188076229.035759	70000	190038550.613631	70000	191184318.421657	70000	191699093.054193
70500	179666625.527781	70500	193332245.386639	70500	194279850.192724	70500	197712161.125372	70500	184868531.643415	70500	184437008.245327	70500	187440416.839649	70500	190068628.432508	70500	190080936.861190	70500	191243996.150155	70500	192659530.339089
71000	179886962.278812	71000	192489294.241603	71000	195811541.419795	71000	197269944.226522	71000	184089143.262760	71000	186282672.074127	71000	188156797.895212	71000	188868836.500575	71000	190084610.720871	71000	192153880.145862	71000	192708062.767788
71500	179837891.191871	71500	192832452.565978	71500	194986029.274058	71500	196766923.667979	71500	182343230.088733	71500	187113288.745145	71500	187954166.136053	71500	189278213.177818	71500	189526973.038092	71500	190895943.029634	71500	192536654.952531
72000	180991860.111348	72000	193958299.461527	72000	195420025.002099	72000	196663344.894913	72000	183475222.363005	72000	186174449.925913	72000	187185092.975006	72000	189430619.744648	72000	189680035.980491	72000	191911385.045711	72000	192524180.931234
72500	180115471.519307	72500	193140150.258188	72500	194900991.451203	72500	197337103.906390	72500	183895818.607193	72500	185896100.397100	72500	187272949.968929	72500	188277389.970775	72500	189919586.339945	72500	190540922.328310	72500	192106110.923599
73000	180940798.645604	73000	192764561.478514	73000	196278734.685452	73000	197316653.115322	73000	183676994.034185	73000	185693134.896532	73000	187718970.691994	73000	188474491.293309	73000	189923273.661249	73000	190846934.370842	73000	192469716.921921
73500	180813881.923870	73500	193432312.652316	73500	194901537.110494	73500	197243970.210420	73500	183144210.653078	73500	185624201.303625	73500	188798788.561284	73500	188269164.525641	73500	190535472.186481	73500	190619775.487209	73500	193416641.882939
74000	180538027.190486	74000	193409644.989336	74000	195148180.707479	74000	196497919.504456	74000	182586949.866268	74000	186390006.220196	74000	188140030.641088	74000	188089469.416772	74000	189671775.162540	74000	190998490.038080	74000	191632519.559456
74500	180992604.850860	74500	192544097.362470	74500	195507542.596961	74500	197518834.432950	74500	183861000.879348	74500	186001148.391523	74500	186788227.867303	74500	189795624.966146	74500	190182632.021677	74500	191567459.724005	74500	192390654.167673
75000	180395695.367536	75000	193397605.079064	75000	195345391.177108	75000	197196211.374381	75000	183063330.649724	75000	186019138.335112	75000	187306147.397216	75000	189138506.414747	75000	189534635.249401	75000	191177500.339352	75000	192320957.770050
75500	179388591.628428	75500	191851291.001508	75500	196159905.472522	75500	196618562.385274	75500	182901108.242326	75500	186489081.378170	75500	187895470.703043	75500	188971823.526689	75500	190011944.188230	75500	190811911.403307	75500	191945445.466639
76000	180745929.291564	76000	194477303.661405	76000	195315009.185102	76000	198156624.036672	76000	182970105.148425	76000	185784711.687439	76000	187783797.738690	76000	188919993.517837	76000	190100814.335432	76000	191632193.171590	76000	193027336.942744
76500	179642173.027808	76500	193735294.184384	76500	194616128.649096	76500	196662585.236747	76500	183125071.747417	76500	186240642.857733	76500	188772563.123549	76500	189006627.423226	76500	191284850.311358	76500	191220590.624445	76500	192115713.221026
77000	180303666.620450	77000	192257080.674137	77000	194997687.508135	77000	196715695.482069	77000	183559149.702773	77000	186571015.682107	77000	187186317.549104	77000	189301178.718473	77000	189976601.085723	77000	191073950.640525	77000	192545491.891647
77500	180902218.351931	77500	191843589.963132	77500	195576385.095245	77500	197639820.509541	77500	183826488.333402	77500	186218474.090309	77500	187392256.263743	77500	188867755.807588	77500	190512180.264861	77500	190534711.944522	77500	192180080.297357
78000	180127376.886700	78000	191953037.965096	78000	194736266.436380	78000	198239746.206245	78000	183689863.103563	78000	186605508.515164	78000	187642039.852167	78000	189052842.608013	78000	190007430.153777	78000	191507434.620285	78000	192828398.160542
78500	179891158.228863	78500	192900812.771302	78500	195715817.204182	78500	195893212.923330	78500	183400171.009236	78500	186548609.147636	78500	187393725.933006	78500	189159058.239418	78500	190229650.960927	78500	191037796.158204	78500	193128452.784463
79000	179628348.723584	79000	193138746.015209	79000	194173188.481371	79000	197010264.812756	79000	182474848.892329	79000	185466481.850315	79000	187321709.258408	79000	188889018.141598	79000	190226027.069900	79000	191553402.607025	79000	192102942.976385
79500	180466375.987937	79500	192584423.875401	79500	195591067.394689	79500	197265184.837196	79500	183823349.891810	79500	186646279.569525	79500	186974998.179475	79500	189096887.830060	79500	190935455.502115	79500	192200287.019805	79500	191947999.254780
80000	181419980.298551	80000	193965726.520441	80000	196131427.691641	80000	197001561.380790	80000	183174757.060215	80000	186741134.251682	80000	187947080.207114	80000	189634915.278810	80000	190257496.405900	80000	192094214.794197	80000	192918100.797317
80500	180788583.961514	80500	193603185.078784	80500	195544585.739075	80500	197097683.782602	80500	183934822.425443	80500	187015944.165222	80500	188200977.120662	80500	188169807.296052	80500	190166339.471273	80500	191374124.529723	80500	193511080.469445
81000	180213100.419525	81000	193495849.285619	81000	195602697.829805	81000	196996551.359622	81000	183380495.799040	81000	186144549.919694	81000	188123171.359416	81000	188656512.732852	81000	190169909.095336	81000	192275092.087558	81000	192837860.091694
81500	180232358.689937	81500	193441940.917319	81500	195569595.459876	81500	196161325.258262	81500	183319691.589009	81500	186654471.061663	81500	188078384.295263	81500	188950089.497298	81500	190631630.970130	81500	192026167.934274	81500	192815009.432280
82000	180038346.750607	82000	192707813.581483	82000	194954690.902661	82000	196266095.283176	82000	183224905.183355	82000	185952590.421329	82000	187930471.659972	82000	187985965.913502	82000	190343938.262568	82000	191803728.089699	82000	192197964.855924
82500	180463962.830581	82500	193828798.604325	82500	195613159.600478	82500	197388595.724198	82500	183621119.334228	82500	186550707.506319	82500	187333957.995911	82500	188868828.545698	82500	191025206.528481	82500	191835790.973262	82500	192351822.149367
83000	180266560.065648	83000	194334214.038017	83000	194074395.941058	83000	197345558.013013	83000	183851495.971370	83000	187020398.717985	83000	188131854.461755	83000	189570192.702403	83000	190680689.586419	83000	190974750.480919	83000	191977740.243678
83500	181248979.948566	83500	193350392.361169	83500	196671163.230567	83500	196674753.098588	83500	184133885.213536	83500	185966040.723144	83500	188225645.282008	83500	189331612.401554	83500	190480404.106532	83500	190939849.592379	83500	192479709.897765
84000	179399130.419635	84000	194261302.118940	84000	196826139.575220	84000	197648174.236748	84000	183301190.097346	84000	186366898.610143	84000	187775562.872009	84000	189086479.827521	84000	189496651.227565	84000	190187665.669099	84000	191931715.330192
84500	180764160.229869	84500	192831607.897599	84500	193973860.190375	84500	197698417.635025	84500	183670944.045653	84500	186034481.389919	84500	186646220.661980	84500	188780701.538282	84500	190632538.434948	84500	190793365.254962	84500	191938619.445293
85000	181197958.994101	85000	194709441.577380	85000	194787549.690299	85000	196693770.476125	85000	183671131.039691	85000	186359744.513359	85000	188374267.444841	85000	188370936.276077	85000	190316225.686026	85000	192825581.488010	85000	192027873.353056
85500	180892308.140987	85500	193749352.475593	85500	194958442.958158	85500	196130872.729381	85500	183123871.389008	85500	186541680.309466	85500	188147054.131179	85500	189574595.244674	85500	190856133.284287	85500	191682503.184366	85500	191722161.686109
86000	179968044.366825	86000	193361156.514867	86000	195135723.092464	86000	197062024.565151	86000	183748464.182445	86000	186311258.649425	86000	188148162.777140	86000	190181615.060381	86000	190045877.001382	86000	191206067.233707	86000	192524862.971423
86500	179346115.677741	86500	192880752.144503	86500	195186855.431438	86500	195832716.076904	86500	183740134.858209	86500	185817772.015651	86500	187960820.782868	86500	188990207.279729	86500	189981169.956396	86500	190532618.415782	86500	192255151.358455
87000	179823968.708344	87000	192967549.070307	87000	194958713.275783	87000	198060022.655346	87000	183257367.326039	87000	185577148.866673	87000	188092850.594334	87000	188920786.214717	87000	190206557.910580	87000	190212951.374797	87000	191476528.542859
87500	180337960.206606	87500	193909663.854240	87500	195142815.809544	87500	197379725.359173	87500	184669779.579901	87500	185893966.902857	87500	188188230.946566	87500	189251685.630517	87500	190098370.961784	87500	191537326.535581	87500	192704435.569295
88000	181279677.382571	88000	193587048.961331	88000	195449020.677150	88000	197330379.646387	88000	183349981.523885	88000	186634316.254090	88000	188011557.806833	88000	188528995.098773	88000	191186350.823449	88000	191865962.491760	88000	192198489.244806
88500	181268566.294879	88500	192237941.329104	88500	194951175.244975	88500	197733653.252538	88500	183949547.683113	88500	186556962.274140	88500	188221598.874661	88500	188619157.650478	88500	191089127.443643	88500	191205199.369165	88500	191211360.889497
89000	180289807.716388	89000	193038572.069630	89000	194450145.364329	89000	197306331.632357	89000	182882482.262950	89000	186442036.313385	89000	187280063.492429	89000	188909153.300193	89000	189532933.035293	89000	191431455.591567	89000	192156885.488351
89500	180002913.194258	89500	192173661.181809	89500	194965081.262126	89500	197477239.789103	89500	184515736.417175	89500	186111250.395988	89500	189050909.675711	89500	188683788.538425	89500	190477415.682207	89500	191724066.391087	89500	192655653.181094
90000	180106086.113548	90000	193844596.986406	90000	195266780.449998	90000	198581664.947056	90000	184296067.134081	90000	186416475.825230	90000	188850989.116311	90000	189506089.018102	90000	189905052.163969	90000	191874394.561198	90000	191597533.208779
90500	180012135.042164	90500	192719105.462344	90500	194868123.399644	90500	197450320.169307	90500	183601522.058109	90500	185826231.887828	90500	187783314.854837	90500	189177267.645839	90500	190453320.022281	90500	190974835.006732	90500	192821869.133933
91000	180025098.734737	91000	193713351.619443	91000	194570311.799470	91000	197358947.396663	91000	184192361.584304	91000	186167853.644780	91000	188782782.487144	91000	189830667.501248	91000	188963526.076217	91000	191505955.940460	91000	192850420.501968
91500	180595591.632073	91500	193966461.203616	91500	195213132.074318	91500	196537201.022304	91500	183859180.534916	91500	185587423.354482	91500	189162088.614064	91500	188913264.834542	91500	189002488.599582	91500	192015727.863754	91500	192284319.844499
92000	180070255.872709	92000	193890042.513755	92000	195049952.145679	92000	196902823.863050	92000	183361420.470150	92000	185634860.458178	92000	188375977.711594	92000	188695690.295036	92000	190574756.615205	92000	191107189.125173	92000	192901585.851901
92500	180331416.218620	92500	193647467.518494	92500	194864037.634966	92500	197315591.008519	92500	183740126.929242	92500	186511336.694791	92500	187536625.156007	92500	189338598.028971	92500	189629909.940760	92500	191430510.108881	92500	192456311.052600
93000	180608233.129178	93000	193447879.526482	93000	195306488.772144	93000	197421224.115901	93000	184125390.847851	93000	186055850.165045	93000	187743652.461445	93000	188376788.954202	93000	189487860.280649	93000	192651025.887820	93000	191943949.551359
93500	180278353.796942	93500	192728765.883665	93500	195352627.069842	93500	197392294.490351	93500	183589674.625535	93500	185752730.468286	93500	186621910.061534	93500	188864177.923718	93500	189917608.822750	93500	191685843.540614	93500	192365895.439327
94000	180532174.791281	94000	193083967.997480	94000	195619279.413840	94000	196520360.671723	94000	183338916.455223	94000	186565733.333398	94000	187818316.165023	94000	188432106.045327	94000	190123511.732056	94000	191257075.087713	94000	193334541.896659
94500	180670609.861871	94500	193890401.010311	94500	194174823.542116	94500	197445972.874133	94500	183071864.463558	94500	185985286.674749	94500	187725047.872080	94500	189916327.369295	94500	190075766.631032	94500	192487125.762169	94500	192495024.271545
95000	180654470.886673	95000	193353651.224939	95000	195678047.528695	95000	197264989.631755	95000	183749106.159084	95000	185944790.112911	95000	187910211.333208	95000	188542895.211966	95000	190146097.004757	95000	191434501.668704	95000	191956082.987811
95500	180054277.624595	95500	193084783.324674	95500	193551003.202360	95500	196641927.452383	95500	184204643.596156	95500	185791775.026871	95500	188500211.611229	95500	188269330.452152	95500	190450809.905892	95500	190651446.591263	95500	192791441.023514
96000	181321219.330054	96000	193548288.436217	96000	196067895.481721	96000	198976293.395065	96000	184268604.065938	96000	185944488.792516	96000	188096162.261426	96000	189267832.417326	96000	189059866.833720	96000	190691806.768920	96000	192033954.661580
96500	180286674.171540	96500	193394062.597964	96500	195737950.232386	96500	197017422.535092	96500	183344228.455588	96500	185265369.245963	96500	188403254.690644	96500	188763239.618339	96500	189749508.189506	96500	190927581.731204	96500	192736194.903538
97000	180237279.955102	97000	192589263.703906	97000	195682367.939021	97000	196707251.754053	97000	183426893.957263	97000	186439241.345668	97000	188370207.960786	97000	188785256.245453	97000	190404247.308275	97000	191244005.339088	97000	191921593.896076
97500	181166010.973782	97500	194428133.740761	97500	194710061.089973	97500	197804066.921935	97500	184237442.665135	97500	186719667.414420	97500	186751677.733223	97500	188649816.259702	97500	189290865.864298	97500	191818553.946957	97500	193074280.169348
98000	180201199.059047	98000	194250549.802597	98000	194971322.975237	98000	196992090.504172	98000	184175770.092949	98000	186253331.870990	98000	187230340.610591	98000	188541158.027304	98000	190088317.122452	98000	190664840.091778	98000	192251320.208123
98500	180685823.072801	98500	194635676.618543	98500	194553429.931219	98500	197511861.895315	98500	183631880.000259	98500	186251228.237965	98500	187943186.594747	98500	189237580.477034	98500	189955158.135968	98500	191383605.562609	98500	192628410.259245
99000	179785347.273124	99000	193268888.666437	99000	195827671.999705	99000	197862413.563305	99000	183562467.397540	99000	185354290.663380	99000	187774183.335049	99000	188691893.654540	99000	190053656.478255	99000	192478144.361349	99000	192833431.525691
99500	180161411.681975	99500	192651619.651186	99500	194770229.293816	99500	197429310.647178	99500	183627740.400161	99500	186644208.094244	99500	187301987.895507	99500	189176792.514995	99500	191001200.829987	99500	190959560.473082	99500	192242594.313770
100000	179520775.068820	100000	192953495.301247	100000	195176562.739792	100000	197057082.289673	100000	183935305.635201	100000	186355518.744495	100000	188298076.702877	100000	189850824.684374	100000	190064907.549581	100000	191302794.539040	100000	192402740.141757
