#	SIM_0		#	SIM_-10		#	SIM_-12		#	SIM_-15		#	SIM_-2		#	SIM_-4		#	SIM_-5		#	SIM_-6		#	SIM_-7		#	SIM_-8		#	SIM_-9	
1	164682399.698158	1	172497227.966201	1	172952193.453162	1	173427474.838402	1	165983449.008369	1	168399212.357114	1	168959213.970362	1	170187093.359251	1	170462256.111040	1	171180251.983891	1	172228165.377252
500	163415483.683040	500	171842931.200706	500	171521901.888104	500	173399805.090521	500	165295191.932583	500	166820186.929460	500	167656952.296721	500	169010412.696245	500	169760957.036945	500	170071893.802530	500	170737357.316557
1000	163518010.563732	1000	171147673.286197	1000	171565441.260521	1000	173578055.354977	1000	164812366.250324	1000	167613551.917239	1000	167913125.813537	1000	168522059.337431	1000	169755412.967323	1000	170046511.380801	1000	170544700.465831
1500	163486223.843480	1500	171157755.080632	1500	172095900.685188	1500	173420813.218310	1500	165706629.360397	1500	167435308.118499	1500	168152245.066799	1500	169286588.724190	1500	169782015.115034	1500	170752008.630518	1500	170756257.661844
2000	163429633.821058	2000	171477425.559922	2000	171782292.353695	2000	172740283.346037	2000	165534181.168047	2000	167526337.850213	2000	168086791.756293	2000	169340478.800900	2000	170015270.579261	2000	170375517.395783	2000	170745615.132285
2500	163338800.703263	2500	172387687.568452	2500	171918971.668006	2500	172809242.627902	2500	165823957.003366	2500	166936185.675648	2500	167353427.721480	2500	169859175.205232	2500	169697852.762822	2500	170532259.286850	2500	170596923.561175
3000	163127197.350330	3000	171651825.100437	3000	171817062.268836	3000	172623206.455579	3000	165125972.885157	3000	167080271.569957	3000	168084636.716317	3000	169372102.020362	3000	169775221.896832	3000	169982887.185911	3000	170844389.007344
3500	163389166.785518	3500	171079977.162898	3500	171181286.278264	3500	172847141.669191	3500	165706513.129341	3500	168048648.553406	3500	168108699.281774	3500	169271494.911178	3500	169942084.406546	3500	170372096.413286	3500	171359224.127639
4000	163043194.537688	4000	171765044.101588	4000	172587046.879261	4000	172921369.057887	4000	165533883.931735	4000	167631857.648303	4000	168223223.496004	4000	169432228.975768	4000	169793338.139617	4000	170485867.226562	4000	171310032.708025
4500	163173926.303321	4500	171374906.802123	4500	172076291.379722	4500	172889360.061805	4500	165995428.445444	4500	167704189.250918	4500	168087503.302267	4500	168635703.129199	4500	169698218.054696	4500	170207204.777342	4500	170776748.961207
5000	163708286.444486	5000	171987299.220188	5000	172802665.669543	5000	173603887.116888	5000	165069428.613967	5000	167539423.609221	5000	167914472.363817	5000	169211798.974492	5000	170140010.865766	5000	169661637.663932	5000	171258174.767829
5500	163080301.682994	5500	171204767.049160	5500	171434956.842173	5500	172851826.193003	5500	166272334.177794	5500	167529252.706622	5500	168385268.455853	5500	169354428.116114	5500	169045618.642418	5500	170431602.583805	5500	170653710.834811
6000	164501536.557548	6000	171940126.374704	6000	171473908.640886	6000	172697018.862186	6000	165357462.048880	6000	167035855.731771	6000	167895861.612661	6000	168734666.866151	6000	169309128.585175	6000	169873419.903399	6000	170090124.918811
6500	163645718.911276	6500	171352035.561123	6500	172662226.781026	6500	173631711.672506	6500	165343858.013272	6500	167465250.825648	6500	168434180.292294	6500	168439655.161723	6500	169887625.391950	6500	170009424.683129	6500	171280442.094996
7000	163739825.351579	7000	171903311.777746	7000	172898274.128753	7000	173228631.962030	7000	164854297.824198	7000	167257046.959913	7000	167957984.532512	7000	168896543.702689	7000	169882012.513845	7000	169958529.255798	7000	171093956.827279
7500	162758102.312954	7500	171551852.517444	7500	171480610.677143	7500	173132358.179957	7500	166119419.380893	7500	167359254.213671	7500	168195121.834260	7500	169586937.068754	7500	170165157.895002	7500	170464812.828813	7500	170634553.367575
8000	163352430.544238	8000	171486949.418822	8000	171925222.156147	8000	173003022.550360	8000	165944218.505054	8000	166996512.692801	8000	168375447.533074	8000	169155334.884517	8000	170140217.202790	8000	170548356.758310	8000	171127634.322728
8500	163999715.513651	8500	171658299.906867	8500	172466946.317313	8500	172964029.658204	8500	165476879.824350	8500	167558495.546992	8500	168431301.909699	8500	169046513.849880	8500	169940433.243420	8500	170925586.160714	8500	170412342.688329
9000	163777983.511431	9000	171581338.181793	9000	172023174.487459	9000	173834659.940645	9000	165819106.956537	9000	167759166.187723	9000	168005958.891296	9000	168551756.804817	9000	169927348.545532	9000	170426950.336878	9000	170928846.771635
9500	163300842.968533	9500	171752578.890519	9500	171932332.776667	9500	172766515.050387	9500	165995457.375178	9500	167057869.451446	9500	168067017.810128	9500	169724306.842184	9500	170156908.476678	9500	169964380.886168	9500	170913960.572013
10000	163817434.125683	10000	171117855.745925	10000	172134619.121048	10000	172346627.450849	10000	165592208.330283	10000	167485512.908783	10000	167474937.770296	10000	168516698.144325	10000	169956030.106441	10000	170086126.737104	10000	170823982.237406
10500	164274720.581230	10500	171205837.467990	10500	172848431.643819	10500	173192248.169430	10500	165075286.960884	10500	167294142.447395	10500	168043144.937079	10500	168962633.897446	10500	169619241.343089	10500	170764817.409911	10500	171340881.433430
11000	163312877.981881	11000	172079761.582579	11000	172431347.380367	11000	172862928.163892	11000	165521190.520713	11000	167023185.336955	11000	168551777.843330	11000	169079587.744308	11000	169503276.337746	11000	170783285.220381	11000	170459411.687111
11500	164191460.935844	11500	171028944.875872	11500	172851602.272896	11500	173310816.934947	11500	165502421.711053	11500	167496113.396195	11500	168790481.301083	11500	169498835.316558	11500	169883875.661946	11500	170193776.634097	11500	171072625.575798
12000	163281039.362065	12000	170730415.205477	12000	172222987.052269	12000	172615027.252029	12000	165383360.798640	12000	168057862.382858	12000	167893312.673836	12000	168722712.938001	12000	169569861.630508	12000	170411844.321646	12000	170973842.933372
12500	162843570.585257	12500	170951364.478631	12500	172477981.696438	12500	172769306.573195	12500	165419404.213886	12500	167771374.023515	12500	168417739.386887	12500	169387126.509336	12500	168961829.522648	12500	170940221.676449	12500	170463365.189663
13000	163491749.655240	13000	171355927.348550	13000	172247161.037718	13000	172859922.653280	13000	165767664.324305	13000	167811488.557560	13000	168030205.562867	13000	169290452.982086	13000	169350800.755064	13000	170452981.336038	13000	171201375.088625
13500	163457798.136588	13500	170806721.976935	13500	172544038.669758	13500	173214509.646666	13500	165897417.559452	13500	166857138.576024	13500	168154859.674868	13500	168820305.866712	13500	169955550.233270	13500	170072464.839034	13500	170822732.334169
14000	163078663.523223	14000	171662288.600489	14000	172742606.834839	14000	173254069.085948	14000	165917681.934942	14000	167617136.003176	14000	168769279.176601	14000	168549640.729910	14000	168881655.211083	14000	169987012.603427	14000	170760192.782034
14500	163157842.681870	14500	171506915.525375	14500	172874221.860343	14500	172452033.085163	14500	165696855.435359	14500	167359420.256442	14500	168045537.618816	14500	168719310.713331	14500	169989902.948133	14500	169909438.639679	14500	171387689.782630
15000	163072491.809947	15000	170977899.568398	15000	172022622.391119	15000	173174115.834539	15000	165702711.600479	15000	167299908.328500	15000	167600382.346451	15000	169785377.467316	15000	169606644.495654	15000	169603997.047991	15000	171049489.832550
15500	163398476.352889	15500	171953884.466466	15500	172357157.327818	15500	173446217.712459	15500	165853776.589081	15500	167805809.452214	15500	168106329.417559	15500	168929220.182280	15500	169797929.537843	15500	171281164.509500	15500	171277432.620871
16000	163583132.853929	16000	171748128.987667	16000	172532782.178367	16000	173345335.695765	16000	165557303.500024	16000	167806548.692740	16000	168699700.423618	16000	169172681.511939	16000	169584170.886558	16000	169724718.882307	16000	169801862.054394
16500	163409123.996037	16500	170934244.514800	16500	172204938.762309	16500	172943959.570706	16500	165529954.087742	16500	166702694.208270	16500	168504593.871574	16500	169227907.716087	16500	169786491.706332	16500	170460292.736436	16500	170313218.651178
17000	163165597.449782	17000	171345990.381545	17000	172167086.464358	17000	173537690.315995	17000	165773788.656968	17000	167831453.257415	17000	168776117.385142	17000	169145817.001876	17000	169275130.576322	17000	170984061.312623	17000	170969937.565581
17500	163120513.956490	17500	171515663.607775	17500	171960390.819119	17500	173441150.436756	17500	165531361.131683	17500	167117709.655898	17500	168925080.777694	17500	168908153.493372	17500	169324695.643275	17500	170461376.053014	17500	170799915.220494
18000	163026939.402377	18000	170838357.331690	18000	172707044.719780	18000	173477210.715769	18000	165158664.938404	18000	167063784.164267	18000	167953139.712414	18000	168948388.771390	18000	169716605.988660	18000	169908404.562238	18000	169803440.481218
18500	163142549.532803	18500	170876937.163294	18500	172189933.024257	18500	173482865.407379	18500	164813410.358840	18500	167494490.366680	18500	168183670.872882	18500	169196534.769952	18500	169873154.025621	18500	170247257.257337	18500	170787073.113765
19000	163366991.620068	19000	171791043.090685	19000	171910065.348803	19000	173785590.640626	19000	165487271.720477	19000	167235327.269653	19000	168257223.284484	19000	169458907.624838	19000	170044644.752603	19000	169851803.461534	19000	171178146.124833
19500	163223374.274046	19500	170855263.000255	19500	172845062.642853	19500	173736532.702810	19500	165036192.559266	19500	166759148.280268	19500	168479963.132508	19500	168468398.651119	19500	169348529.031329	19500	169089384.789271	19500	170846552.259164
20000	163428165.956978	20000	171441823.559076	20000	172517291.441755	20000	173320257.197601	20000	165536434.429576	20000	167695236.767320	20000	168201540.658087	20000	168551169.923723	20000	169981569.146480	20000	170587945.709631	20000	171309939.628197
20500	163361801.632529	20500	171527326.217365	20500	172403822.100841	20500	174300455.807999	20500	165760138.225574	20500	167460421.667748	20500	168921223.163933	20500	169019689.174438	20500	169613794.820693	20500	170755312.213031	20500	170399076.865538
21000	162782276.612323	21000	171485486.923010	21000	171920405.958164	21000	173219258.279505	21000	165725819.839408	21000	167385776.635894	21000	168422954.057944	21000	169798581.295675	21000	169958379.625703	21000	170219157.036332	21000	171293218.776272
21500	163684505.138474	21500	171441959.209789	21500	171787208.894029	21500	172822679.941492	21500	165724301.182445	21500	167706119.571610	21500	167925532.711964	21500	168802184.887405	21500	169282568.204762	21500	171072320.101227	21500	170720699.474842
22000	163389424.024277	22000	171097166.570203	22000	171552923.358123	22000	173117770.681037	22000	166596917.332200	22000	167044154.491159	22000	168738389.669084	22000	169010839.947948	22000	169885074.874193	22000	170585576.919334	22000	170881912.149374
22500	162859807.432917	22500	171530024.070232	22500	172558167.478416	22500	173548289.345667	22500	165277610.782439	22500	167496655.206901	22500	168530146.193053	22500	168462502.898204	22500	169542027.146033	22500	170576851.397061	22500	170709664.349186
23000	163099612.797056	23000	171560503.511035	23000	172862402.939463	23000	173399736.527532	23000	165824191.446381	23000	167482503.470656	23000	168417661.219185	23000	169518471.417556	23000	170255208.947537	23000	169718537.670142	23000	170558964.139268
23500	163344500.733034	23500	171105842.304081	23500	172070018.218734	23500	172679303.225813	23500	165863764.321781	23500	167624499.738244	23500	168353547.110068	23500	168727782.598998	23500	169973048.112535	23500	170442870.800377	23500	170871874.726684
24000	163682828.040269	24000	170941653.793644	24000	172002506.458818	24000	172949049.988049	24000	166148960.540599	24000	167932840.458058	24000	168518596.813016	24000	169167002.700862	24000	169753440.133651	24000	169952041.741219	24000	171249925.581462
24500	163327628.486017	24500	171652734.029563	24500	171142637.698107	24500	173119413.127094	24500	166047109.146994	24500	167315727.896879	24500	168987447.893984	24500	169044419.822900	24500	169353370.162725	24500	170370909.183737	24500	170790162.836221
25000	163021718.429228	25000	170610298.137603	25000	172118181.164048	25000	172810522.770223	25000	165544537.938138	25000	167563684.693730	25000	167589210.041325	25000	168999982.045275	25000	169428919.275290	25000	170396003.599051	25000	170536416.032084
25500	163502148.393967	25500	171402133.408225	25500	171960128.392978	25500	172604645.765622	25500	165376683.928260	25500	167307146.704471	25500	167955238.409732	25500	169597102.244074	25500	169071713.831609	25500	170665935.464323	25500	171356359.146747
26000	163435877.763821	26000	171329536.270861	26000	172702426.042076	26000	173240848.201477	26000	165835301.219595	26000	167099869.744678	26000	168036321.805319	26000	169202064.288378	26000	170495094.642982	26000	169967356.693812	26000	171192285.783673
26500	163085186.471558	26500	171420091.818735	26500	171257068.400926	26500	172752103.177158	26500	165301862.148155	26500	167192988.034921	26500	168331319.684319	26500	168726591.791327	26500	169462723.313764	26500	169875621.215807	26500	170669622.037636
27000	163774863.249694	27000	171384932.105229	27000	171816063.283086	27000	172735117.528726	27000	165799276.982054	27000	166704831.929620	27000	167843093.074913	27000	169070808.867358	27000	169620643.629110	27000	171025871.659367	27000	170555182.283217
27500	163126173.326807	27500	171807272.438059	27500	172640028.621767	27500	173203923.429812	27500	166047205.834263	27500	167483667.639649	27500	168109967.531285	27500	169186121.166843	27500	169558860.609120	27500	170411145.317242	27500	170709128.981239
28000	163280688.143205	28000	170838557.933785	28000	172700099.292067	28000	172640646.847466	28000	165899959.987690	28000	167496865.111513	28000	168373376.979807	28000	169583137.402564	28000	169705002.748548	28000	170626184.884203	28000	170965833.218762
28500	163312830.732973	28500	170970817.643666	28500	172330665.229660	28500	172666591.495353	28500	165122545.992101	28500	167625945.122183	28500	167858431.182206	28500	168743434.993290	28500	169286360.134294	28500	170488560.018730	28500	171397756.886948
29000	163541135.590756	29000	170802200.741911	29000	172380264.874342	29000	172509340.435606	29000	165122152.874371	29000	167204014.269913	29000	168303339.520959	29000	169230295.295610	29000	169821356.129448	29000	169847106.450675	29000	170917399.090327
29500	163157024.680709	29500	170898926.475527	29500	171419557.460209	29500	172801933.311186	29500	165796969.829193	29500	167682032.635645	29500	168588950.961797	29500	169107041.788994	29500	169552715.498826	29500	170548443.474702	29500	170918951.172359
30000	163207377.458736	30000	170720047.239768	30000	172923245.267878	30000	172667057.575663	30000	165392853.074164	30000	167393699.889161	30000	167642624.963248	30000	168979645.580704	30000	170030135.960395	30000	170298817.591869	30000	171357999.275823
30500	163283754.428731	30500	171249920.701563	30500	172360365.930805	30500	173371730.997765	30500	166220047.551574	30500	167438487.919911	30500	167866163.250439	30500	168545603.899423	30500	169303596.695996	30500	171012498.312780	30500	171430670.481148
31000	163211709.610369	31000	171311378.624764	31000	171910178.110249	31000	172963763.094814	31000	165389049.611323	31000	167150045.447581	31000	167802110.244316	31000	168924421.213451	31000	169964674.322902	31000	170091585.200642	31000	171268005.757511
31500	163845992.099227	31500	170880646.754666	31500	171922848.326498	31500	172432214.474559	31500	165827016.178362	31500	167795415.294139	31500	168225318.318882	31500	168916905.317681	31500	169933320.620482	31500	170314294.997983	31500	170836282.699468
32000	162473632.394176	32000	171381187.909923	32000	172255246.050193	32000	173606288.642243	32000	166167039.558803	32000	168296064.667614	32000	167909873.390262	32000	168155650.409494	32000	169697550.891778	32000	170907803.423157	32000	171332386.076332
32500	163355992.885195	32500	171887980.001824	32500	172056075.227399	32500	173171059.132791	32500	165618332.438718	32500	168352184.899893	32500	168736976.747497	32500	169341565.914603	32500	169283054.599515	32500	171224442.105488	32500	171383995.535019
33000	163841986.500658	33000	170820190.215978	33000	172035031.358228	33000	172842846.041560	33000	165595190.608470	33000	166801993.379626	33000	168267199.154023	33000	168668660.592484	33000	169487395.531554	33000	170689899.880871	33000	170149067.070032
33500	163163472.652038	33500	171016390.850882	33500	170872200.639112	33500	173134985.832419	33500	165449378.319831	33500	166703949.773564	33500	168326010.785424	33500	169412564.727235	33500	170097283.144633	33500	170116057.361716	33500	170471043.267750
34000	163153150.147161	34000	171733818.263418	34000	171381564.384801	34000	172861536.578704	34000	165028418.633121	34000	167752277.569217	34000	168373972.370597	34000	168699498.155086	34000	169848447.186740	34000	170455230.653176	34000	170768159.615795
34500	163068965.715367	34500	171738939.275854	34500	172034232.961378	34500	172739732.730386	34500	165666349.644317	34500	166950695.748815	34500	168582130.300391	34500	169237910.160274	34500	169920568.565906	34500	170561977.681911	34500	170971424.437519
35000	162624612.066544	35000	171102310.054672	35000	172433068.709847	35000	173781324.879511	35000	165433576.574171	35000	167772917.479587	35000	168538512.602361	35000	169115342.897997	35000	168942904.034467	35000	170262359.845911	35000	170397725.254123
35500	162586464.642553	35500	170831593.634365	35500	172591366.053718	35500	173096580.845655	35500	164977935.062020	35500	167820802.275766	35500	168393123.761718	35500	168827371.100518	35500	169477362.634092	35500	170464331.693324	35500	171141637.733385
36000	164032016.994593	36000	171567690.621179	36000	171775102.914102	36000	173089536.872671	36000	165602842.599079	36000	167560258.597920	36000	167873941.510812	36000	168849325.278660	36000	169358539.388465	36000	171048905.028510	36000	170448269.848948
36500	163463239.268091	36500	170940505.669275	36500	172258186.027021	36500	173329741.582154	36500	165405055.176496	36500	167355927.499341	36500	168217461.624250	36500	169598369.442837	36500	169535188.545681	36500	170340233.083976	36500	171018974.353554
37000	163074617.031217	37000	170980297.751132	37000	172553351.600874	37000	173270667.154353	37000	165958179.084500	37000	167847064.345848	37000	167880281.496256	37000	169235662.213771	37000	169473361.018906	37000	170433386.243759	37000	170382936.974893
37500	163462719.649488	37500	171403707.476820	37500	171818041.812334	37500	172845799.896780	37500	165655372.441746	37500	167660984.447153	37500	168296641.114296	37500	169389744.076994	37500	169809336.426162	37500	170228124.435635	37500	171102260.724802
38000	163087988.420542	38000	171074937.787964	38000	172040745.850220	38000	172783479.996724	38000	165501527.497496	38000	168658009.140492	38000	168229357.409991	38000	169668006.917723	38000	170527708.396033	38000	171006683.813974	38000	171234852.886115
38500	163348550.438618	38500	171267564.769908	38500	172050991.248164	38500	173586981.991862	38500	166084537.236658	38500	167573626.448266	38500	168685799.116672	38500	168852349.364100	38500	169501338.693702	38500	170634534.147624	38500	170736845.440621
39000	163263619.242383	39000	170889178.018796	39000	172084114.954404	39000	173628149.126091	39000	165958739.282424	39000	167722091.707720	39000	168729858.332375	39000	169828394.545385	39000	170382619.393556	39000	170329668.741112	39000	170625359.798571
39500	163576910.226569	39500	171257192.427493	39500	172598315.079598	39500	173287289.609875	39500	165845641.269101	39500	167458368.248087	39500	168482665.535271	39500	169390465.641894	39500	169867529.802938	39500	170064429.876763	39500	170165659.514276
40000	163606151.772676	40000	171089091.276381	40000	171637869.325868	40000	172438125.180653	40000	165342220.350892	40000	167786531.944973	40000	168480956.968342	40000	169395234.282676	40000	169999618.820333	40000	170403283.478087	40000	170815115.416683
40500	163573847.196196	40500	171056735.037444	40500	172413882.377396	40500	172995625.787318	40500	165078087.427256	40500	167259032.430189	40500	168131607.100476	40500	169246350.743323	40500	169486878.819669	40500	170326522.069653	40500	170933213.905089
41000	163674945.708999	41000	171136280.359800	41000	171854651.420571	41000	173215825.233892	41000	164948903.568510	41000	167102525.312772	41000	168342234.064201	41000	169183270.466823	41000	169858641.220202	41000	170643590.376029	41000	170692224.032083
41500	163094717.323681	41500	171338035.161769	41500	172014833.279406	41500	172659541.717189	41500	165319799.732548	41500	167456885.081508	41500	168387263.774076	41500	169428819.719737	41500	169547148.875466	41500	170432393.139153	41500	170790878.882567
42000	162411730.969776	42000	171076211.786732	42000	171590979.573602	42000	172671719.624918	42000	165434568.119764	42000	166825283.770687	42000	167912585.616435	42000	169079491.198124	42000	169209193.566906	42000	170066439.998012	42000	170727998.937023
42500	162649767.336742	42500	171179364.075076	42500	172040293.818461	42500	173297868.152434	42500	165904497.758778	42500	168029196.626754	42500	168201668.589849	42500	169911527.749295	42500	169635019.748673	42500	169721279.082677	42500	171369962.270553
43000	162432403.414133	43000	171207670.887060	43000	171872251.049853	43000	173068083.163681	43000	165544232.266354	43000	167204350.292583	43000	168822775.941800	43000	169332161.137776	43000	169612145.010077	43000	169976537.424733	43000	170381454.200500
43500	163370566.415269	43500	171680761.157239	43500	172373018.999664	43500	173052552.922893	43500	165674375.192670	43500	166728595.742277	43500	168615052.845957	43500	169543736.771317	43500	169922207.066117	43500	170229040.675339	43500	171038184.811521
44000	163240074.867672	44000	170917192.923221	44000	171963042.022172	44000	172413545.472692	44000	165555986.505182	44000	167879212.814814	44000	168408297.937631	44000	168695412.504575	44000	169460967.302901	44000	171135277.665569	44000	170333077.188971
44500	163528124.674799	44500	171628353.437214	44500	172779223.458790	44500	172942201.856991	44500	165468778.525600	44500	166852502.901264	44500	168047650.362947	44500	168526035.226970	44500	169119763.863258	44500	170816215.643470	44500	171286196.553588
45000	163396775.617799	45000	171172373.815156	45000	172220018.505484	45000	173463448.414595	45000	165395689.807355	45000	166959131.955512	45000	168363799.914688	45000	169586788.851485	45000	170176693.327971	45000	169637945.305169	45000	171698706.735390
45500	162898628.770194	45500	170841842.905793	45500	172709203.074874	45500	173689611.387409	45500	166229474.589290	45500	167252334.720478	45500	167873140.902252	45500	169319379.085698	45500	170395706.217839	45500	170065594.368872	45500	171317624.765217
46000	163141916.889327	46000	171481105.618417	46000	172633963.227762	46000	173129799.465466	46000	165926794.654902	46000	167218071.260168	46000	168206296.115178	46000	169321477.297631	46000	170335782.137271	46000	171049191.926659	46000	171212872.451396
46500	163101331.858006	46500	170804366.061192	46500	171934253.744287	46500	172817395.177590	46500	166105431.978651	46500	167432789.795167	46500	168600071.797470	46500	169191107.138777	46500	170120540.658374	46500	170479408.567042	46500	170270895.883803
47000	162928089.824602	47000	171124116.015099	47000	172462893.829905	47000	173030692.515378	47000	165615827.559131	47000	167633160.724563	47000	168799676.281343	47000	169274510.766095	47000	169706820.007885	47000	170456397.714783	47000	170199317.868491
47500	163122845.492071	47500	171079120.186970	47500	172017428.949698	47500	172593333.709927	47500	165727388.799998	47500	167211884.544303	47500	167813126.115182	47500	168358379.388979	47500	169447487.874040	47500	169925150.246492	47500	170310578.649023
48000	163694818.705602	48000	171015751.776567	48000	171813898.292905	48000	172778303.813144	48000	166432148.000250	48000	167610357.344725	48000	168328299.417785	48000	168243252.547553	48000	169774718.634575	48000	170572728.274916	48000	171072839.216351
48500	163146974.086477	48500	170789608.312611	48500	171748989.770040	48500	173098909.126583	48500	165712307.187946	48500	167642822.529320	48500	167866133.273461	48500	168425595.367348	48500	170282303.456315	48500	170288020.665010	48500	171026932.893650
49000	163453140.392474	49000	170471000.902649	49000	172082204.952066	49000	173219043.398471	49000	165449936.039373	49000	167216912.158391	49000	167914937.820158	49000	168450769.442687	49000	169686792.869599	49000	169942350.006534	49000	170517124.649209
49500	163687106.455697	49500	170594214.650808	49500	172111610.810844	49500	173030360.123384	49500	165082711.084893	49500	167392347.912575	49500	168498952.652965	49500	170054307.859490	49500	169379729.035726	49500	170872984.719766	49500	170991435.198583
50000	163699850.050226	50000	171717037.066113	50000	172127233.688463	50000	172736525.308838	50000	165597373.932487	50000	167982698.040744	50000	168392764.140074	50000	169637095.930008	50000	169817662.923755	50000	170076097.022300	50000	170866137.216961
50500	163065562.802697	50500	170907747.680933	50500	171740373.880942	50500	172559320.280126	50500	164741360.008272	50500	166547434.113886	50500	167946455.288931	50500	168772798.480164	50500	169227967.609826	50500	169750497.411959	50500	171028053.479554
51000	163379989.431137	51000	170578112.793883	51000	172575856.845170	51000	173073622.302212	51000	165087654.142216	51000	167921653.851873	51000	168483316.331734	51000	168830273.361763	51000	169436624.460436	51000	170226155.452208	51000	171222506.453770
51500	163165446.522235	51500	171001665.289022	51500	172517409.867627	51500	172857737.793827	51500	165866997.405769	51500	167495577.484497	51500	167974326.091298	51500	168695157.298960	51500	169870734.554921	51500	170178637.840703	51500	170968687.906126
52000	163484963.946879	52000	171447865.723253	52000	171728113.069512	52000	172682079.152931	52000	165309289.201909	52000	167260720.384709	52000	167825526.155662	52000	169374129.478879	52000	169617416.443732	52000	170287462.740200	52000	170940459.474990
52500	162891520.221496	52500	171617917.985435	52500	172171158.714069	52500	173227551.635774	52500	165209391.943704	52500	166805710.861671	52500	168313345.273950	52500	169546070.635014	52500	170712028.600318	52500	170809642.802144	52500	171847959.965683
53000	163862003.538917	53000	171323474.536804	53000	171650132.710646	53000	173108849.273247	53000	165378489.332130	53000	167169764.369933	53000	167887702.242515	53000	169319098.352555	53000	169803974.908694	53000	170680646.920688	53000	171951063.209816
53500	163092387.510650	53500	171632715.822012	53500	172721176.472046	53500	172511236.473689	53500	165590684.235280	53500	167051271.910266	53500	168034226.047366	53500	169337647.628753	53500	169688563.384703	53500	170957480.422883	53500	171006209.226743
54000	163732271.440289	54000	171238203.547507	54000	171798904.653561	54000	173319320.722223	54000	165663256.297314	54000	167403804.552502	54000	168288268.043116	54000	168887293.480708	54000	169245438.378640	54000	170325930.511448	54000	171088962.033973
54500	162274886.202026	54500	171669543.350212	54500	172452538.028156	54500	172766977.390905	54500	165927826.476833	54500	167043550.609039	54500	167843695.792319	54500	169370641.619131	54500	170075957.980398	54500	170272788.617510	54500	171136833.414261
55000	163156398.526093	55000	171134066.830931	55000	172163759.414895	55000	173135362.876560	55000	165663634.906951	55000	167134146.932640	55000	168297836.871214	55000	169291729.703521	55000	169548954.899811	55000	170777604.381620	55000	171395239.284978
55500	163128630.690406	55500	171344501.458857	55500	172296314.893004	55500	172673920.247875	55500	165292885.524104	55500	167745288.644552	55500	167619418.192704	55500	169233528.498889	55500	170721694.305574	55500	170375562.438616	55500	170572458.074556
56000	163128763.988610	56000	170485692.738828	56000	171641176.383320	56000	173304985.815089	56000	165186442.210564	56000	167626940.306882	56000	168154603.765763	56000	169454518.251639	56000	169729453.709185	56000	170405246.627999	56000	170669030.465025
56500	162873293.987788	56500	171688866.155514	56500	171801074.762797	56500	172646526.389534	56500	166107537.372160	56500	167484663.652269	56500	168340829.592316	56500	169019722.940230	56500	170814158.882602	56500	170760854.344431	56500	170647832.650926
57000	162945278.024528	57000	171279152.544505	57000	171873829.513899	57000	172547903.002589	57000	165873372.031072	57000	167525671.122207	57000	168211681.793237	57000	168707697.056374	57000	169830200.748130	57000	170729684.645771	57000	171734636.930867
57500	162633183.977841	57500	170465241.374400	57500	172351186.445811	57500	173207507.546428	57500	165080895.236468	57500	167815948.672835	57500	167378767.934041	57500	168684340.739460	57500	170473473.676993	57500	170781511.833663	57500	171004112.402125
58000	162855464.299333	58000	170552434.924406	58000	172620171.616793	58000	172868861.263438	58000	165631278.197141	58000	167159650.834885	58000	167731422.885181	58000	168711676.575370	58000	169529125.634616	58000	170002757.780000	58000	171736191.915285
58500	162700901.997773	58500	171312904.324998	58500	171945694.995651	58500	172622281.062106	58500	165365254.099813	58500	167490528.074651	58500	168114998.620443	58500	169214979.646561	58500	169157819.554585	58500	170805882.738570	58500	170836504.642084
59000	163292591.100140	59000	171661287.982451	59000	172191925.991303	59000	173200906.170060	59000	165690723.992829	59000	167228731.342376	59000	168778020.280893	59000	169312311.182057	59000	169376265.960572	59000	170531769.236602	59000	170451039.501148
59500	163381143.722105	59500	171658290.909647	59500	171589647.554998	59500	173363875.552504	59500	165068602.520501	59500	167011883.017310	59500	168794987.482898	59500	169703178.167026	59500	169563653.336683	59500	170090462.138866	59500	171126559.028242
60000	163122336.175510	60000	170839165.630252	60000	172447296.588049	60000	173355618.621459	60000	165899980.897841	60000	167018086.624816	60000	168247608.311185	60000	169447477.241278	60000	170063084.989633	60000	169859944.240176	60000	171597578.039250
60500	163831099.483498	60500	171442006.724181	60500	172251063.062007	60500	173928730.289885	60500	165616886.860717	60500	167804652.144086	60500	168280160.943304	60500	169175330.710004	60500	169744722.506606	60500	171170749.941183	60500	171280061.720205
61000	163920879.401243	61000	171431850.013434	61000	172057968.981213	61000	172904501.875459	61000	166158850.393652	61000	167855214.854874	61000	168594576.041758	61000	169352780.556600	61000	169557229.143352	61000	170037834.051967	61000	171033986.669982
61500	163017255.057074	61500	171448680.505829	61500	171436041.732617	61500	173631456.949884	61500	165884724.814926	61500	167997219.480293	61500	167997809.069129	61500	169308644.268330	61500	169538217.651614	61500	170255967.103594	61500	171272452.034607
62000	162717472.187976	62000	170991168.146260	62000	171129579.940711	62000	173878916.761873	62000	165829979.046067	62000	167333221.546720	62000	168145864.188081	62000	168846198.704810	62000	169588793.573656	62000	170518092.776751	62000	171558590.560277
62500	162711786.089391	62500	171647355.740304	62500	172204121.949193	62500	173064794.473888	62500	165789196.399643	62500	167820376.786446	62500	168101614.108279	62500	169269850.501338	62500	169893577.838218	62500	171134073.806441	62500	171525640.315549
63000	162656887.577183	63000	171508791.341908	63000	172130052.934472	63000	173029457.604422	63000	165530818.476370	63000	166592823.346940	63000	167963277.459613	63000	169076761.764345	63000	169685270.648193	63000	171008817.417010	63000	170797070.730262
63500	163354503.282034	63500	170808470.389177	63500	170840491.875470	63500	172912037.912319	63500	165761702.557928	63500	166520625.467204	63500	167839490.767923	63500	169098609.937030	63500	170072740.555624	63500	170467381.921698	63500	170996647.509450
64000	163122022.560097	64000	171083203.103423	64000	172291108.754043	64000	173215374.152602	64000	165680309.447127	64000	166825252.708833	64000	167862216.789074	64000	168932983.418587	64000	170127126.660741	64000	170428940.037808	64000	170548927.083658
64500	164160582.968456	64500	171410745.403872	64500	171631969.629680	64500	172756925.250500	64500	165829623.421217	64500	167350387.325590	64500	167756049.523530	64500	169562939.841452	64500	169620540.599858	64500	170126583.644648	64500	171024236.480777
65000	162840623.015574	65000	171161896.467578	65000	171898422.976054	65000	172635933.930310	65000	165904682.342509	65000	167381579.105852	65000	168307502.309051	65000	168839885.116232	65000	170220509.926786	65000	170307517.872602	65000	170394637.526603
65500	163493932.559179	65500	171635659.893136	65500	172438358.783960	65500	172786748.795835	65500	165606265.451903	65500	167392085.535824	65500	167859469.787954	65500	169675447.270701	65500	169604215.075066	65500	169987205.700500	65500	171304376.256124
66000	163166701.541024	66000	171217322.567424	66000	172178350.684609	66000	172058862.762913	66000	165559428.048118	66000	167819756.855581	66000	167758873.919759	66000	168951338.937574	66000	169601765.716994	66000	170263666.363015	66000	170891727.963332
66500	162994051.131341	66500	171849552.360157	66500	172295743.375119	66500	172785966.310669	66500	165416732.763521	66500	167242499.044166	66500	168068947.193859	66500	169459155.030625	66500	170510860.572396	66500	170379628.454660	66500	171416034.516852
67000	163154941.064630	67000	171692665.840826	67000	171540072.790612	67000	173020154.271480	67000	165355427.549754	67000	167364236.452262	67000	168110956.793699	67000	168817013.087250	67000	169300804.825272	67000	169839962.506085	67000	170708395.587881
67500	163085658.506699	67500	170531090.559749	67500	172584461.245931	67500	172880581.150995	67500	165140671.490046	67500	167917620.398307	67500	168332815.258400	67500	168921851.588870	67500	169876187.936437	67500	170087460.971130	67500	171175080.725655
68000	162906225.180552	68000	171577780.201563	68000	172771574.499534	68000	172906998.351277	68000	165636360.017632	68000	167501257.260156	68000	168498837.775885	68000	169043326.506967	68000	170552129.678298	68000	170945216.817240	68000	171091583.108424
68500	162929946.110304	68500	171197716.047671	68500	172286758.931959	68500	172842495.436089	68500	165501943.252487	68500	167227642.032346	68500	168022633.142859	68500	168907347.439787	68500	170025166.017177	68500	169843770.639381	68500	170673220.802341
69000	163526112.838015	69000	171222238.815650	69000	172558890.360842	69000	172302773.366072	69000	165682691.126629	69000	167162824.565078	69000	168232880.202482	69000	168782193.724313	69000	169555648.299222	69000	169690743.213912	69000	170918314.495058
69500	163357245.307642	69500	171531371.611160	69500	172021428.068521	69500	172718217.112978	69500	165877669.842610	69500	166762453.620980	69500	167978190.322665	69500	168797615.290341	69500	169265587.763845	69500	169777705.476329	69500	171507151.333986
70000	162732792.197288	70000	171611891.913251	70000	171847956.711617	70000	172770786.107324	70000	165575033.357258	70000	166668032.605635	70000	168110901.256532	70000	169028386.340954	70000	170073454.153221	70000	170175232.736188	70000	170913566.342674
70500	163442436.689665	70500	171285061.263871	70500	173005489.115574	70500	173174166.296392	70500	165597633.959656	70500	167257223.359789	70500	168543168.667399	70500	168774197.684678	70500	169188933.316475	70500	170040974.660001	70500	170933151.790810
71000	163199497.723720	71000	171325996.980212	71000	171500449.551826	71000	173507565.183461	71000	165630007.716478	71000	167673218.253243	71000	167763328.483043	71000	169252074.063174	71000	169163221.926432	71000	169987045.014383	71000	170609040.472730
71500	164144632.278023	71500	171271525.026853	71500	171506320.712206	71500	172946225.470590	71500	165673392.529821	71500	166896120.836514	71500	168285252.771694	71500	168479958.362168	71500	170191875.431243	71500	170437258.094417	71500	170420612.300125
72000	162533183.317212	72000	171476401.418543	72000	171789483.404130	72000	172726793.848733	72000	165523804.361722	72000	167014830.328338	72000	168091508.298664	72000	168644291.780984	72000	170145664.943480	72000	170182786.919319	72000	170469551.515944
72500	163192704.911195	72500	171417135.507028	72500	172026130.765222	72500	173419027.166117	72500	165523036.780490	72500	168140808.712171	72500	168222697.474188	72500	168723314.817729	72500	170106178.234647	72500	170327501.474788	72500	171010017.367318
73000	163994528.936645	73000	170576654.092845	73000	171832939.253105	73000	172572731.493710	73000	166001507.590406	73000	167860944.216331	73000	168403140.676157	73000	168076258.041861	73000	170041057.602840	73000	169777300.760481	73000	171493832.458504
73500	163681138.298051	73500	171587642.682421	73500	171850028.327159	73500	173216117.899273	73500	165371822.353696	73500	167374611.666626	73500	168654188.511315	73500	169674212.478567	73500	169606499.166607	73500	170397896.429148	73500	171360264.958329
74000	163611999.947909	74000	171608228.532807	74000	171961289.043258	74000	173071685.244718	74000	166017539.391118	74000	167746556.911904	74000	167843024.072338	74000	169075566.271867	74000	169505542.537304	74000	169662352.950683	74000	171208030.506263
74500	162805152.901410	74500	171653607.018266	74500	172710666.053343	74500	172743581.488618	74500	165456106.228091	74500	167345357.667342	74500	168553994.362946	74500	168664727.193240	74500	169597035.684685	74500	170165882.239350	74500	171455530.998875
75000	163359986.707206	75000	171072822.415752	75000	171950280.777347	75000	172691048.069077	75000	165244032.536350	75000	167432569.683862	75000	168176163.604069	75000	168848918.752699	75000	169901446.485565	75000	169941493.996008	75000	171516414.436104
75500	163156868.975100	75500	170721673.025859	75500	171702459.296625	75500	172606490.791608	75500	165351253.335009	75500	167374668.961912	75500	168304810.614100	75500	167957087.532443	75500	169767597.759028	75500	170402714.237326	75500	170354418.871425
76000	163818687.907355	76000	171565663.292571	76000	172286807.192194	76000	173125458.935720	76000	166220417.049043	76000	167156348.746839	76000	168222853.790826	76000	168850225.353925	76000	169291829.525256	76000	170368727.984043	76000	170971889.894377
76500	163544112.751711	76500	171357725.856474	76500	172115068.228617	76500	172931162.722218	76500	165320319.771606	76500	167735125.981440	76500	168009300.002844	76500	168969477.830462	76500	170217955.109083	76500	170299903.553459	76500	170718758.778038
77000	163017794.236423	77000	171105109.938239	77000	172504789.497154	77000	173636337.687948	77000	165101195.632043	77000	167228650.515008	77000	168103181.547901	77000	168580292.910001	77000	169912837.388758	77000	170450833.918970	77000	171310346.586805
77500	163799300.777248	77500	171599469.054332	77500	172136756.497710	77500	172981216.633447	77500	165570579.841754	77500	167098001.442845	77500	168204277.966710	77500	168072910.969852	77500	169841921.360406	77500	170485739.845659	77500	170863984.220954
78000	163713636.970721	78000	171651975.096139	78000	171914115.025818	78000	173590388.494852	78000	165899409.858704	78000	167990640.535060	78000	168492155.056176	78000	168944669.953457	78000	169241528.436115	78000	170685621.746028	78000	171226117.898206
78500	163496824.839782	78500	171165036.351826	78500	171888027.157936	78500	172901601.177813	78500	165989769.659673	78500	166871757.731085	78500	167712255.343625	78500	169042239.964264	78500	169863617.160228	78500	171114335.909145	78500	171225378.378909
79000	163544462.245819	79000	171497604.613741	79000	172012342.212966	79000	173529706.803307	79000	165647091.614379	79000	167712917.997944	79000	168126526.196938	79000	169031424.040101	79000	170036221.367694	79000	170797510.789360	79000	170945326.682436
79500	163515773.317240	79500	170818438.909580	79500	171786226.132802	79500	173833288.499119	79500	165332994.814170	79500	167127653.345642	79500	168619701.033647	79500	169354071.918351	79500	170396590.707079	79500	169703365.386279	79500	170334516.903891
80000	163641439.275409	80000	171601436.191166	80000	171878378.326598	80000	172710989.433502	80000	165366566.373968	80000	167281508.983796	80000	168134475.734806	80000	169401599.085658	80000	170165735.456652	80000	170603620.730080	80000	170917330.462829
80500	163450015.236180	80500	171030407.096641	80500	172387474.434279	80500	172890581.384661	80500	166019944.167812	80500	167735936.034515	80500	168689385.497426	80500	168723597.095832	80500	169674602.569468	80500	170153519.443077	80500	170463244.647474
81000	163257670.792757	81000	171186436.847373	81000	171911166.360429	81000	173076310.709082	81000	165966403.904043	81000	167534972.537498	81000	168350109.773475	81000	169100754.163393	81000	169744762.582576	81000	170040967.053515	81000	170718440.671268
81500	162946639.017075	81500	170679309.897126	81500	172422154.535836	81500	173415460.515308	81500	165651590.786583	81500	167331405.049679	81500	168584913.452219	81500	169567643.408489	81500	170047637.717757	81500	169434318.782200	81500	170292360.839011
82000	162529287.845904	82000	171750157.625497	82000	172073853.711415	82000	173005602.708700	82000	166179254.352541	82000	166734349.620542	82000	168615820.382042	82000	168701845.037476	82000	170221664.640259	82000	170513552.648146	82000	171186433.437803
82500	163214508.655810	82500	171052169.614025	82500	171930789.919538	82500	172804785.776088	82500	164958109.726243	82500	167806821.380871	82500	168316900.773043	82500	168498139.103980	82500	168989731.540690	82500	170208659.356779	82500	170309034.615460
83000	163575104.836239	83000	171066755.263950	83000	172542343.503954	83000	173639962.008257	83000	165935255.738629	83000	167619973.774917	83000	168377409.769195	83000	168428433.996457	83000	169386730.530764	83000	170325831.680218	83000	171365531.515223
83500	162728212.445324	83500	171242995.197086	83500	171474239.968117	83500	172958311.928022	83500	165289400.107314	83500	167296426.769800	83500	168299604.829062	83500	168876120.061743	83500	169935198.723241	83500	170540469.294981	83500	171347981.522152
84000	163202776.700705	84000	170726832.693866	84000	172584017.691289	84000	172879815.203957	84000	165553882.048955	84000	167995898.060114	84000	167743250.975134	84000	169097351.800905	84000	169825636.593347	84000	169511899.015879	84000	170475439.548977
84500	162772444.760935	84500	170242887.312873	84500	172618109.404845	84500	173137792.956465	84500	165322043.124057	84500	166812700.452135	84500	168129997.232672	84500	168988171.912710	84500	169229626.623273	84500	170551138.302943	84500	171257192.525630
85000	164316341.530100	85000	171109274.878485	85000	172203686.804589	85000	173307480.258491	85000	165155733.711466	85000	167701387.809126	85000	168622802.457626	85000	169155028.694744	85000	170036862.795801	85000	170189426.808177	85000	171009061.808923
85500	163226452.825341	85500	171388755.401000	85500	171865029.924141	85500	172711240.925960	85500	165260162.075433	85500	167611893.575896	85500	167917825.892433	85500	168760021.540504	85500	170203325.953263	85500	170105217.389180	85500	171462192.013928
86000	162947629.518337	86000	171204102.972499	86000	171572411.316164	86000	172756905.650390	86000	164834507.007322	86000	167120712.001980	86000	167660206.279776	86000	169429100.053531	86000	169812563.421154	86000	170501279.894673	86000	170552658.434270
86500	163036172.144226	86500	171347156.303291	86500	171815909.825630	86500	172618115.102635	86500	165586424.862907	86500	167777244.135920	86500	168664460.282510	86500	168570006.239294	86500	169906108.477491	86500	171030865.378722	86500	171329445.966364
87000	163133651.769886	87000	171463747.581468	87000	172083577.953676	87000	172967630.160716	87000	165754507.579446	87000	166782480.313377	87000	167807334.844549	87000	168961558.472395	87000	168869049.761948	87000	169748461.852451	87000	170322146.558388
87500	163008088.358380	87500	171164600.553119	87500	172175711.476500	87500	173602916.755554	87500	165988172.330897	87500	167528211.812464	87500	168100904.308861	87500	168822100.878584	87500	170072897.619652	87500	170750881.620915	87500	170887884.336729
88000	163110043.599973	88000	170862071.700324	88000	171988724.597651	88000	172772413.910812	88000	165362057.137723	88000	167261417.388771	88000	167982388.343086	88000	169116504.369907	88000	169572729.445988	88000	170644954.843436	88000	170722247.948703
88500	163114206.496918	88500	170754216.040535	88500	172717802.306670	88500	172479936.560146	88500	166219874.052517	88500	167152587.244343	88500	168049691.846206	88500	169413539.739182	88500	169963770.371518	88500	169856937.683324	88500	170592113.134865
89000	163509575.348317	89000	170652203.646255	89000	172355074.185147	89000	172709858.496670	89000	165702173.700661	89000	167953370.419134	89000	168465258.592823	89000	169119645.279121	89000	169773108.010914	89000	170232525.396200	89000	171096728.724635
89500	163408723.597315	89500	171132209.512406	89500	172333832.545457	89500	172916764.435293	89500	165447956.310722	89500	167361736.081464	89500	168737648.807537	89500	169204489.437522	89500	170498933.514757	89500	170634876.199174	89500	170943275.521151
90000	162660773.233808	90000	171079506.209550	90000	171850124.867771	90000	173358644.041168	90000	166056233.832952	90000	168601156.394156	90000	168414745.784625	90000	169783242.580218	90000	169468048.802414	90000	169399818.357578	90000	170214987.419721
90500	163502487.490022	90500	171479734.695825	90500	172782025.477922	90500	172652595.567976	90500	165948950.540857	90500	168114214.337353	90500	167870689.065482	90500	168456726.277748	90500	169752845.193877	90500	169969965.363942	90500	171002876.826055
91000	163486147.523474	91000	171297027.804131	91000	172117991.435779	91000	173241832.143003	91000	165987332.492718	91000	167143578.832568	91000	167677753.664351	91000	169258392.536850	91000	170201278.289009	91000	170379789.631511	91000	170053635.560458
91500	162775998.909513	91500	171007692.956574	91500	171864084.536922	91500	173461131.171224	91500	165354452.111754	91500	167701870.447124	91500	168287373.204781	91500	169359270.887399	91500	170199388.025020	91500	170140108.352295	91500	170521306.356191
92000	163710462.080354	92000	171489953.712010	92000	171775769.305694	92000	173455580.033415	92000	166423576.473065	92000	167198230.572499	92000	168286405.689453	92000	169140438.715491	92000	169787657.622947	92000	170344500.815435	92000	170578827.097696
92500	163848598.144912	92500	171042839.601954	92500	171816691.007436	92500	172504915.840985	92500	165380307.442841	92500	167192785.631015	92500	168240387.512964	92500	169254019.613019	92500	169882411.884147	92500	169776730.098435	92500	170694883.811975
93000	163516463.464238	93000	170550388.054660	93000	171527872.987803	93000	172774630.168139	93000	165791963.481275	93000	167395320.353228	93000	168431005.452595	93000	168942300.121195	93000	170388759.751953	93000	170535093.979633	93000	170861031.803284
93500	163451902.650092	93500	171600182.317102	93500	172207210.394272	93500	173561094.104675	93500	165732588.224349	93500	167319579.695249	93500	168079491.326026	93500	169020398.384605	93500	169670955.093128	93500	170500052.935301	93500	171178049.242325
94000	164312062.583085	94000	171088353.812746	94000	172015459.190525	94000	173195664.610864	94000	165406864.857114	94000	167391824.860923	94000	167963066.739003	94000	168706557.851196	94000	170087994.711308	94000	170798145.394385	94000	171060848.398077
94500	163951524.905023	94500	170408393.956795	94500	171883055.133152	94500	171826863.953173	94500	165688000.366889	94500	167591179.322404	94500	168660389.569097	94500	169894039.240554	94500	170102716.539131	94500	170759309.841416	94500	170841797.710685
95000	163536997.666172	95000	171054773.365722	95000	171847341.825793	95000	172803446.524955	95000	165601254.660318	95000	167550736.414448	95000	168075450.911517	95000	168989565.193528	95000	169876155.165882	95000	169947544.549483	95000	170219073.954342
95500	162924974.316141	95500	171113773.552801	95500	172673316.283538	95500	172604240.603193	95500	165414628.629737	95500	167619794.238086	95500	167702014.656338	95500	168976097.062823	95500	169950627.297212	95500	170129925.549107	95500	171229971.280201
96000	162992330.998933	96000	170444229.780315	96000	171448129.550842	96000	172686438.685372	96000	164863730.502400	96000	167289480.770497	96000	168019869.142710	96000	168937827.321371	96000	170051382.165634	96000	169467814.573187	96000	170883454.103893
96500	163692634.812299	96500	171087886.772027	96500	172167082.138600	96500	173149367.180937	96500	165003228.940532	96500	167502982.204420	96500	168026865.305738	96500	168965085.489646	96500	169749245.988326	96500	169830954.969417	96500	171484336.188117
97000	163532534.966735	97000	171208462.077394	97000	172041993.909739	97000	173096267.550435	97000	166003901.260053	97000	166861969.598745	97000	168543377.780890	97000	168980519.153325	97000	170171614.328000	97000	170055344.596514	97000	170620251.470500
97500	162847956.345443	97500	171353587.220517	97500	171918278.716368	97500	173836409.657969	97500	165460810.145224	97500	167985392.754225	97500	168912410.102995	97500	169248235.043978	97500	169499003.359518	97500	170227068.093215	97500	171422104.570925
98000	163384716.313003	98000	170647144.310495	98000	172623738.096574	98000	172787078.137262	98000	165757417.165980	98000	168388508.242893	98000	168198707.656498	98000	169213341.160429	98000	170217582.497611	98000	170425200.328112	98000	170012444.035218
98500	163471695.284760	98500	171586508.374113	98500	172454126.778342	98500	173473713.366692	98500	165784183.958308	98500	167651755.783899	98500	167922616.603124	98500	169189691.012718	98500	169760934.985495	98500	170848022.578122	98500	171711006.320430
99000	163267039.041798	99000	171026929.558970	99000	172456585.218926	99000	172908806.011955	99000	165509441.584947	99000	167364160.025804	99000	168061511.159078	99000	169174181.579951	99000	169183306.215675	99000	170192197.981634	99000	170657527.175258
99500	163276359.621889	99500	171410011.873511	99500	172575876.995214	99500	173202994.019739	99500	165953951.329528	99500	167366276.702109	99500	168282069.805199	99500	169578640.633236	99500	169596752.096185	99500	170536011.256649	99500	170521357.214783
100000	163458886.461901	100000	171407626.931851	100000	172650967.460065	100000	172806733.065927	100000	165827947.998942	100000	167150118.792415	100000	168485202.354250	100000	170110582.475441	100000	170250741.995348	100000	170695713.334982	100000	170965048.732615
