#	SIM_0		#	SIM_-10		#	SIM_-12		#	SIM_-15		#	SIM_-2		#	SIM_-4		#	SIM_-5		#	SIM_-6		#	SIM_-7		#	SIM_-8		#	SIM_-9	
1	166264582.006450	1	171837201.227287	1	172700377.219894	1	173191295.336011	1	167604517.758544	1	169733347.080425	1	169857951.707965	1	169459049.992247	1	170977641.213382	1	171114795.635728	1	172321334.355020
500	166246569.014512	500	171251025.075203	500	171943020.614208	500	172856062.466099	500	165810534.551704	500	168761474.962331	500	169019461.449829	500	169601998.041599	500	168950212.344016	500	169830343.844055	500	169664548.600992
1000	165479356.037107	1000	170958997.444759	1000	170524907.454486	1000	173038023.702301	1000	167344149.405541	1000	168569197.736446	1000	169227855.087804	1000	169606219.249844	1000	169740775.010503	1000	170488823.053992	1000	169029895.403398
1500	166492509.183131	1500	171779391.709370	1500	172637457.169614	1500	172652334.820392	1500	166417507.402401	1500	168864799.863558	1500	168854566.996610	1500	168295457.958071	1500	169303773.203137	1500	170185137.854794	1500	170699566.754152
2000	165952982.424727	2000	171222901.753313	2000	171046218.622975	2000	172758409.688876	2000	166947038.677400	2000	168197317.526584	2000	169377146.896040	2000	169087893.530864	2000	170740047.318566	2000	169450756.685442	2000	168864187.385852
2500	165725636.358668	2500	170474633.804017	2500	170346622.150523	2500	171794198.822436	2500	167384750.603859	2500	167989274.302302	2500	167388974.991576	2500	169848808.473891	2500	170187344.065642	2500	169947720.820091	2500	169616344.326353
3000	165783995.818967	3000	171306244.481412	3000	170642544.039881	3000	171796556.523839	3000	167252223.876683	3000	167871614.582333	3000	168896114.607281	3000	170297048.974032	3000	169486543.836357	3000	170233874.438244	3000	170225234.910533
3500	165431847.512327	3500	170939618.493485	3500	170905832.697471	3500	171324013.563416	3500	167690964.919854	3500	168502086.493376	3500	168290950.021887	3500	168574599.050991	3500	170547661.942257	3500	170211615.539790	3500	170066836.075029
4000	165408721.288136	4000	172239662.401678	4000	171571649.952309	4000	172783128.321542	4000	166426806.275368	4000	168048652.183413	4000	169667617.766322	4000	169617755.373024	4000	169702210.504271	4000	170218591.463440	4000	170576439.984312
4500	165724180.990796	4500	171837941.808140	4500	171200355.081326	4500	170647603.990588	4500	168445284.063350	4500	168863631.660709	4500	168663010.304439	4500	169699984.748913	4500	170105519.358998	4500	169901238.892351	4500	169840197.942812
5000	165770632.031531	5000	170920188.931753	5000	171458819.595421	5000	171776734.369374	5000	165799938.826087	5000	168242754.922648	5000	168474337.385935	5000	169323607.562796	5000	169502040.237315	5000	169496524.526020	5000	171091936.120886
5500	165461013.889773	5500	171253266.949550	5500	170935125.500761	5500	171197531.947408	5500	166860287.802997	5500	168708096.930313	5500	169193279.416995	5500	169395014.259476	5500	168354385.613238	5500	169906922.493694	5500	169413850.637319
6000	165992906.194255	6000	170558684.864130	6000	171875584.418417	6000	172113314.034474	6000	166887236.349192	6000	167488775.706104	6000	168731322.451384	6000	169246804.400707	6000	170574229.193639	6000	170120380.300076	6000	170088384.037864
6500	165592576.786443	6500	170839045.775444	6500	170951256.607994	6500	171662687.595236	6500	166551299.677494	6500	168744879.414674	6500	167356146.657133	6500	167513792.496700	6500	169802393.941452	6500	169860368.422646	6500	170868687.557202
7000	165488226.651747	7000	171192646.462877	7000	172021369.688066	7000	171704592.854806	7000	165597040.481019	7000	168531386.634285	7000	168607558.085520	7000	170684568.542603	7000	169416163.065823	7000	169690267.807357	7000	171130315.950167
7500	165550100.054997	7500	170141449.848768	7500	170501897.343228	7500	173146073.350325	7500	166882653.974186	7500	168336838.724166	7500	167562368.271117	7500	170366767.325024	7500	169782483.975663	7500	169542317.332846	7500	169096501.381807
8000	166089029.541369	8000	170850889.995509	8000	171736836.038173	8000	172386870.521412	8000	167758701.537347	8000	167506466.192606	8000	168887097.943574	8000	169648484.700802	8000	170168294.560693	8000	169229278.442447	8000	170616630.934614
8500	166717885.071159	8500	171309468.523676	8500	171376982.150371	8500	172714787.828548	8500	166621620.041980	8500	168183489.742762	8500	169622116.265122	8500	168206161.910116	8500	169808786.440205	8500	171160608.339377	8500	170248502.544800
9000	166442476.521712	9000	170485218.618483	9000	172075754.694571	9000	171834222.777820	9000	166864529.128046	9000	168125995.631976	9000	168252630.502758	9000	168666124.109385	9000	170325085.850066	9000	170690614.630193	9000	170242269.828856
9500	164374252.078070	9500	172463878.206255	9500	171321684.059588	9500	171211192.293472	9500	167473830.850727	9500	168218370.740657	9500	168154615.850589	9500	168244507.636804	9500	170406212.437030	9500	170967122.124880	9500	170759451.719900
10000	166021876.354765	10000	171677365.054601	10000	171333564.576390	10000	172464373.923575	10000	166344213.237562	10000	168344799.470134	10000	167197653.469283	10000	169795754.141276	10000	170952770.636851	10000	170420593.554919	10000	170048095.563484
10500	165378890.149384	10500	171001027.234250	10500	170867792.143431	10500	173253754.328208	10500	167572640.504313	10500	168640043.477487	10500	169819836.001263	10500	169660161.264197	10500	169842164.809655	10500	169672551.297105	10500	171318815.007603
11000	165316650.681369	11000	171935770.384260	11000	170540904.978140	11000	171683198.374379	11000	166411007.178227	11000	167313381.851465	11000	169662557.550830	11000	169995058.544155	11000	169000125.964840	11000	170811151.039934	11000	171527286.996713
11500	166286461.704631	11500	169922667.496263	11500	171565468.227590	11500	171464222.967494	11500	166001076.775711	11500	168323785.471205	11500	168634648.327744	11500	169351793.426434	11500	168739881.119276	11500	169949453.898807	11500	170782596.285845
12000	165620229.174000	12000	170075262.067160	12000	171460028.862921	12000	172253291.477019	12000	165783511.912516	12000	168709519.471847	12000	168679868.765890	12000	168996043.118244	12000	169735723.792329	12000	168739870.546758	12000	170788601.119392
12500	165717506.270231	12500	170005929.292817	12500	171460293.260488	12500	171014055.696294	12500	167208828.471335	12500	168447207.945854	12500	167945992.713732	12500	168901948.097690	12500	169224267.324966	12500	170385981.840999	12500	170467868.506358
13000	165516194.818256	13000	171944000.337909	13000	171546876.257206	13000	172137680.793852	13000	167208747.007702	13000	168483553.450814	13000	169624947.117439	13000	169422083.343640	13000	169957977.883796	13000	169522918.623646	13000	170902105.485310
13500	164896677.053414	13500	170781887.236169	13500	171390281.509578	13500	172820864.115649	13500	167510891.920592	13500	167445355.519073	13500	169072037.113196	13500	168537460.571429	13500	170183245.443702	13500	170304301.883425	13500	171059381.285495
14000	166013787.992008	14000	171538606.392119	14000	172299088.385689	14000	172166187.673053	14000	167006546.244354	14000	168767139.893447	14000	168927717.942168	14000	168791864.813583	14000	170793580.332822	14000	169316147.849677	14000	170838674.647039
14500	165597067.006111	14500	170628918.725274	14500	171336374.223322	14500	171907041.431624	14500	166596314.590767	14500	168130538.684616	14500	168081825.896817	14500	168943266.995982	14500	169852252.097067	14500	168652306.076896	14500	170060683.166834
15000	165084103.744298	15000	170166514.205793	15000	171470482.790725	15000	172506852.856150	15000	166726269.779751	15000	168041657.639259	15000	168527992.125731	15000	169946994.082534	15000	168831615.728820	15000	168908691.084006	15000	170132826.751789
15500	165316306.326011	15500	171739140.372695	15500	171523305.799925	15500	172707753.730654	15500	168153012.262828	15500	167975585.332189	15500	168992579.860996	15500	169582027.301593	15500	169434321.358263	15500	171186414.504040	15500	170286528.933353
16000	166095355.532376	16000	170988571.043695	16000	171979586.057155	16000	171904548.196874	16000	167079418.889060	16000	169471026.787097	16000	169147576.089087	16000	169919449.578718	16000	169997580.176124	16000	171042367.443410	16000	169662276.108627
16500	166578604.919377	16500	171663396.284607	16500	172740657.555831	16500	171729142.308283	16500	166369764.902375	16500	168265658.491268	16500	170019917.229007	16500	170710286.605464	16500	170764982.274553	16500	169328449.427831	16500	170050908.144306
17000	165601741.622219	17000	170841446.708763	17000	171036613.507062	17000	173127061.163793	17000	167250427.195632	17000	168013332.248873	17000	169330447.397668	17000	169795350.076125	17000	169730700.116815	17000	169473630.950529	17000	170624761.216721
17500	165394465.773565	17500	170802295.967095	17500	172584347.703371	17500	172552231.744558	17500	166812087.131013	17500	168814780.822448	17500	168531258.035801	17500	169359227.344486	17500	170449284.238528	17500	170049625.915061	17500	170663216.633135
18000	164912271.070083	18000	170788183.989551	18000	172197273.913138	18000	171890749.540578	18000	166814720.330392	18000	168636326.449666	18000	168885363.052445	18000	168413410.480061	18000	169274319.705159	18000	169639787.789660	18000	170243693.540941
18500	165232144.605761	18500	171186319.590314	18500	171207811.922744	18500	171438331.926762	18500	166602337.403195	18500	167998831.288736	18500	167914675.096474	18500	168824841.938736	18500	170180033.432939	18500	169845308.510990	18500	169905231.323336
19000	167495855.172965	19000	171189486.850287	19000	171917077.926829	19000	172931591.119298	19000	166347770.052828	19000	167832502.921885	19000	168579432.764717	19000	170443010.588735	19000	170157359.166108	19000	169934834.550610	19000	171146719.230466
19500	165703715.772881	19500	169651790.875960	19500	172286935.639861	19500	171928231.167024	19500	166894392.501148	19500	167929257.039035	19500	168930538.631273	19500	169584065.243564	19500	170170869.789377	19500	168787119.019930	19500	170120607.332019
20000	164826690.747899	20000	170771249.796513	20000	171369715.636527	20000	171480094.384952	20000	166594065.845151	20000	168859628.225030	20000	167898193.302641	20000	169005947.670368	20000	170640752.696782	20000	170724928.604303	20000	170409343.481900
20500	166637476.106350	20500	171252628.851570	20500	170518962.622501	20500	174276900.959946	20500	167333484.159945	20500	168548791.945913	20500	169354095.271157	20500	168149453.507340	20500	170565117.444327	20500	170583732.627609	20500	170436071.762395
21000	165647054.831060	21000	170882316.425431	21000	171746132.713347	21000	171539482.786340	21000	167269878.228675	21000	168172036.721509	21000	169662703.517767	21000	169409554.842559	21000	169551148.861288	21000	169295098.238015	21000	170249078.329782
21500	166113970.720547	21500	171017070.500016	21500	171182763.399925	21500	172831362.040963	21500	167331354.633795	21500	168094014.117887	21500	169848061.229754	21500	168909387.535274	21500	170286780.577302	21500	170025249.960726	21500	170671465.824375
22000	165634581.218242	22000	171088762.659390	22000	170933346.792571	22000	172218474.269370	22000	168491387.396915	22000	168770275.009347	22000	168133030.480897	22000	168646295.198856	22000	169697189.341763	22000	169461207.526240	22000	170746651.012139
22500	164618874.124031	22500	170016673.006325	22500	171206145.408903	22500	173398333.389391	22500	165749113.658857	22500	168274925.826166	22500	168632875.217943	22500	169245683.211224	22500	170343331.008118	22500	169535558.700402	22500	170555665.303681
23000	166513863.899969	23000	170288419.251763	23000	173598577.527919	23000	172510475.865641	23000	166918824.541100	23000	168859696.599819	23000	167913347.098578	23000	169363505.021962	23000	170175128.601473	23000	169197483.461269	23000	171262233.567232
23500	165860829.589546	23500	171412673.839539	23500	171851997.930868	23500	171762856.541720	23500	167202852.986048	23500	168149464.483810	23500	169994130.544384	23500	169786158.230091	23500	169898027.857289	23500	170830115.853312	23500	170502652.439136
24000	166631916.531224	24000	170126413.927756	24000	172386352.090944	24000	171052640.783807	24000	168040438.608203	24000	168723230.143656	24000	168074283.852719	24000	169141646.928235	24000	169482161.273663	24000	169927893.328640	24000	170029194.714339
24500	164938517.695685	24500	171519448.032250	24500	171340173.219277	24500	173047353.630611	24500	167329810.426195	24500	168293416.390182	24500	168894651.721269	24500	169657382.725662	24500	169356181.992184	24500	169679529.625216	24500	170707795.795173
25000	165376523.402195	25000	169866947.058175	25000	171343229.468145	25000	172946553.197181	25000	166891458.748960	25000	167604556.906578	25000	168834459.882014	25000	168315165.998475	25000	168298152.571112	25000	169948039.565746	25000	170554604.070640
25500	165681606.518021	25500	169975748.695412	25500	170979885.808893	25500	171665614.471428	25500	166324926.063340	25500	168379515.995580	25500	168622043.888822	25500	168620485.020945	25500	169215322.677144	25500	170251089.719666	25500	170616813.032563
26000	164938469.090682	26000	172164433.681480	26000	172457273.315064	26000	173284326.417377	26000	166972750.609812	26000	167259321.604979	26000	168726131.135263	26000	168748196.810416	26000	169300897.245601	26000	169465808.025484	26000	170189310.122446
26500	166185202.251244	26500	170795491.912719	26500	171376688.480939	26500	171818958.544388	26500	166868531.396715	26500	169097595.261598	26500	168372173.462149	26500	169273056.470745	26500	169037342.315050	26500	169954316.377985	26500	169216567.224505
27000	165565342.641999	27000	170428653.893177	27000	171203374.136597	27000	172735295.999796	27000	167143590.109726	27000	167204868.754827	27000	168471039.494179	27000	169454764.095448	27000	169346134.230093	27000	170880742.825841	27000	170100831.270011
27500	165257181.041051	27500	171261992.599941	27500	171650528.897060	27500	172161842.943735	27500	167176287.419393	27500	168561480.500813	27500	169041638.634509	27500	168789822.072567	27500	169844821.128390	27500	170152264.573240	27500	170963027.304601
28000	165106362.024913	28000	169771308.660876	28000	171349477.413100	28000	170896001.391764	28000	167005629.590044	28000	168065997.226248	28000	168056170.838192	28000	169660488.030918	28000	169826164.203904	28000	170132639.182459	28000	171009393.731747
28500	165856267.323651	28500	170551517.868725	28500	170931414.813188	28500	171212849.414344	28500	166988245.336859	28500	168395412.110911	28500	167998455.394108	28500	169654665.855272	28500	170463382.070054	28500	169329362.048632	28500	170373629.222098
29000	165519291.939656	29000	169323664.101729	29000	172502005.296106	29000	171361702.438483	29000	167361953.552831	29000	166665329.979475	29000	169040571.139892	29000	169499360.881447	29000	170166950.026451	29000	169732397.728027	29000	169864377.402530
29500	165388558.060003	29500	170768902.481234	29500	170993379.312452	29500	171620929.637704	29500	166856757.430385	29500	169047973.077302	29500	168686994.577503	29500	169735185.947813	29500	169327128.781388	29500	169784778.266281	29500	170860927.366696
30000	165270123.926003	30000	169887894.120474	30000	170723692.639443	30000	172353270.948892	30000	165218891.623017	30000	167801279.080772	30000	167553545.689208	30000	168606790.791612	30000	170046343.995033	30000	169516560.925252	30000	170311103.981172
30500	166580813.123320	30500	171065690.434624	30500	170918147.298311	30500	171534477.711935	30500	167588542.813279	30500	168424952.176615	30500	167102705.206706	30500	169283628.426205	30500	169536785.723467	30500	170190886.482183	30500	170560049.334046
31000	164734688.689553	31000	170324399.902828	31000	171778372.711663	31000	172427242.754491	31000	166810723.201275	31000	168383257.213151	31000	168284721.662137	31000	168939586.636624	31000	170158727.123342	31000	170631541.790854	31000	171771080.225726
31500	164525219.625068	31500	171937553.057114	31500	171254379.187742	31500	172869751.918732	31500	167583290.448580	31500	167613758.736417	31500	168594883.855879	31500	168587156.240787	31500	170928296.307492	31500	170941860.914071	31500	169665058.538367
32000	165137491.735852	32000	171193861.065608	32000	172315138.236411	32000	172209817.822685	32000	167750037.917172	32000	168109670.358856	32000	168328758.778745	32000	168256976.787456	32000	170053692.210730	32000	170346223.513030	32000	170713143.530390
32500	165383784.947993	32500	170804868.906359	32500	171873441.612609	32500	173126172.983856	32500	167385694.414073	32500	168517447.486550	32500	168903033.866540	32500	169739690.144816	32500	169701774.485113	32500	169850066.480647	32500	170047325.941250
33000	165872892.061044	33000	170502323.456831	33000	171003903.555475	33000	172072965.982184	33000	166511597.897832	33000	168565717.960881	33000	168895316.671810	33000	169077260.420481	33000	169249374.013511	33000	169940668.950166	33000	170074350.213724
33500	166010255.958352	33500	170668531.892448	33500	171210812.947132	33500	172414828.667504	33500	166296114.998928	33500	168492171.097428	33500	169027089.779645	33500	169413820.485023	33500	168830560.490801	33500	170494258.898378	33500	170863929.986456
34000	165953389.990839	34000	170351757.711164	34000	171959689.645832	34000	172631006.585385	34000	166095470.407695	34000	169030549.395406	34000	169556267.405416	34000	168688191.197951	34000	169065598.343507	34000	169894560.133389	34000	171385248.799705
34500	165098584.568270	34500	171849460.392261	34500	171420525.210854	34500	171950337.298640	34500	166907785.694381	34500	167273416.384425	34500	168829669.019297	34500	170204630.917114	34500	169733478.484722	34500	171015102.043300	34500	171839779.512166
35000	166045348.716059	35000	170109708.429465	35000	170989032.640725	35000	172016107.729897	35000	166055410.970455	35000	167916227.756110	35000	169486199.969498	35000	168575693.439331	35000	168927791.182960	35000	170471900.770517	35000	170415274.381016
35500	165057730.780553	35500	170910632.645957	35500	171391610.387281	35500	172187254.535623	35500	167195593.364034	35500	168301948.241956	35500	168866047.316403	35500	168337284.936241	35500	169350788.151702	35500	169937484.250830	35500	170818429.974279
36000	165942908.252951	36000	171133710.799333	36000	171025997.615986	36000	172281844.354763	36000	167350029.734959	36000	168412780.187575	36000	167837972.097061	36000	169662854.989693	36000	169747713.164818	36000	170526421.950239	36000	171541741.391915
36500	164946017.515770	36500	170543800.533157	36500	171791400.849260	36500	172449263.507497	36500	168291561.830716	36500	167724623.204039	36500	168436598.731598	36500	170297193.252113	36500	169648248.125767	36500	170768577.209217	36500	170540014.363432
37000	164808680.233139	37000	171273983.857157	37000	171973487.443373	37000	173036009.068385	37000	167529297.196451	37000	168166556.671197	37000	168804916.771766	37000	169074689.463650	37000	170309167.089784	37000	170435535.999671	37000	171397953.856562
37500	165129084.619622	37500	171835402.977931	37500	171567739.247988	37500	172592093.854338	37500	167252450.534481	37500	167925505.196445	37500	168228388.175766	37500	169783879.607787	37500	170115901.119817	37500	170629405.972997	37500	170038121.742208
38000	165007550.705329	38000	170256284.104293	38000	171752085.528682	38000	171692181.877838	38000	167840111.267982	38000	168794759.538368	38000	168199266.525854	38000	169307836.636039	38000	169935254.212727	38000	170560188.851290	38000	170743864.730638
38500	165484472.216912	38500	171250216.949973	38500	171326246.403034	38500	173161996.566370	38500	167786621.823669	38500	168295640.746435	38500	168961557.585485	38500	168731045.884045	38500	170713430.320504	38500	170061216.895236	38500	170865058.476084
39000	165550430.862740	39000	170515454.457396	39000	171447830.052610	39000	172641767.756016	39000	165526174.831378	39000	167928949.551388	39000	168633377.016630	39000	170146578.668658	39000	169540821.057819	39000	170480627.035763	39000	171002781.292835
39500	166283145.811605	39500	170482049.350559	39500	172225546.463482	39500	172338122.330695	39500	166882500.757896	39500	167315900.301636	39500	169058348.079369	39500	169924878.254614	39500	169276713.190454	39500	169809436.503228	39500	169954812.307804
40000	166170629.879195	40000	170371231.841194	40000	172525868.792398	40000	170861389.487186	40000	166269163.720391	40000	169362050.682715	40000	168324376.819080	40000	168812210.405551	40000	169687190.922103	40000	170095442.561435	40000	170264475.727133
40500	165469409.783234	40500	170951481.788695	40500	170747720.826958	40500	172034914.117251	40500	166983070.599832	40500	167167629.014259	40500	167864544.417767	40500	168809701.149164	40500	169271026.880874	40500	169999860.591161	40500	170674335.325665
41000	165064874.866243	41000	170733651.987824	41000	171934614.522611	41000	171563582.532052	41000	166868347.553734	41000	167650760.291861	41000	168710662.215657	41000	169912395.043663	41000	169341076.997834	41000	169683629.934781	41000	170385966.858391
41500	165826199.719556	41500	170310196.257368	41500	171091220.477643	41500	171798295.711276	41500	166579037.824038	41500	167543214.729188	41500	167921260.364001	41500	168925673.890825	41500	169181783.679300	41500	170338256.580850	41500	170426321.928984
42000	164155621.111442	42000	169725468.763427	42000	172160397.861047	42000	170946479.463082	42000	166517580.531972	42000	167706065.200637	42000	168629760.903046	42000	168981881.996604	42000	168835801.719077	42000	169580422.434668	42000	170156669.487702
42500	165374155.792724	42500	171307895.909355	42500	171370595.555853	42500	171616125.184420	42500	167350660.174773	42500	169290623.405554	42500	168501161.793271	42500	170930398.013201	42500	169699678.184433	42500	169971351.011425	42500	170529726.868781
43000	165060469.844180	43000	170820239.539748	43000	170481737.647115	43000	171089425.759740	43000	167133289.734424	43000	168356501.494298	43000	169597135.895214	43000	169642987.710417	43000	169421181.950208	43000	169635621.727452	43000	169903678.290191
43500	164971400.508161	43500	170826483.852906	43500	171885807.662112	43500	173141753.213492	43500	166471011.014309	43500	167474914.156410	43500	170437536.402460	43500	169143155.807586	43500	169498059.670030	43500	170211080.249093	43500	170345186.224889
44000	165677676.733669	44000	171470765.446980	44000	170719418.286484	44000	171470516.413978	44000	167613853.532908	44000	168467276.311636	44000	167687506.765752	44000	168888033.993923	44000	169963397.999783	44000	171560786.220280	44000	169642932.587374
44500	165559884.492014	44500	171618018.464433	44500	171690167.305629	44500	172076397.594391	44500	167278765.685735	44500	168459249.499816	44500	168814696.561188	44500	168776899.637957	44500	169019605.895172	44500	169396579.939377	44500	170005196.059726
45000	165019231.109731	45000	171412155.413853	45000	171891067.468375	45000	172371106.031461	45000	167068455.434733	45000	167306555.064502	45000	168503545.881267	45000	168821346.711146	45000	168662527.847733	45000	169818538.563684	45000	171450181.942544
45500	165023875.971357	45500	170427178.537440	45500	171959213.144235	45500	172812187.806724	45500	167294169.534637	45500	166721646.114406	45500	168904011.948307	45500	168838792.157560	45500	169967451.408955	45500	171013708.497309	45500	169734109.174858
46000	164495234.847936	46000	170823324.207611	46000	172232542.284374	46000	172916781.848713	46000	166615567.410029	46000	168048769.853566	46000	169079815.758258	46000	169604463.855330	46000	169218077.746670	46000	171049648.652923	46000	170663484.414917
46500	165675387.639756	46500	169891723.151915	46500	171404334.724412	46500	172186774.281646	46500	166101336.521288	46500	168997128.131557	46500	168043605.990759	46500	169226177.491885	46500	169904252.095110	46500	169484750.355290	46500	170171151.392490
47000	165713157.084855	47000	170149181.619143	47000	170903111.413642	47000	172418902.811643	47000	166952487.207421	47000	168141969.129385	47000	170148826.418029	47000	169031798.809255	47000	170426645.894127	47000	170031127.014594	47000	169784524.065035
47500	165712672.982921	47500	170137341.710915	47500	170910325.716713	47500	171909783.304860	47500	167810009.095433	47500	168290541.980323	47500	168190117.074706	47500	168847485.985249	47500	169553417.820307	47500	169889952.956805	47500	169732210.823076
48000	165995868.143376	48000	170522488.612774	48000	170556698.774252	48000	171726203.116421	48000	167401809.951089	48000	167555074.980931	48000	168471889.075720	48000	168241304.806600	48000	169671346.536965	48000	170387504.985615	48000	171025961.140002
48500	164403688.082469	48500	170217716.646861	48500	170214801.296914	48500	173181488.101986	48500	166528532.204720	48500	168246322.011112	48500	168829070.849419	48500	169370826.044722	48500	170185877.848938	48500	169941785.688540	48500	171197944.477921
49000	165944164.003572	49000	169891313.485747	49000	170839942.728221	49000	173193500.791186	49000	166838333.832813	49000	167882525.399488	49000	168533826.609426	49000	169466203.113566	49000	169440904.102946	49000	170783934.965221	49000	169861255.184205
49500	165651418.620946	49500	170172079.105964	49500	170870296.445019	49500	172258467.785548	49500	167441813.691181	49500	169655399.657075	49500	169905186.887359	49500	170754690.329754	49500	169744199.233177	49500	170744483.980378	49500	170967371.020320
50000	166052874.275751	50000	170317340.963272	50000	172422694.445906	50000	172891517.319551	50000	167145109.053350	50000	168143853.446777	50000	169731275.825788	50000	170116182.858621	50000	170362488.784505	50000	170403484.939434	50000	170526600.414090
50500	166012518.020627	50500	171442000.669487	50500	170440699.927435	50500	172866686.990899	50500	165679715.809317	50500	167054208.451797	50500	169534970.984908	50500	169425162.420953	50500	169525331.597957	50500	169953486.475386	50500	170880886.999348
51000	166637865.116195	51000	170931430.506464	51000	171857100.308655	51000	171866066.752367	51000	166579309.838791	51000	169045821.254491	51000	168451102.232181	51000	169425149.203710	51000	169823887.706599	51000	169139308.875634	51000	170408156.775080
51500	164462325.428334	51500	171424483.156310	51500	171539800.795231	51500	171414255.852358	51500	165397144.292585	51500	168731640.238380	51500	167830201.482166	51500	168575670.755162	51500	170116287.249867	51500	170190844.817786	51500	171341999.652546
52000	165466721.675465	52000	170649355.519380	52000	171431130.664138	52000	172412226.643421	52000	167628341.202327	52000	168305773.849714	52000	168406507.619851	52000	169829503.891284	52000	170358902.996776	52000	170473774.168585	52000	169840477.132803
52500	165406684.952512	52500	171351696.148149	52500	170922389.670470	52500	171142539.214685	52500	167832666.929210	52500	168382573.667233	52500	169313136.056442	52500	170292116.994166	52500	169686699.679987	52500	170736608.003155	52500	170603235.394173
53000	166325651.386765	53000	171097349.948555	53000	170268054.258386	53000	171754471.081604	53000	166375086.848457	53000	167826641.692618	53000	169127314.324031	53000	169769753.527464	53000	169726940.548255	53000	170000523.461916	53000	171169174.144664
53500	165455999.123349	53500	171186406.229089	53500	170233136.361950	53500	171396131.377907	53500	166953461.685670	53500	168301531.295869	53500	168793972.793996	53500	169947215.398184	53500	169552135.733512	53500	170030953.430280	53500	170477493.135304
54000	166479982.997477	54000	170387073.968142	54000	170791913.733404	54000	172180826.076579	54000	167342840.470965	54000	168881386.373457	54000	168525196.348509	54000	169459064.858892	54000	170038186.470973	54000	170018031.420924	54000	170026212.360017
54500	165335801.830039	54500	170475671.413107	54500	172280813.231466	54500	172181646.748733	54500	166640546.742006	54500	167338128.612975	54500	168097823.837554	54500	168970218.192167	54500	169566817.976031	54500	170026805.939956	54500	171175192.480998
55000	165597534.718653	55000	170593413.822984	55000	171904717.095354	55000	173176886.352406	55000	167188717.395929	55000	167775616.409006	55000	169329414.814873	55000	168751796.537793	55000	170670031.251301	55000	169933814.563192	55000	170038255.360575
55500	165383861.044965	55500	171105077.156200	55500	171274946.510760	55500	171754483.912321	55500	166562693.134870	55500	169246197.318567	55500	169397391.535003	55500	170022779.351436	55500	170761304.339194	55500	170076453.974434	55500	170017002.679974
56000	165612722.291827	56000	170568158.627516	56000	170706601.778598	56000	172022515.467537	56000	167654423.638188	56000	167758711.431016	56000	168638459.207252	56000	169628119.762579	56000	170148149.228484	56000	169769779.628296	56000	170721293.893650
56500	164953298.347248	56500	171672696.887692	56500	171476116.103259	56500	172814073.344006	56500	167833085.821732	56500	168536627.702356	56500	167913097.912975	56500	169024954.404798	56500	170281055.095317	56500	169919000.398037	56500	170418452.708601
57000	164487117.182046	57000	170005015.881900	57000	171152625.376812	57000	171210325.834651	57000	167064374.902701	57000	168125792.894553	57000	168786021.668786	57000	169068127.366038	57000	170301274.072202	57000	170839772.729609	57000	169767260.319069
57500	165138643.871436	57500	169271718.342273	57500	171119312.340821	57500	172433917.566675	57500	167345657.211971	57500	168451063.686422	57500	167589487.794390	57500	169523761.143419	57500	169278697.612180	57500	169826129.134607	57500	169950129.180494
58000	166514839.603213	58000	171345544.364890	58000	171224683.752577	58000	172775685.500068	58000	167522192.230818	58000	168524703.548949	58000	169459642.578853	58000	168003693.333427	58000	169178686.988712	58000	170425596.457494	58000	170944218.025111
58500	164746269.833569	58500	170338672.300552	58500	171840838.762630	58500	171811933.004991	58500	168053566.595855	58500	168007685.737087	58500	170011642.744364	58500	168802376.400084	58500	169899774.991375	58500	171128171.692937	58500	169594700.366790
59000	165763254.664534	59000	170309806.039441	59000	170903745.857736	59000	173376011.746291	59000	167425541.397607	59000	167720216.215339	59000	168455592.611902	59000	169222516.498792	59000	169248305.873875	59000	170727632.252866	59000	169723417.769860
59500	165311128.094254	59500	170872091.068130	59500	171111635.357121	59500	172899497.722048	59500	167202497.898467	59500	168106494.615255	59500	169607423.926245	59500	169298685.112410	59500	169423841.310267	59500	170187837.717741	59500	170269327.785008
60000	166404060.711999	60000	171002240.679505	60000	171748932.124707	60000	173272715.586502	60000	166867972.568303	60000	168684246.891468	60000	168786505.471485	60000	168679167.961237	60000	169283057.566351	60000	169711014.417184	60000	170952510.460902
60500	166423815.136620	60500	171067376.687295	60500	172003949.592843	60500	173449294.350135	60500	167058515.016845	60500	168430046.218761	60500	168360215.230134	60500	169770585.186200	60500	171049821.815975	60500	170092432.346914	60500	170668608.162798
61000	166200565.253653	61000	170452396.837616	61000	171621415.998310	61000	172811177.742007	61000	168216135.417471	61000	169162611.876937	61000	168709335.579072	61000	169573411.426531	61000	169604532.433036	61000	169717323.988088	61000	170846763.526216
61500	166117301.721656	61500	170880732.333411	61500	171526436.061323	61500	173481744.738714	61500	166537379.122080	61500	169096368.310944	61500	168824572.975100	61500	169070193.793824	61500	168563177.324239	61500	169028511.558541	61500	170723932.520068
62000	165719614.367921	62000	168900756.399275	62000	170499062.471994	62000	172696430.852970	62000	167724186.741629	62000	167562057.016415	62000	167253475.327279	62000	168151521.324542	62000	169718491.102321	62000	171538424.353885	62000	170603364.775344
62500	165241826.586205	62500	172258701.822475	62500	172686243.013147	62500	172863393.269851	62500	166443983.302075	62500	169019373.591033	62500	169350241.135772	62500	170334419.301190	62500	170793673.666430	62500	171126043.054238	62500	171709889.958590
63000	165146658.795539	63000	171449825.257897	63000	171389852.915313	63000	172172801.721973	63000	166997889.112528	63000	167177333.346997	63000	167967547.693474	63000	169647361.397127	63000	169511478.999891	63000	170887011.850793	63000	170744260.629749
63500	165521675.973236	63500	170566822.861554	63500	171545153.375485	63500	172703841.774264	63500	167147142.839390	63500	167463927.942423	63500	167909431.161642	63500	169209554.342205	63500	169458997.933141	63500	169637569.316533	63500	170236148.120377
64000	165930906.263848	64000	171182096.582694	64000	172059684.479735	64000	171540427.573712	64000	166968894.719214	64000	167301623.081167	64000	169216610.546564	64000	170013229.047536	64000	170318305.341048	64000	170597155.269288	64000	170712084.541781
64500	165373003.259370	64500	171373994.402165	64500	172028673.213504	64500	171835913.637706	64500	168201922.463111	64500	167834614.901389	64500	169666230.366937	64500	170151244.792266	64500	170649017.672838	64500	169295235.158100	64500	171224947.152194
65000	164722807.877469	65000	169455077.078697	65000	171279800.256599	65000	171572462.000885	65000	166755586.613212	65000	167565304.488061	65000	168685076.437903	65000	169010291.303028	65000	169569964.220290	65000	169000593.648130	65000	171151600.550665
65500	166463136.978932	65500	170953419.773203	65500	172543891.001774	65500	172190957.956706	65500	166678964.421778	65500	169287491.503503	65500	168665799.198207	65500	169193657.133281	65500	169480941.159311	65500	169789197.287405	65500	170547454.396684
66000	165911276.366002	66000	170771400.471391	66000	170781381.461352	66000	171226898.335809	66000	165970687.957557	66000	168869789.259325	66000	168528318.478421	66000	169745861.152077	66000	169158022.175139	66000	170712219.421049	66000	171463927.577395
66500	166055003.976737	66500	170073051.556516	66500	171492674.643992	66500	172041082.057760	66500	166918233.645753	66500	168087568.320027	66500	169364778.005589	66500	169435816.068083	66500	169564360.901094	66500	169641961.310776	66500	170401558.495976
67000	165869653.267003	67000	170580179.172996	67000	171405607.490362	67000	171978055.152903	67000	166694476.127185	67000	168314467.235232	67000	169028972.788369	67000	170061591.567528	67000	169540933.974796	67000	169160976.751579	67000	169980458.813309
67500	165516138.073158	67500	168609941.408588	67500	172221529.678318	67500	172138547.643837	67500	167162481.980368	67500	166924486.724595	67500	168561374.680494	67500	169524230.331634	67500	170950852.272431	67500	170582478.601278	67500	169981759.875576
68000	165287497.749202	68000	171381342.810160	68000	172391281.490594	68000	172488219.902304	68000	166868825.541836	68000	167644639.702797	68000	167863717.417161	68000	168426898.555069	68000	169058910.718873	68000	171160356.144506	68000	171310496.557282
68500	165426674.742918	68500	170145130.041120	68500	171077890.617878	68500	171704431.696423	68500	166331025.297140	68500	167061623.413140	68500	169094186.889193	68500	169872424.887330	68500	170088636.022936	68500	168761512.935269	68500	170789639.023749
69000	165767530.323835	69000	171129113.462474	69000	171747861.289879	69000	171877049.666844	69000	167160580.180690	69000	168107953.295849	69000	169013875.488549	69000	168588326.765037	69000	169541340.647126	69000	168952858.731514	69000	170820522.610220
69500	166158020.314821	69500	171551157.475063	69500	172380852.348752	69500	171813105.512804	69500	168074911.424584	69500	168703825.988780	69500	169058565.774444	69500	169587730.341292	69500	168798889.089411	69500	170437451.856504	69500	170066964.292077
70000	164307570.928218	70000	171159603.265250	70000	171878830.307747	70000	171570040.447773	70000	165917790.136611	70000	169014377.421551	70000	168105464.643367	70000	168894126.296776	70000	168613286.476319	70000	168678014.095141	70000	170123227.059582
70500	166276475.791326	70500	170760081.367499	70500	171670591.970612	70500	172839245.284424	70500	166704120.286857	70500	167743774.740279	70500	169145365.095568	70500	167863962.184766	70500	168758174.525098	70500	170153514.953848	70500	170724003.452381
71000	165946768.483118	71000	170925552.695182	71000	171765058.123175	71000	174048058.340594	71000	167349121.442486	71000	168442755.473303	71000	168203762.844849	71000	169574947.521019	71000	169204309.089834	71000	170440175.504967	71000	170099138.292614
71500	166030453.389161	71500	171124414.283788	71500	170940820.825399	71500	172505377.561848	71500	166631453.198197	71500	168556631.373958	71500	168529533.642884	71500	168551050.516075	71500	169755903.687824	71500	169844763.027039	71500	170772782.408699
72000	165497906.453533	72000	170864838.093842	72000	172425277.293712	72000	171825411.244245	72000	166863147.581982	72000	167928991.118910	72000	168169041.470250	72000	168919420.953354	72000	170606367.185078	72000	170045170.426677	72000	170561949.842872
72500	165280234.699940	72500	170813597.331723	72500	172627218.985588	72500	171682398.974003	72500	166647477.374838	72500	168853581.190387	72500	168664372.686642	72500	168452514.407904	72500	169922635.353639	72500	170236489.973759	72500	170897369.035569
73000	166360298.111725	73000	171509365.367156	73000	171172366.794741	73000	172635704.998002	73000	167469315.394146	73000	168650024.015113	73000	168783340.319387	73000	169062552.457241	73000	169770868.908612	73000	169854319.544465	73000	171113941.194087
73500	164818275.496617	73500	170444718.047049	73500	171097442.718247	73500	173014678.539609	73500	166325862.576542	73500	169256119.027107	73500	168067584.068155	73500	169027851.651675	73500	169692583.536091	73500	170438350.317798	73500	170923656.098958
74000	165982602.258467	74000	170051356.854797	74000	171631855.126054	74000	170805299.270895	74000	167298019.062254	74000	168976392.427490	74000	169157343.449883	74000	169311404.182928	74000	169202592.972566	74000	170426192.836953	74000	169932140.703245
74500	164184334.043500	74500	170525391.792125	74500	170629908.879533	74500	172319734.946727	74500	166731679.389296	74500	168260912.964778	74500	169022005.396716	74500	168766313.210101	74500	169428765.454720	74500	169072860.088492	74500	170160533.290691
75000	165873155.446048	75000	171561091.971088	75000	171893478.905096	75000	172212583.876553	75000	167494015.620951	75000	168297119.495769	75000	169528368.926661	75000	168697297.896181	75000	169791615.953052	75000	169594358.471579	75000	171272358.473756
75500	164079709.615396	75500	169963937.381370	75500	171394541.550303	75500	172342678.413560	75500	166371150.428349	75500	168675868.854774	75500	168958112.615325	75500	169422417.588337	75500	169672703.004961	75500	169555267.076591	75500	169890916.597766
76000	166222711.316862	76000	170666102.637550	76000	171587672.371706	76000	171925614.420860	76000	167889611.040702	76000	167543059.139780	76000	169942744.497820	76000	169252107.068799	76000	170327726.498540	76000	170545159.647589	76000	170880235.375095
76500	165720565.925148	76500	170613298.237505	76500	171138909.971602	76500	171649658.256467	76500	167176781.464176	76500	168615224.345534	76500	168900184.115636	76500	169057463.884985	76500	170071859.776978	76500	169962204.545653	76500	170326123.262119
77000	164948795.400417	77000	169549025.975949	77000	172073630.439353	77000	173585893.444157	77000	166694390.072211	77000	168772149.893398	77000	169473863.560952	77000	169570680.473664	77000	169540277.255653	77000	169802688.240871	77000	171091779.091319
77500	165899200.356757	77500	170446727.635553	77500	170423049.372160	77500	172228598.393888	77500	167311465.350820	77500	167343587.942135	77500	168466138.239249	77500	168363538.976187	77500	170465744.552621	77500	170106075.402789	77500	170206255.955739
78000	165983764.383087	78000	170668891.242566	78000	171300631.404112	78000	172370462.373641	78000	167469363.177761	78000	168159497.056535	78000	167877843.584425	78000	168727270.659274	78000	169552487.768160	78000	170484132.955850	78000	171202732.396201
78500	164516348.170657	78500	170752891.651909	78500	172078672.970071	78500	172722763.641703	78500	166934661.487932	78500	167176280.964860	78500	168054062.676188	78500	169777153.650392	78500	169525441.725720	78500	170893408.987442	78500	170657818.582502
79000	165913105.962892	79000	170776815.898377	79000	172198223.617127	79000	172424535.087780	79000	168302154.221015	79000	167651821.184645	79000	168813012.398956	79000	168586263.641690	79000	170756382.129797	79000	170889920.175874	79000	169924280.097464
79500	165827630.689938	79500	171106015.857596	79500	171208565.816282	79500	173402451.358439	79500	166557496.964437	79500	167188550.163009	79500	168912792.879449	79500	169726564.170631	79500	169318760.518226	79500	169370763.111195	79500	170563203.486479
80000	166155473.735186	80000	170825061.884662	80000	170659320.794850	80000	172053119.227130	80000	167752177.986512	80000	167966308.349298	80000	168476966.939434	80000	168556840.493976	80000	170763340.470079	80000	170600340.623041	80000	170391324.107402
80500	165450805.219588	80500	170322825.942606	80500	171906049.352618	80500	171546135.741073	80500	167463141.573382	80500	167275808.878196	80500	169119582.158520	80500	168947468.099182	80500	169926933.927234	80500	170195467.423506	80500	169924341.255336
81000	165391156.015369	81000	171140605.613507	81000	171702667.737674	81000	172141651.459998	81000	166495604.438464	81000	167615336.341287	81000	169134863.889795	81000	168963191.446668	81000	170137266.370032	81000	170015760.097330	81000	169015353.446475
81500	165500812.871492	81500	171244159.137349	81500	172143430.913247	81500	173451200.214936	81500	168213763.188757	81500	167698379.805271	81500	169730434.213446	81500	170032375.654342	81500	170236379.010097	81500	169934419.869438	81500	170065838.799307
82000	164066779.739777	82000	171134687.948693	82000	172088248.992565	82000	171265870.482181	82000	166878855.965054	82000	167322237.761664	82000	168275097.695114	82000	170238979.403493	82000	170066307.221760	82000	170847471.266021	82000	170387407.053427
82500	164813251.066730	82500	170624697.913991	82500	172056102.000470	82500	172824810.741365	82500	167235902.563693	82500	168948904.759152	82500	168820661.617934	82500	169660099.277171	82500	168910407.507978	82500	171268730.236445	82500	169706273.202905
83000	166463975.516630	83000	170599281.322903	83000	172046941.388225	83000	173092244.574640	83000	168329159.623503	83000	169557889.872588	83000	169078920.356901	83000	169123587.054658	83000	168981019.822884	83000	170541099.145284	83000	171047106.439212
83500	163910135.687062	83500	170539873.870684	83500	171494663.547085	83500	172483385.085922	83500	167029411.877395	83500	167780883.854740	83500	168551130.694145	83500	168604044.076615	83500	169848879.971577	83500	170779121.519059	83500	170958827.820099
84000	166107612.246298	84000	171013049.591037	84000	171546482.696500	84000	172422337.176916	84000	166652320.293596	84000	168837496.411624	84000	168292634.547695	84000	169556323.013860	84000	169221237.355218	84000	169372045.173542	84000	170867688.541996
84500	164219308.050357	84500	170088495.388744	84500	171768604.950373	84500	173078449.740005	84500	165958795.553380	84500	167236136.259202	84500	168330434.255208	84500	169057657.599851	84500	168951226.219801	84500	170876416.371984	84500	171541305.869813
85000	165886730.266981	85000	170657478.757545	85000	171778169.774822	85000	172924454.736213	85000	166449580.652951	85000	169121396.325594	85000	169836086.286443	85000	170040405.485992	85000	169793264.735303	85000	170376635.113811	85000	169950193.789669
85500	165024679.008536	85500	170707622.877115	85500	170306815.523040	85500	172884986.366783	85500	165810313.284460	85500	167983230.126563	85500	168198076.849202	85500	168062872.348521	85500	169788103.512468	85500	169309986.768488	85500	169358341.446876
86000	164782525.931978	86000	170979206.611449	86000	172010146.799681	86000	171304619.802823	86000	167107098.422597	86000	166499155.424306	86000	167199289.471486	86000	168543007.053213	86000	169863823.477252	86000	169847745.488921	86000	171210385.994870
86500	167005696.799190	86500	170768616.653114	86500	172400198.092403	86500	172471067.347078	86500	165853325.900812	86500	167979770.132674	86500	168319431.460028	86500	168909633.356802	86500	170343028.787463	86500	170246499.362175	86500	170639412.579059
87000	165383179.907941	87000	171113069.068483	87000	171599935.163502	87000	172556719.576135	87000	166608687.617398	87000	167170311.768374	87000	168820484.897060	87000	169609716.988206	87000	168548264.147799	87000	170028199.926085	87000	169815833.529667
87500	164814572.929681	87500	170760471.142306	87500	171330110.688418	87500	172011065.596092	87500	166674101.625418	87500	168046158.510187	87500	169322807.204012	87500	169295892.856203	87500	169624534.366581	87500	170168965.393411	87500	170142794.934924
88000	165338375.424874	88000	170610421.388740	88000	170433550.004323	88000	172010581.542674	88000	166581458.649020	88000	168329855.269980	88000	168361717.230683	88000	169414675.880923	88000	169611168.752045	88000	170417479.577862	88000	171045186.627081
88500	164664096.768725	88500	169562202.708472	88500	172257432.362608	88500	172478085.891530	88500	166281804.291995	88500	167359795.511076	88500	169005390.775309	88500	168655825.946513	88500	170261319.280222	88500	169550015.074176	88500	168677436.042718
89000	164705586.598334	89000	169834929.110129	89000	172014185.315366	89000	172098437.813863	89000	166264113.163103	89000	167857622.315996	89000	168125832.158438	89000	168723846.842401	89000	170596577.754109	89000	170238716.370679	89000	171017502.773334
89500	165242037.877666	89500	170792112.429382	89500	172144297.323097	89500	172444697.131845	89500	166004628.954691	89500	169039240.560745	89500	169577053.737424	89500	169388288.569687	89500	168947467.264709	89500	168811150.068802	89500	169758364.382415
90000	165418071.792625	90000	170435256.763723	90000	171190675.089831	90000	172337676.358250	90000	167141367.211551	90000	169295823.442965	90000	169210654.868952	90000	169199305.353196	90000	168977837.623719	90000	171144433.215464	90000	170250377.936528
90500	165044392.570174	90500	172056020.167052	90500	172840078.570447	90500	172043010.374714	90500	167301556.287147	90500	168822143.653821	90500	168265420.424513	90500	169518401.700486	90500	170748370.957432	90500	170828333.429126	90500	170135267.268531
91000	165601017.489679	91000	170228951.458451	91000	172472246.226615	91000	172324835.209311	91000	168069786.708705	91000	166559781.179088	91000	169216322.247321	91000	169629802.185408	91000	169031633.544397	91000	170536205.145729	91000	170357451.133680
91500	164682812.388922	91500	171502573.947271	91500	170986586.302732	91500	172354130.676942	91500	167326056.796109	91500	168075434.359927	91500	169704369.508580	91500	170128119.255750	91500	169916098.573226	91500	170348558.459200	91500	170619283.611174
92000	165280720.696697	92000	171612806.724925	92000	170897337.849241	92000	172030213.858584	92000	167722622.246034	92000	167491544.695065	92000	168304703.153134	92000	169947055.568383	92000	169462254.632259	92000	169965767.634409	92000	169072476.075550
92500	164613982.224720	92500	170694367.435993	92500	171108511.630942	92500	171441868.020394	92500	167494283.951640	92500	168201664.163517	92500	168938615.554582	92500	169101534.700572	92500	169934208.585586	92500	169197374.745356	92500	170142096.467705
93000	165363332.070093	93000	169975268.996074	93000	171219115.504546	93000	172409327.072451	93000	167852135.149850	93000	168478844.454750	93000	169176079.759763	93000	169590731.252037	93000	171254019.401887	93000	170901776.827761	93000	171560758.802757
93500	165110058.585179	93500	169599019.335715	93500	171947721.916265	93500	172732488.392425	93500	167366952.855666	93500	168382743.326495	93500	168251694.053592	93500	170737599.796479	93500	170457097.658571	93500	169565395.300102	93500	171306748.661564
94000	166177553.438223	94000	171661295.638167	94000	171183134.414753	94000	173182530.039974	94000	165591732.100663	94000	168367195.145039	94000	168119997.857256	94000	169342810.829795	94000	170291052.240187	94000	169746008.251588	94000	171544029.551592
94500	166935952.006674	94500	170449861.402486	94500	170502036.188079	94500	172528997.697749	94500	167541401.246889	94500	168813002.411200	94500	169131774.079572	94500	169828461.979952	94500	169653183.376860	94500	171383032.192348	94500	170168202.839581
95000	166694885.429391	95000	170543294.071716	95000	171260335.282247	95000	172372669.606191	95000	166833197.624919	95000	168657205.589526	95000	168821367.074668	95000	169318280.489150	95000	169928321.064490	95000	170431939.171089	95000	170030174.914735
95500	165641815.053184	95500	170436110.441123	95500	171036728.704252	95500	172107893.630536	95500	166869294.313482	95500	168066932.760821	95500	168743207.805414	95500	169709266.619278	95500	169766358.195400	95500	170699800.051172	95500	169910655.880485
96000	165388144.379446	96000	169867680.538312	96000	171251872.862694	96000	171307273.695198	96000	166142271.054063	96000	168654111.256596	96000	169023370.144248	96000	168439299.311266	96000	169402312.599578	96000	169622268.059640	96000	171801442.577424
96500	165567912.700131	96500	170896641.341475	96500	171910443.461430	96500	172076150.466645	96500	166782293.405585	96500	168131855.553882	96500	168277355.586668	96500	168932181.876295	96500	169689510.426275	96500	170140741.594421	96500	171378212.507134
97000	166356197.597356	97000	170556654.306397	97000	172016599.932674	97000	171512664.096795	97000	167042793.133300	97000	167147328.764811	97000	168165875.992150	97000	168734994.403245	97000	169728122.912046	97000	170224436.618172	97000	171152552.289149
97500	166065749.386656	97500	171705532.658609	97500	171128015.605138	97500	173496164.992269	97500	167602925.941966	97500	170019455.401533	97500	170070214.278288	97500	169524383.389201	97500	168563194.838375	97500	170880781.426462	97500	171194830.044527
98000	164839924.381378	98000	170556703.725155	98000	171388192.654303	98000	172354357.152441	98000	167430233.655529	98000	167755597.762177	98000	169131793.170142	98000	169782323.799130	98000	169814148.615000	98000	170066508.001166	98000	169833379.533972
98500	165938768.964427	98500	170986386.494288	98500	172205401.577390	98500	171282317.375621	98500	167408948.851040	98500	168995639.480025	98500	168449916.394760	98500	169338822.967035	98500	170505826.004184	98500	170349180.490825	98500	170418317.024946
99000	165832856.173533	99000	170606049.089869	99000	172154234.166601	99000	172285883.014369	99000	166776760.385069	99000	168193936.172349	99000	169882983.348703	99000	169242106.164933	99000	170014693.445719	99000	169948860.588292	99000	170560052.446475
99500	165143361.911624	99500	170868931.758456	99500	171996680.216572	99500	171892316.340478	99500	166729779.324595	99500	168652495.344493	99500	168451927.869730	99500	169011957.077396	99500	169104264.218259	99500	171336075.675410	99500	170231870.763455
100000	165481777.055758	100000	170897096.096494	100000	171252862.647021	100000	172286016.187499	100000	167520351.694287	100000	167295748.681945	100000	168296186.004179	100000	170823530.349945	100000	170589417.698736	100000	170544512.376326	100000	169857802.871392
