#	SIM_0		#	SIM_-10		#	SIM_-12		#	SIM_-15		#	SIM_-2		#	SIM_-4		#	SIM_-5		#	SIM_-6		#	SIM_-7		#	SIM_-8		#	SIM_-9	
1	164587473.238761	1	172478981.213355	1	172974701.912310	1	173517071.595127	1	166016638.234575	1	168430339.789864	1	168856146.544754	1	170122455.978067	1	170480805.035972	1	171155390.069858	1	172316263.086469
500	163426365.447480	500	171739948.247134	500	172434431.491705	500	173802620.071038	500	164600167.217104	500	167789183.567575	500	167498929.806621	500	169892653.706937	500	169113450.427542	500	169982372.829986	500	170275745.726631
1000	163384579.884544	1000	171516720.349910	1000	170911454.839939	1000	172969855.558058	1000	166041023.361001	1000	167975514.925159	1000	168295945.866431	1000	168380604.065652	1000	169482792.013239	1000	170806351.935755	1000	169861327.095155
1500	163956081.954244	1500	171603570.859987	1500	172443603.197226	1500	173352274.051907	1500	165527860.450439	1500	168551324.250390	1500	167921629.216937	1500	168904964.335185	1500	169176452.406947	1500	170781399.912551	1500	170569032.858735
2000	163298525.500865	2000	171529274.938546	2000	171345669.449204	2000	173277297.080126	2000	165478589.593194	2000	167338493.592124	2000	168217752.513251	2000	169261935.132758	2000	170205626.601791	2000	170129963.897431	2000	170328873.729135
2500	163210740.084455	2500	171422550.213816	2500	171935598.534408	2500	172692787.753880	2500	165867122.262174	2500	167216126.214724	2500	167089171.897787	2500	170395784.917750	2500	169113863.689308	2500	169876830.078866	2500	169533791.945867
3000	163128170.677774	3000	171732678.727173	3000	171292426.204546	3000	172723229.847632	3000	164812851.766879	3000	167036474.003990	3000	167712420.650109	3000	169766217.982208	3000	170348695.298686	3000	169723364.491063	3000	170464911.423105
3500	163625940.390427	3500	170721543.130537	3500	171252422.552652	3500	172090714.313649	3500	166419162.304355	3500	167592848.571917	3500	168151453.960407	3500	168898795.039331	3500	170206489.303878	3500	170305376.891350	3500	170810527.003427
4000	163023404.400498	4000	172055042.434017	4000	172116548.183883	4000	173341678.114183	4000	165372789.766263	4000	167707378.589506	4000	168341661.719045	4000	169289066.487947	4000	169682148.732631	4000	170342659.958890	4000	171570594.703267
4500	164092370.193951	4500	172157478.482813	4500	172400233.466731	4500	172322683.611380	4500	166456957.453128	4500	167577404.015330	4500	168122841.173542	4500	168951277.019852	4500	169426620.032996	4500	170370577.790740	4500	170187639.308922
5000	164001976.936023	5000	171402435.327265	5000	171757409.272228	5000	173354125.821805	5000	164272134.386588	5000	167891082.069269	5000	168644465.219971	5000	168723876.585017	5000	169647015.828000	5000	168768617.846611	5000	171422364.409151
5500	163184984.936987	5500	171984476.510654	5500	171144333.571832	5500	172090077.745589	5500	165955443.418831	5500	167834668.285272	5500	168116427.521390	5500	168946264.202354	5500	168871030.147395	5500	170022960.188572	5500	169905311.271181
6000	163913736.921301	6000	171280276.521170	6000	171132771.953490	6000	172959688.310907	6000	165449268.376097	6000	166576030.899134	6000	167420175.190324	6000	168455419.002283	6000	170125602.064286	6000	169569979.932656	6000	170426124.297802
6500	163598354.753433	6500	171315606.309290	6500	171907286.841317	6500	173635371.005805	6500	165074100.963721	6500	168328985.681800	6500	168234753.398391	6500	167865049.477727	6500	169465717.642128	6500	170096547.819319	6500	171031561.886069
7000	163689689.947842	7000	171691044.722414	7000	172589708.770208	7000	172776766.114794	7000	164472393.060581	7000	167527041.490115	7000	168413396.722296	7000	170075216.372189	7000	169163840.319274	7000	169198427.721441	7000	170789169.852870
7500	163288366.091852	7500	170875590.484874	7500	171094733.677752	7500	173088150.322628	7500	165473933.127578	7500	167135173.620706	7500	167021454.089004	7500	170183790.324825	7500	169633711.822316	7500	169965541.485897	7500	170153585.276457
8000	163266047.506235	8000	171548692.659046	8000	172885327.768814	8000	173286835.340648	8000	165709001.315718	8000	167059611.031965	8000	168469077.070277	8000	169604783.837410	8000	169739461.389432	8000	169969907.283068	8000	171212834.777199
8500	164268697.591815	8500	172268946.332026	8500	171515089.827862	8500	172428361.028008	8500	165890916.654741	8500	167957657.183442	8500	168804255.093569	8500	169087570.221613	8500	170021728.874084	8500	171213587.596003	8500	170649145.240633
9000	163292924.386316	9000	171764966.265337	9000	171856242.649072	9000	173636077.071983	9000	165751954.629573	9000	167251841.978543	9000	167775789.714165	9000	168219051.462420	9000	169976309.867684	9000	170772277.300939	9000	170567348.932084
9500	163207852.232819	9500	171978457.435137	9500	171553708.469249	9500	171694285.816539	9500	166151896.309009	9500	167092602.377880	9500	167966213.553095	9500	168600190.159355	9500	170583012.658228	9500	170514165.948291	9500	170907986.531246
10000	163624637.577387	10000	171527486.510868	10000	171585464.673748	10000	172339177.099470	10000	165646896.738328	10000	167706476.603003	10000	166733693.728848	10000	169894923.743638	10000	170510147.958472	10000	170406762.955216	10000	170833429.501642
10500	163861596.621920	10500	171651628.457358	10500	172007909.288359	10500	173533108.488806	10500	165012938.678879	10500	167287742.193887	10500	168458400.184935	10500	169429296.970824	10500	169220612.533282	10500	171038361.991155	10500	171785361.226022
11000	163098886.328414	11000	171989835.201925	11000	172015059.751502	11000	172775173.013481	11000	165527070.399451	11000	166697231.573438	11000	168860934.957781	11000	169289914.973237	11000	169252114.389719	11000	170945725.537819	11000	170786580.622048
11500	164598403.836313	11500	170759946.546469	11500	172935117.788257	11500	172780716.117253	11500	165212538.732031	11500	167678322.838084	11500	169066477.574240	11500	169420501.202417	11500	169836220.128252	11500	169920667.291444	11500	171395945.977181
12000	163294380.982348	12000	170129195.272213	12000	172127807.521919	12000	172439854.139629	12000	164371678.292724	12000	167622805.649203	12000	167675995.803060	12000	168771926.055079	12000	168670096.601908	12000	169800336.601249	12000	171033161.976501
12500	162845652.340364	12500	170779769.331572	12500	171721504.542461	12500	172367541.800996	12500	165978256.765160	12500	167294903.205219	12500	167831675.963083	12500	168679159.659568	12500	169407153.438407	12500	170927183.415284	12500	171208814.645527
13000	163209138.623601	13000	171565918.740284	13000	172305167.761053	13000	172798365.966398	13000	165570974.748430	13000	167707526.554164	13000	168405222.525212	13000	170127003.312962	13000	169640904.982000	13000	170240766.410083	13000	171298845.573498
13500	163531908.137438	13500	170959952.653212	13500	172350917.145935	13500	173366264.010277	13500	165821985.904262	13500	166485134.648056	13500	168640781.535810	13500	168645762.324282	13500	170030854.016821	13500	170609773.546588	13500	171600844.760669
14000	163797484.676088	14000	171908580.653874	14000	172582877.524587	14000	173233704.014277	14000	165099656.124684	14000	167811623.766943	14000	168345922.390685	14000	168693861.646089	14000	169959413.401268	14000	169176733.269918	14000	170703853.345699
14500	162763542.783932	14500	171761593.739133	14500	172582172.563076	14500	173075575.734486	14500	165135770.839706	14500	167150368.486052	14500	168108795.603080	14500	168346276.506707	14500	170179711.986488	14500	169609998.841499	14500	170004032.599591
15000	162545269.244196	15000	170698477.504449	15000	172699777.132630	15000	173821424.834912	15000	165480904.238925	15000	167091123.326679	15000	167115608.620958	15000	169572285.161353	15000	169263765.534450	15000	169642061.663214	15000	170984788.911863
15500	163147421.689548	15500	171826878.314970	15500	171292076.575321	15500	173672573.288272	15500	166414583.641227	15500	168311124.674180	15500	167977407.866742	15500	168993687.398625	15500	169606109.451584	15500	171259108.918655	15500	171166229.486257
16000	163816418.611366	16000	172017536.588282	16000	172357755.341963	16000	173161416.184713	16000	165687200.803172	16000	167856125.078589	16000	168624141.098881	16000	169090832.181095	16000	169491734.732988	16000	170702835.020268	16000	169779375.110025
16500	163822159.953857	16500	171251055.378399	16500	172609135.064790	16500	172572978.812521	16500	165745285.539943	16500	166768065.610530	16500	168938533.714660	16500	169638468.177892	16500	170286888.171223	16500	170183148.099818	16500	170064927.884942
17000	163027579.223042	17000	170918669.001379	17000	171585723.936061	17000	173870863.238790	17000	165907021.973359	17000	167729111.898383	17000	168831364.538135	17000	168931106.484424	17000	169364425.095482	17000	170205252.347543	17000	170920183.098700
17500	163158288.754323	17500	171100049.935353	17500	171896108.803924	17500	173780490.756290	17500	165035941.309401	17500	167224362.941962	17500	168717254.640603	17500	169385916.402607	17500	169805839.562243	17500	170301807.105592	17500	170357268.457668
18000	162828474.550935	18000	171153338.283744	18000	172247023.653959	18000	173282459.642484	18000	165242410.498529	18000	167552137.100441	18000	167609965.416648	18000	168436478.336643	18000	169725769.224980	18000	169967406.090038	18000	170425328.062812
18500	162802332.525192	18500	171116422.749974	18500	172031695.805287	18500	172755385.628543	18500	165746893.254450	18500	166952007.489338	18500	167707136.549002	18500	169068940.670634	18500	170668768.282925	18500	170745627.386567	18500	170639381.924532
19000	164099733.996417	19000	171860247.988949	19000	172336597.458918	19000	174360311.490036	19000	165166972.856725	19000	167266189.762879	19000	168391432.777847	19000	169546624.038170	19000	169969802.442191	19000	170348582.309221	19000	171020486.173806
19500	162920354.758849	19500	170710487.216332	19500	172655076.547751	19500	173438752.362631	19500	164823976.419443	19500	166785537.417354	19500	167838379.715472	19500	169076077.427458	19500	170121362.513834	19500	168369146.238200	19500	171042746.471359
20000	162466852.426384	20000	171314328.432880	20000	171645173.777115	20000	172939066.306044	20000	165359555.619933	20000	168617627.220754	20000	167850779.796660	20000	169256080.448978	20000	170323164.982770	20000	170761131.265699	20000	170896255.106146
20500	164101796.875974	20500	171561895.519494	20500	171293545.774245	20500	173680598.262206	20500	165943737.877772	20500	167275843.178759	20500	168695226.071246	20500	168496060.926701	20500	169663932.489894	20500	170851935.730472	20500	170674605.314603
21000	162834405.769782	21000	171698158.699161	21000	172238243.144931	21000	172600234.041876	21000	165632326.899897	21000	167301518.883616	21000	168811796.716390	21000	169519242.244681	21000	169364921.016514	21000	169991858.735369	21000	170685550.479672
21500	164206300.764910	21500	171243999.321187	21500	172066068.109708	21500	172956598.730041	21500	166541548.928519	21500	168389763.574789	21500	168852152.858142	21500	168700333.493301	21500	169585397.440661	21500	170764373.743429	21500	171139042.483265
22000	162397059.411684	22000	171127168.895892	22000	171437785.442272	22000	172913674.809205	22000	166649920.529237	22000	167209207.629529	22000	168248908.758916	22000	168536001.902794	22000	169557753.779373	22000	170174301.890824	22000	170478630.492788
22500	163111033.312142	22500	170406359.172675	22500	172017250.937385	22500	173441517.506050	22500	164484075.150654	22500	167795016.120634	22500	168318089.593760	22500	167969611.559705	22500	169538578.372552	22500	169888461.529018	22500	170892814.476749
23000	163625778.918738	23000	171513440.786546	23000	173086685.977736	23000	173093031.258043	23000	165290140.583699	23000	167465985.559218	23000	167942310.017316	23000	168430695.300864	23000	170305711.414935	23000	169109646.967372	23000	170611231.602024
23500	163605109.173477	23500	171783895.367947	23500	172125583.831473	23500	172175801.002842	23500	166537296.163263	23500	166741038.939599	23500	168026379.173596	23500	169156708.799613	23500	170141620.483604	23500	171568930.879792	23500	170852328.616374
24000	164036764.617909	24000	170660493.122855	24000	173420103.446635	24000	172426199.283641	24000	166588544.087064	24000	167799187.756167	24000	167797879.340101	24000	169270664.553131	24000	169376301.162830	24000	169698338.007980	24000	170877765.496755
24500	162931712.468339	24500	171366498.575926	24500	171322339.892334	24500	172911461.934526	24500	165765832.555658	24500	167154466.028738	24500	168032353.927259	24500	169222640.545953	24500	170146956.064093	24500	169934887.212906	24500	170347641.730206
25000	162876121.718337	25000	170332603.619519	25000	171731145.947694	25000	172801134.673357	25000	165716278.475581	25000	167919641.711237	25000	168500145.906991	25000	168684203.444208	25000	168587604.543552	25000	170288563.414407	25000	171314209.373559
25500	163753933.459061	25500	170824293.266694	25500	171783892.574910	25500	172358078.996556	25500	165635525.364902	25500	167689532.238095	25500	168227187.167643	25500	168756701.992191	25500	169122377.034212	25500	170956175.136431	25500	171493849.764221
26000	163102164.027134	26000	171338398.225773	26000	173444711.157867	26000	173672470.142183	26000	165542401.697559	26000	167549910.714724	26000	167698784.095114	26000	169069048.409484	26000	169754130.195875	26000	169420533.141172	26000	171073707.185810
26500	163711338.998208	26500	170953877.703518	26500	171402759.108349	26500	172331844.586523	26500	165092305.697222	26500	168083027.649553	26500	167363183.155029	26500	168648390.973471	26500	168612611.705801	26500	169532960.350150	26500	170305238.399825
27000	163233542.622171	27000	171866282.294494	27000	171361592.100543	27000	172766428.974494	27000	165481251.377495	27000	166613620.659368	27000	167510844.781422	27000	169203314.695293	27000	169682637.722404	27000	170511838.598433	27000	169908561.923356
27500	162939362.604468	27500	171558048.794031	27500	172291960.729592	27500	172748577.764176	27500	165831105.496691	27500	167463416.652526	27500	168173626.044322	27500	168819941.632945	27500	170292772.160433	27500	170696541.068060	27500	171198306.649383
28000	162486329.094292	28000	170338518.360134	28000	172232912.831606	28000	172518447.448289	28000	165760941.209741	28000	168177239.967229	28000	167756483.331102	28000	169243098.560459	28000	169400936.625111	28000	169867683.834775	28000	170953941.240852
28500	163131584.917228	28500	171746849.967363	28500	172217928.358740	28500	172570158.227026	28500	165084752.872369	28500	166839214.090589	28500	167706881.064613	28500	169139328.552466	28500	169582755.382568	28500	170289929.881790	28500	171486625.743573
29000	163104419.696445	29000	171170525.503103	29000	172319497.882309	29000	172280706.740473	29000	165579933.043804	29000	166453975.609470	29000	168441745.747137	29000	169641492.782055	29000	169812942.222748	29000	169847453.906158	29000	170457162.015226
29500	163059424.261937	29500	171218859.960707	29500	171618767.761478	29500	173271418.081416	29500	165722952.605043	29500	167583832.291777	29500	168644435.383657	29500	169407833.258670	29500	169078711.501139	29500	169940021.541371	29500	171161304.670454
30000	163147665.039127	30000	170740013.158239	30000	171119866.184052	30000	173204690.672420	30000	164394548.967751	30000	166315771.926769	30000	168118121.328953	30000	168821168.101614	30000	170361752.971425	30000	170086031.941337	30000	170853759.584244
30500	163660525.227074	30500	171624570.048367	30500	171345163.669931	30500	172857705.051361	30500	166464109.651666	30500	167569615.533130	30500	168049328.703478	30500	168549867.333035	30500	169100265.797359	30500	170859603.604359	30500	170163990.675781
31000	162900083.874389	31000	170926038.498585	31000	172707888.790927	31000	172919789.910700	31000	165064119.261145	31000	167429318.375398	31000	168233833.500877	31000	168340771.983641	31000	170174000.555018	31000	170228094.650392	31000	172319077.959602
31500	163230525.368269	31500	171615963.328469	31500	171645579.696895	31500	173352281.288689	31500	165223731.105530	31500	167823453.005012	31500	168529779.092824	31500	169082804.085349	31500	169645605.627627	31500	169998383.302180	31500	170734270.463460
32000	162397972.537163	32000	171466804.783105	32000	172741478.990694	32000	173521079.480121	32000	166275843.637017	32000	167714472.928047	32000	167501011.841671	32000	168268140.623928	32000	170017960.010955	32000	171156153.565848	32000	171289931.780150
32500	163421851.576570	32500	171472743.557250	32500	172570197.264059	32500	173160025.989315	32500	165811269.846603	32500	167874325.013230	32500	168872704.658541	32500	168882275.278194	32500	169069382.994162	32500	171328228.887487	32500	170742343.355442
33000	163824124.458721	33000	170331898.298231	33000	171721451.838331	33000	172525314.103584	33000	165308555.618576	33000	167143023.489600	33000	167534216.970107	33000	168314608.440902	33000	169499430.470170	33000	170916027.627412	33000	169922667.597288
33500	163149832.902545	33500	171550392.288868	33500	171256467.818973	33500	173026229.569858	33500	164968704.189013	33500	167001314.218686	33500	168455523.249909	33500	169621050.909228	33500	169349927.074530	33500	170440976.716586	33500	170810797.984097
34000	163573169.102061	34000	171498338.464053	34000	171575674.606212	34000	173044781.968424	34000	165158222.410134	34000	167990935.600354	34000	168702033.924116	34000	168865398.649671	34000	169635389.926369	34000	170636725.442137	34000	171158220.955948
34500	162558840.528048	34500	171696242.828208	34500	171569767.064569	34500	172204816.695430	34500	165294500.116017	34500	166751017.831553	34500	168531767.833966	34500	169369587.084618	34500	169592268.101390	34500	170785613.103264	34500	171252414.819999
35000	162687284.695670	35000	170856571.893103	35000	171941203.083958	35000	173622357.884322	35000	165319868.381333	35000	167826251.131968	35000	168066733.708392	35000	168575135.057195	35000	168548806.014745	35000	170522259.333533	35000	169901682.261772
35500	162968264.714874	35500	170878423.331855	35500	172479321.130101	35500	172702944.714822	35500	165678608.826542	35500	168008199.065843	35500	168696349.146329	35500	168845587.769542	35500	169733882.795454	35500	169636577.013101	35500	171135413.547642
36000	164644327.053323	36000	171540787.440290	36000	172542168.259846	36000	173174858.236309	36000	165590901.993668	36000	167686068.150842	36000	167104826.931983	36000	169439467.760782	36000	169531437.922319	36000	170650845.505392	36000	171569490.612124
36500	163314679.738399	36500	170728592.885590	36500	172079958.697951	36500	173190805.444441	36500	165364027.193926	36500	167761350.381660	36500	167999311.710571	36500	169981518.002917	36500	170051845.334704	36500	169859909.826988	36500	170872845.211603
37000	162683748.801852	37000	170929621.117049	37000	172311561.555352	37000	173777822.331448	37000	166332092.234981	37000	167095067.676547	37000	167846858.365750	37000	168873032.257645	37000	169589482.486741	37000	170405714.208049	37000	170432088.317750
37500	162544818.145932	37500	172339572.059040	37500	172432552.124130	37500	173281485.953184	37500	166119779.537386	37500	168256575.078052	37500	167518622.628714	37500	169433257.188117	37500	169509893.734472	37500	171082251.171247	37500	171013394.459260
38000	163365379.205354	38000	170986088.467978	38000	172131347.528915	38000	172261203.808849	38000	166654611.752436	38000	168737274.181770	38000	168386022.459397	38000	169397188.629544	38000	169889769.904002	38000	171546090.232263	38000	171595319.974946
38500	163532269.822537	38500	171286177.417556	38500	171380536.971402	38500	173277812.529156	38500	166029637.471038	38500	167708841.449696	38500	168750766.251461	38500	168650279.162615	38500	168966044.878554	38500	170394924.090694	38500	170883108.878849
39000	162973184.274853	39000	170541333.400614	39000	172602881.427742	39000	173876882.000300	39000	164959215.920823	39000	167841507.600163	39000	168450084.584919	39000	169962004.361541	39000	169607556.241761	39000	170367772.145338	39000	170767875.341188
39500	163396272.737009	39500	171215823.098903	39500	172317912.063699	39500	172916322.159256	39500	166282113.475573	39500	167253331.987475	39500	168897281.220400	39500	169043277.758209	39500	169980644.124775	39500	170097719.273186	39500	170198469.206611
40000	163797400.796303	40000	170761574.079451	40000	172856177.248300	40000	172185254.893807	40000	165024231.506730	40000	168938567.747353	40000	167772623.823930	40000	169505448.367777	40000	169842786.838598	40000	170103040.498314	40000	170202231.514034
40500	163742560.878246	40500	171319289.768783	40500	171623880.388441	40500	173406391.079254	40500	165531284.678991	40500	166341155.206696	40500	167719196.223926	40500	168836915.028160	40500	168324960.445640	40500	170135107.905611	40500	170957616.599400
41000	163564392.199398	41000	171117208.036978	41000	172065413.338211	41000	172843862.042295	41000	165452062.322181	41000	166848329.060502	41000	168620892.272027	41000	169281254.097005	41000	170070962.655089	41000	170165762.765864	41000	170200745.252232
41500	163283624.267121	41500	170451325.979574	41500	171593947.944449	41500	172537648.096539	41500	165325669.416183	41500	167476852.597401	41500	167702872.890930	41500	169044983.455417	41500	169560949.743196	41500	169912111.410502	41500	170571416.685515
42000	162181370.108884	42000	170187370.654227	42000	171312104.341892	42000	172301070.106636	42000	165296282.525416	42000	166947370.253417	42000	168414301.382791	42000	169055953.862487	42000	169345374.690366	42000	169650513.751177	42000	170237386.160202
42500	162792954.735972	42500	171624838.629811	42500	171932335.784990	42500	173484364.802251	42500	166058102.598118	42500	168114544.749520	42500	168782208.309368	42500	170937459.798548	42500	169848854.689710	42500	169517256.470756	42500	170775544.925547
43000	162797851.088018	43000	171101443.981354	43000	171964611.481126	43000	172455381.133444	43000	165335111.170468	43000	167408158.665851	43000	169293376.079666	43000	169433852.362462	43000	170087248.788468	43000	169787956.968974	43000	170785907.474257
43500	163698493.688797	43500	172009800.908717	43500	172323026.286657	43500	173150413.084361	43500	165710890.201672	43500	166833613.133951	43500	169329372.017596	43500	169984250.525981	43500	169649571.724411	43500	170455850.594421	43500	171435684.676389
44000	163281573.326067	44000	171427000.646544	44000	171909371.628701	44000	172872533.251359	44000	165513669.147087	44000	167918809.703531	44000	167640754.958761	44000	169274838.658926	44000	168789590.542056	44000	170774601.142161	44000	169740100.118343
44500	163451360.802191	44500	171639386.898350	44500	172214760.092588	44500	172546338.019839	44500	165453313.484778	44500	167245619.808867	44500	168160528.912664	44500	168109322.193412	44500	168970743.004207	44500	169934992.663644	44500	171263210.456304
45000	163409093.394753	45000	171716536.721816	45000	172644995.357682	45000	173582376.796146	45000	164801945.143312	45000	166334441.592775	45000	167979384.229550	45000	169411855.785172	45000	169705509.423292	45000	169461660.927077	45000	171687524.261207
45500	162942962.030376	45500	170755805.098410	45500	172624589.410074	45500	173576974.475238	45500	165832285.092688	45500	166670758.340396	45500	168088986.133813	45500	168332717.833336	45500	169786797.004799	45500	170628167.744628	45500	170499076.722049
46000	163225853.743453	46000	170924893.333551	46000	172844921.759162	46000	172669314.350674	46000	165185300.983212	46000	167224890.064937	46000	168721388.045383	46000	169611400.887326	46000	169686404.456955	46000	171013054.797673	46000	171221252.795772
46500	163008985.254545	46500	170630461.190667	46500	171714428.464397	46500	173276233.740084	46500	165573188.587157	46500	166886002.627091	46500	168345168.926653	46500	168926744.528295	46500	169952153.977472	46500	170030744.063957	46500	170604717.669418
47000	163155330.510485	47000	171043631.799060	47000	172283966.615471	47000	173143211.925442	47000	165977234.025701	47000	167841396.626375	47000	169584483.114070	47000	168985442.174188	47000	169717214.144514	47000	170217859.907639	47000	169963400.788839
47500	163579106.729605	47500	170645447.177015	47500	171596513.143227	47500	172246197.089684	47500	165856538.007177	47500	167373879.610479	47500	167913424.475267	47500	168870051.234286	47500	169397643.732294	47500	169814688.210035	47500	170546132.841381
48000	164294534.592228	48000	171055699.707139	48000	171366577.102600	48000	172641110.553468	48000	166762501.417710	48000	167835667.858805	48000	168488680.177299	48000	168835028.088548	48000	169502066.756770	48000	170617769.784666	48000	171215192.733600
48500	162707371.607289	48500	171247132.880379	48500	171833660.896600	48500	173558768.219460	48500	165391450.417618	48500	167260672.624612	48500	167906176.076335	48500	169203189.868017	48500	170289044.935903	48500	170200549.473058	48500	170440342.393648
49000	162722877.272420	49000	170331017.823700	49000	171445615.890064	49000	173671265.669304	49000	164699132.916982	49000	167197666.052415	49000	167896683.749172	49000	168719718.070359	49000	169806376.493809	49000	170462317.697097	49000	170839191.563031
49500	162970353.804615	49500	170961077.290489	49500	171640969.094741	49500	172287574.018265	49500	166152280.701803	49500	168186496.833824	49500	168588916.572013	49500	169920782.906221	49500	169687545.291888	49500	170831768.944625	49500	170668067.310069
50000	163389667.656074	50000	171030641.608048	50000	172784948.031058	50000	172512924.584607	50000	165494476.370936	50000	167899485.047660	50000	168396188.861461	50000	169906361.824427	50000	170054102.560436	50000	170596092.888605	50000	170917855.556337
50500	163142505.535072	50500	170981952.866176	50500	170921010.538200	50500	172645052.021621	50500	164604239.328865	50500	165993007.735084	50500	168409799.606812	50500	169070487.470223	50500	169440529.190415	50500	170648651.995643	50500	170875037.830184
51000	163677208.167085	51000	170420099.191009	51000	172159743.444667	51000	173016053.753428	51000	165379741.228502	51000	168089190.231109	51000	168299673.099031	51000	168420629.028680	51000	169585756.270593	51000	169599977.459215	51000	170918711.345675
51500	162739936.961181	51500	171540360.322491	51500	171968736.193489	51500	172567486.521902	51500	165346897.007077	51500	167347597.676618	51500	167108261.562921	51500	168180365.752275	51500	169827938.362045	51500	170292002.904589	51500	171516836.977656
52000	163064308.919397	52000	171252455.938317	52000	172116475.334327	52000	172580037.354445	52000	165548730.606130	52000	167485033.958328	52000	167688404.622224	52000	169820903.182058	52000	170092183.355880	52000	169894033.261430	52000	171303874.390118
52500	163059954.790342	52500	171494910.664098	52500	171599389.047497	52500	172911130.985188	52500	165337397.975841	52500	167706744.944465	52500	168457159.224386	52500	170316199.590452	52500	170773144.199574	52500	170462401.703624	52500	171289301.373278
53000	164025719.765113	53000	171680981.016641	53000	171633896.528053	53000	172583644.081979	53000	164719238.331531	53000	167842963.162193	53000	168201030.518544	53000	169223030.583794	53000	168937721.044940	53000	169935818.764987	53000	171437146.974853
53500	163196190.634686	53500	171266190.430907	53500	171637492.541346	53500	172734102.111534	53500	165573143.905404	53500	166784896.187301	53500	167874851.471118	53500	169466375.439455	53500	169932635.766935	53500	170738236.967706	53500	170811695.754269
54000	163410874.069840	54000	170968751.302682	54000	170694247.300661	54000	173470309.785354	54000	166220045.819248	54000	168364134.720480	54000	168447573.142081	54000	169369509.603677	54000	169952433.619835	54000	170892418.419159	54000	170874324.143833
54500	163428059.448185	54500	171711858.950206	54500	173138988.382763	54500	172147412.342516	54500	165932125.558191	54500	166797339.882198	54500	167992098.292748	54500	168825556.341919	54500	169533469.564421	54500	169913461.239820	54500	170874251.460472
55000	163455429.318407	55000	171138501.783811	55000	172305179.814349	55000	173403008.499958	55000	165372927.080093	55000	167135619.462549	55000	168213549.575542	55000	169644721.026070	55000	169971654.346331	55000	171076636.121442	55000	170612662.055299
55500	163880723.431127	55500	171090955.364250	55500	172166988.819274	55500	172302338.595553	55500	165105724.849443	55500	167965170.607243	55500	168443894.939633	55500	170079323.426011	55500	170922128.608187	55500	170263980.005436	55500	170598610.792934
56000	163336522.801006	56000	170901334.819801	56000	171329568.265150	56000	172123152.442144	56000	165661149.390736	56000	167164752.365220	56000	167857461.530566	56000	168948214.745220	56000	169880230.571415	56000	170097814.787183	56000	170235858.052624
56500	162604547.614971	56500	172145323.131940	56500	171724345.213114	56500	172684078.824482	56500	165788335.371806	56500	167661067.954327	56500	167433099.509005	56500	168800576.182355	56500	170704931.182372	56500	170312934.367427	56500	170815250.691302
57000	162246088.908803	57000	170980741.420969	57000	172143544.826564	57000	172249242.188274	57000	165159551.441860	57000	166867674.098960	57000	168487950.027017	57000	168580099.982663	57000	169473925.328280	57000	170283268.809681	57000	170797592.343468
57500	162801130.452052	57500	170125833.978296	57500	171826555.304301	57500	173791953.207623	57500	165882853.803442	57500	167709532.142539	57500	167200522.957584	57500	168982869.314365	57500	170094746.228120	57500	170336113.394436	57500	170873645.059748
58000	163290583.088686	58000	171062272.993292	58000	172423046.774973	58000	173627944.159801	58000	166150461.726828	58000	167277476.714444	58000	168514984.883283	58000	168025453.173013	58000	169061713.285978	58000	170554572.358094	58000	171568448.893039
58500	162229942.899857	58500	170238551.866839	58500	171882061.573477	58500	172259774.444396	58500	165628292.514722	58500	166755064.699122	58500	168405941.603431	58500	168267547.134082	58500	169259033.179115	58500	170658655.500718	58500	170139844.872781
59000	163021215.009492	59000	171261661.801697	59000	171809672.381818	59000	173202086.032870	59000	166175543.434779	59000	167389305.434357	59000	168456871.558053	59000	169168803.632744	59000	169378755.655343	59000	170301867.617898	59000	170207680.845139
59500	163650067.402902	59500	171313143.326979	59500	171364764.745876	59500	172873322.194799	59500	165175058.205267	59500	167355754.197005	59500	168771085.711585	59500	169563262.123171	59500	170417661.219274	59500	170523351.824716	59500	170583224.557806
60000	163491390.018219	60000	171408046.254264	60000	172368119.061189	60000	173951747.820602	60000	165931472.161551	60000	167317046.443232	60000	167754597.462783	60000	168821616.980459	60000	169774255.099686	60000	169384749.089289	60000	171704043.969331
60500	163711682.804284	60500	171112354.281241	60500	172226634.395414	60500	173603538.665703	60500	166121824.269472	60500	168368428.388761	60500	168486657.978630	60500	169492655.251040	60500	170845509.254099	60500	170495282.013089	60500	170937863.093479
61000	163598025.742440	61000	171335409.157165	61000	172368519.753867	61000	172900036.245050	61000	166331362.501292	61000	167802933.114373	61000	167977787.946764	61000	169743050.289259	61000	169633756.121898	61000	169880407.771550	61000	171026248.791382
61500	163078029.385041	61500	171143571.563408	61500	171874829.256016	61500	173667332.748020	61500	165266207.149175	61500	168128447.586863	61500	168591769.552829	61500	169291118.790989	61500	168222888.769284	61500	169603765.876602	61500	171382083.580755
62000	163189347.790531	62000	170409934.173635	62000	170596941.530267	62000	173867530.627369	62000	165340368.679208	62000	167336951.298207	62000	168195036.365036	62000	168792746.146343	62000	169371161.389585	62000	170688374.736403	62000	171439702.686916
62500	162828732.907014	62500	172017584.485957	62500	173306413.052702	62500	172616376.542397	62500	165217403.738059	62500	167270271.081816	62500	167952496.890304	62500	169652439.441459	62500	170245133.272762	62500	171061636.007839	62500	171843759.675861
63000	163168730.027052	63000	171562956.343176	63000	172285979.838563	63000	172855456.801571	63000	165925582.164436	63000	166540616.488617	63000	167712644.207080	63000	169291822.081891	63000	169895562.352363	63000	170388641.244412	63000	170336373.462879
63500	163431785.249333	63500	170513662.583458	63500	171133484.302807	63500	173282056.541687	63500	165633655.227824	63500	166563686.492814	63500	167107553.168127	63500	168613782.259844	63500	169903607.560660	63500	170072745.559466	63500	170967643.736262
64000	163644561.315011	64000	170544242.278385	64000	173149518.666552	64000	172625992.089714	64000	166015621.152222	64000	166716217.410233	64000	168648812.089973	64000	169053069.912579	64000	170106201.576612	64000	170446352.535742	64000	170452374.450226
64500	163555073.304724	64500	171555127.649492	64500	171744673.114109	64500	172882145.998701	64500	166762644.610497	64500	167145535.618727	64500	168233402.225900	64500	169679387.599092	64500	170580221.397463	64500	170041063.304827	64500	171411667.743996
65000	162865413.783485	65000	169973859.323208	65000	172261921.734585	65000	171877209.917893	65000	165815121.648735	65000	166842399.964256	65000	168684014.898853	65000	168893925.239154	65000	169617862.304238	65000	170037779.511449	65000	170831300.108798
65500	163520963.306575	65500	171538702.244120	65500	172661135.741818	65500	172659604.804001	65500	165366406.101583	65500	167824980.235690	65500	167614917.947670	65500	169509151.174410	65500	169961470.064112	65500	169652847.887084	65500	171265026.263823
66000	163697641.009400	66000	171851906.424539	66000	171335566.119710	66000	171714764.447077	66000	165632054.206702	66000	167993933.479679	66000	168037177.695825	66000	169091294.027314	66000	169162969.814191	66000	170608979.171162	66000	171512892.871303
66500	163335335.083216	66500	171469434.939760	66500	171614565.665032	66500	172643227.905561	66500	164961906.593605	66500	167571712.261434	66500	168258392.750322	66500	169485544.645966	66500	169582206.074435	66500	170094495.725924	66500	170854837.059582
67000	164104810.829910	67000	171375261.724097	67000	172427913.518255	67000	173138726.226528	67000	165328920.492720	67000	167470855.646219	67000	168503476.970594	67000	169515303.822026	67000	169745439.106813	67000	169704404.064879	67000	170504497.121470
67500	162640908.236847	67500	169539411.024504	67500	172146196.694327	67500	172950694.821455	67500	164933664.796250	67500	167574295.053146	67500	167664283.764750	67500	169622220.028053	67500	170673758.900401	67500	170194533.730534	67500	170666848.592383
68000	163224170.370131	68000	172312001.703172	68000	173260153.095337	68000	172287203.076692	68000	165208217.761835	68000	167028969.471583	68000	167741314.623023	68000	168657956.732477	68000	169837892.449194	68000	171185514.685421	68000	171214252.806770
68500	162849734.427245	68500	170982050.915041	68500	171445902.809140	68500	172772723.358665	68500	165492283.510981	68500	166608858.726211	68500	168101450.032410	68500	169420161.031016	68500	169928333.967949	68500	169105882.968642	68500	169916562.112518
69000	163740381.184429	69000	171936829.118618	69000	171841665.225997	69000	172298678.671421	69000	165801613.482673	69000	166473324.159694	69000	168227988.046969	69000	168084246.722777	69000	169467357.700124	69000	170039376.060149	69000	171000354.839834
69500	164295744.751441	69500	170912629.734064	69500	172243834.569452	69500	172695154.226589	69500	166103190.385781	69500	167483558.982508	69500	168972123.021204	69500	169110057.886713	69500	169518919.193709	69500	170316202.202255	69500	170699726.777078
70000	162201228.114043	70000	171966488.785874	70000	171607480.116996	70000	172826971.616895	70000	164891180.729842	70000	166839089.610520	70000	167192707.023706	70000	169326408.437689	70000	169629953.655784	70000	169248561.074021	70000	170577149.695279
70500	163630604.520552	70500	171192875.410776	70500	172593361.741824	70500	172939753.777064	70500	164896167.854593	70500	166989072.358996	70500	167829581.955610	70500	168166610.550726	70500	168799347.475458	70500	170169931.294217	70500	170428937.601837
71000	162900222.895113	71000	171639518.678393	71000	171495896.968191	71000	173362784.918538	71000	165555763.359304	71000	167554718.500604	71000	168136472.326803	71000	168771861.927231	71000	169163586.682575	71000	169782125.909544	71000	170702372.240165
71500	163895802.059052	71500	171041338.002724	71500	171162590.590392	71500	172507753.266135	71500	165483034.181401	71500	167541712.438025	71500	168250666.908430	71500	168540855.911889	71500	169540850.578576	71500	171238657.140042	71500	170135503.912095
72000	162692463.409488	72000	171205341.434798	72000	172498658.730492	72000	172607141.074587	72000	165645295.540614	72000	166680190.952738	72000	167806670.939437	72000	168561786.331871	72000	170219191.674466	72000	169893439.604453	72000	170964767.108176
72500	163477602.006754	72500	171880661.118909	72500	172765892.053793	72500	173113495.986468	72500	165479810.090850	72500	168287511.677163	72500	168541089.601427	72500	168605305.514094	72500	169828362.281907	72500	170180825.078874	72500	170964582.033466
73000	164358802.672093	73000	170708727.959070	73000	171721229.097974	73000	173202751.640076	73000	165732786.107364	73000	168211925.243837	73000	168834767.435961	73000	168853885.942414	73000	169598047.938231	73000	169681556.836461	73000	171056244.995452
73500	163452881.637243	73500	171530716.825521	73500	172262558.370227	73500	173364125.252258	73500	164576055.218997	73500	168053506.418733	73500	167742871.672094	73500	169391032.653951	73500	170119470.900338	73500	170156482.914309	73500	171016395.252389
74000	163488302.578692	74000	171312503.065202	74000	172363583.398008	74000	172260095.085256	74000	166322822.868241	74000	168393630.328699	74000	168496200.854370	74000	169082836.197702	74000	169352294.387562	74000	169809358.248094	74000	170521108.347105
74500	162342097.793274	74500	171410667.083090	74500	171429972.439194	74500	173266962.477227	74500	165448151.884831	74500	167111977.733494	74500	168128745.248056	74500	168780755.338487	74500	169434076.958992	74500	170348636.813057	74500	170770775.361671
75000	163140529.207481	75000	171208353.344835	75000	173037999.536543	75000	172683164.868085	75000	164825788.478438	75000	167414437.315295	75000	168505214.451195	75000	168942145.189745	75000	169926880.194872	75000	169621193.336030	75000	171096906.220149
75500	162908251.349079	75500	170472561.849216	75500	171809550.984093	75500	172462752.144111	75500	164890502.149349	75500	167399359.029299	75500	168695288.886577	75500	168287673.805414	75500	169843679.440905	75500	170027139.841320	75500	170171537.151371
76000	164285402.735032	76000	171342523.727148	76000	172075833.900218	76000	172341147.940102	76000	166566882.315555	76000	166759911.617556	76000	169057682.388721	76000	168490147.700811	76000	169185753.275129	76000	170757816.439166	76000	171355208.644499
76500	163420013.515564	76500	171169037.004391	76500	172281100.329066	76500	173320185.661457	76500	165511028.971998	76500	167938647.211591	76500	168087442.258030	76500	168601499.151180	76500	169894762.226836	76500	170611390.906247	76500	170982823.421196
77000	163214772.971956	77000	170499356.114867	77000	172783351.694697	77000	174220025.800428	77000	165111751.274473	77000	167901275.626315	77000	168046251.255903	77000	168084924.105550	77000	169910544.680774	77000	170455220.241111	77000	171568589.941584
77500	163784051.326812	77500	171790953.934277	77500	171646238.205454	77500	172631037.966778	77500	165323051.895987	77500	166363237.026276	77500	168347224.590479	77500	167983759.459900	77500	170290200.868755	77500	170216440.881419	77500	170831197.372052
78000	164046769.666374	78000	171281212.256888	78000	171513701.129166	78000	174197612.867795	78000	165815500.860539	78000	167575588.520092	78000	168084405.055374	78000	168386707.264599	78000	168822355.235452	78000	170276195.814324	78000	171553854.939249
78500	163085456.178269	78500	170754957.364762	78500	171957240.200821	78500	172987452.179961	78500	165241060.014369	78500	166003090.992581	78500	167997108.971412	78500	169776271.449852	78500	169643861.152411	78500	171298643.850883	78500	171110402.296834
79000	162719719.551585	79000	171656654.237425	79000	172806678.689688	79000	173335744.309450	79000	166568060.445383	79000	167859604.215923	79000	168371264.887151	79000	168497197.431003	79000	170464383.072464	79000	170378093.532167	79000	170948641.374492
79500	164148183.785517	79500	171114777.342974	79500	172558991.230239	79500	174078968.078474	79500	165156052.852989	79500	166738234.557252	79500	168319727.363031	79500	169043456.521592	79500	169490872.527489	79500	169809139.021055	79500	171155680.504532
80000	163709653.374433	80000	171864042.629022	80000	171536907.004108	80000	172508971.536483	80000	165718710.964381	80000	166918457.843647	80000	168571465.762665	80000	168899313.130723	80000	170077129.226661	80000	170018250.794146	80000	170508744.060056
80500	163251210.890716	80500	169759507.340121	80500	172087262.091996	80500	172862572.439660	80500	165559242.646448	80500	167029698.133130	80500	168471415.205356	80500	169382429.862708	80500	169854746.702745	80500	169551234.910381	80500	169603912.193346
81000	163530195.390957	81000	171487715.065251	81000	172134997.799903	81000	173004114.107413	81000	165295431.656040	81000	166361088.411969	81000	168456812.663366	81000	169245924.834977	81000	170592066.780590	81000	170221900.782589	81000	170478091.439370
81500	163405116.348733	81500	170909664.181575	81500	172795250.216234	81500	173501970.906315	81500	165984653.014437	81500	167756393.704027	81500	169129129.177559	81500	169246439.013475	81500	169665912.203676	81500	169468166.372648	81500	170619931.997420
82000	162405003.454689	82000	171287514.213776	82000	171838716.026850	82000	172208165.053304	82000	166005493.013065	82000	166269441.371662	82000	168309075.619131	82000	168961769.952762	82000	170363231.589096	82000	170978029.178199	82000	170469381.873752
82500	162231500.468018	82500	170396825.857894	82500	172068940.284754	82500	173974083.231293	82500	165380975.459962	82500	167868597.934122	82500	167521967.012411	82500	168733917.114541	82500	168754511.178698	82500	170617158.477821	82500	170458806.215282
83000	163981842.520277	83000	170677621.816604	83000	172961965.569025	83000	173648744.229846	83000	166293217.534038	83000	168816975.540696	83000	168672386.844962	83000	168274504.838145	83000	169560316.979393	83000	170590781.627093	83000	171214750.399840
83500	162426292.411234	83500	171021387.569784	83500	172195980.720329	83500	173590494.863066	83500	165817385.013053	83500	168362385.052715	83500	168668577.406100	83500	168653966.304330	83500	169379508.788365	83500	170866548.450522	83500	171652237.754709
84000	163163751.846670	84000	171224838.834974	84000	172068876.053277	84000	173692772.092331	84000	165624367.637421	84000	167754176.249487	84000	167711438.146152	84000	169666281.712187	84000	169165067.126266	84000	169475943.275461	84000	170497805.202460
84500	162158072.828239	84500	169830774.771491	84500	172228377.750246	84500	172744834.967492	84500	166258881.504097	84500	167320164.553184	84500	168449663.698982	84500	168467337.870035	84500	168931168.704369	84500	171485407.190257	84500	171198639.083902
85000	164386170.576735	85000	170931462.040547	85000	172065129.501965	85000	173308572.801803	85000	165529275.613531	85000	167563588.990827	85000	169064362.953176	85000	169686713.457823	85000	169919697.288266	85000	170534352.490725	85000	170798747.213576
85500	163443636.798706	85500	170523738.382208	85500	171591066.457707	85500	173103614.650084	85500	164798771.091088	85500	167913522.068609	85500	168273602.144505	85500	168096090.773682	85500	169848713.248504	85500	169207709.819190	85500	171036052.611158
86000	162774806.462018	86000	171401931.917025	86000	171581732.239623	86000	172874811.837798	86000	164698387.744671	86000	166729762.748889	86000	167250967.691184	86000	169344965.732729	86000	170073586.966752	86000	170682784.432883	86000	171088554.936620
86500	163956773.142722	86500	171487325.488551	86500	172039271.991110	86500	173634368.436336	86500	164755223.711741	86500	166824886.114341	86500	168194584.152996	86500	169041643.115084	86500	169618412.019733	86500	171213287.490137	86500	171230230.943875
87000	163160671.117751	87000	171408887.478287	87000	171874112.328295	87000	173131467.541385	87000	165572126.983972	87000	166904856.889796	87000	167986069.074272	87000	168833861.517441	87000	168724537.352149	87000	169989786.783751	87000	170779844.517238
87500	163116314.307332	87500	171659644.700660	87500	172305129.164169	87500	172743290.815841	87500	165142631.150763	87500	167032689.601768	87500	168259060.427329	87500	168638192.125823	87500	170037915.953122	87500	170054842.188004	87500	170622617.214371
88000	163035914.120842	88000	170744591.350839	88000	171094828.815763	88000	172098504.921837	88000	165094958.715290	88000	167131951.325802	88000	167358537.504507	88000	169586350.388868	88000	169523578.278101	88000	170386899.042045	88000	171314266.995421
88500	163094033.571557	88500	170579970.452566	88500	172877085.612663	88500	172444994.750917	88500	165704724.249801	88500	166685797.410359	88500	168490768.081968	88500	169503591.663687	88500	170114804.354211	88500	169849469.333013	88500	170006340.980345
89000	162733501.033533	89000	170793427.364594	89000	172150910.503437	89000	172975109.426249	89000	165279420.932186	89000	167575846.158899	89000	167651093.384045	89000	169053020.817028	89000	170368919.473167	89000	170409524.185991	89000	171181292.303297
89500	163555000.099597	89500	170898063.452424	89500	172538722.999786	89500	172839755.326679	89500	164323103.307109	89500	167558325.082723	89500	168317254.420949	89500	168463858.953669	89500	169633068.150362	89500	169670413.472827	89500	170592375.672194
90000	163114237.322888	90000	171062734.097820	90000	172315275.645869	90000	173100695.720467	90000	165818636.719523	90000	168523902.139975	90000	169006176.560836	90000	169414568.665058	90000	168761171.994826	90000	170699526.957808	90000	170523079.648794
90500	162613139.102182	90500	171729034.286990	90500	172551809.853602	90500	172906327.972011	90500	165930071.823317	90500	168357122.466770	90500	167171426.350688	90500	168920944.501211	90500	170116813.937902	90500	170580333.805766	90500	171059871.622129
91000	163548857.296263	91000	171059498.040133	91000	172532033.063339	91000	172942378.213275	91000	166278465.524691	91000	166448645.693295	91000	167876851.680750	91000	169095602.688427	91000	169711103.108989	91000	171254943.522714	91000	170398711.673389
91500	162832003.743054	91500	170918224.578432	91500	171658158.046806	91500	173368810.269470	91500	165378732.747193	91500	167347135.643750	91500	168589546.638182	91500	169280835.063971	91500	170231375.520876	91500	170049909.223881	91500	170197313.077461
92000	163500242.802404	92000	171932694.673400	92000	171498963.174803	92000	173090060.895978	92000	166959529.350742	92000	167007235.981352	92000	167730045.326343	92000	169386515.753394	92000	169988224.895121	92000	170688473.763792	92000	169863773.818251
92500	162839763.758546	92500	170579009.487425	92500	171272342.013516	92500	171853913.635311	92500	165476075.892275	92500	167597563.763572	92500	168096981.726762	92500	168960428.434493	92500	170135657.101340	92500	169132504.278551	92500	170052205.783191
93000	163536201.445668	93000	170467898.037290	93000	171287882.496195	93000	172690378.982252	93000	166446251.182579	93000	168181091.370586	93000	169238967.961450	93000	169841391.192382	93000	170460421.468137	93000	170257050.724467	93000	171143780.163639
93500	163503514.711662	93500	171096173.144025	93500	172328114.953725	93500	174063258.128744	93500	165921646.759380	93500	167097634.044389	93500	167701569.165336	93500	169595530.026576	93500	169411458.162661	93500	170048689.332508	93500	171322891.537747
94000	164052842.406283	94000	171262573.199619	94000	171674157.722168	94000	173457580.175340	94000	164977128.108981	94000	167140712.914767	94000	167483597.536785	94000	168848092.610025	94000	170666249.669810	94000	170759439.760536	94000	171428984.752007
94500	164427424.242665	94500	170897054.231232	94500	171439500.779729	94500	171727358.813658	94500	166080346.181110	94500	167694662.429795	94500	168688987.734576	94500	169668409.864876	94500	169422426.104375	94500	171490279.801417	94500	170558188.857110
95000	164222072.425926	95000	170608445.365009	95000	171852132.946981	95000	173197569.184181	95000	165242163.489316	95000	167883181.540084	95000	168254782.213344	95000	169219623.511557	95000	169923630.253830	95000	170146238.093204	95000	170195492.653896
95500	163750480.321404	95500	171042652.058826	95500	172280480.254701	95500	172225392.864864	95500	165552068.289088	95500	167761826.645774	95500	167860243.168921	95500	169223489.631738	95500	170364445.696946	95500	170256883.481888	95500	170885848.555302
96000	163395151.760800	96000	170978407.404407	96000	170979412.402381	96000	171862555.644300	96000	164784644.993445	96000	167348340.661210	96000	167679650.421384	96000	168849172.303880	96000	169622669.217356	96000	169647099.761787	96000	171211780.439048
96500	163300080.851628	96500	170582618.858436	96500	172063421.698387	96500	172634647.448807	96500	165910299.914125	96500	167406972.474815	96500	168159242.878600	96500	168404831.142827	96500	169491624.213190	96500	170017103.413209	96500	171686793.485902
97000	163479403.515092	97000	171051750.478501	97000	172210963.576664	97000	172474624.159678	97000	166094893.344470	97000	167006710.308359	97000	167734187.205308	97000	168194274.030342	97000	169819678.274858	97000	170208570.924899	97000	171330433.841026
97500	163023952.671936	97500	171784017.533868	97500	172015057.666016	97500	173510366.925275	97500	166080610.530426	97500	168576983.846929	97500	169121900.712094	97500	169300529.544941	97500	169126592.730827	97500	170883188.677506	97500	171803368.468665
98000	163111803.262550	98000	170572769.262427	98000	172706504.123779	98000	172824887.900845	98000	165165928.679488	98000	167623225.787693	98000	168660545.907758	98000	169667634.715967	98000	170761874.566450	98000	170256087.896378	98000	170197493.658780
98500	163476429.013678	98500	171393229.179819	98500	172446609.957982	98500	172399911.333407	98500	166047983.145928	98500	167867297.366969	98500	167749624.980788	98500	169239978.209685	98500	170318523.441209	98500	170364837.802173	98500	170919988.139019
99000	163210775.868289	99000	171282480.020959	99000	172398473.916447	99000	173131770.981354	99000	165485725.992447	99000	166912273.433748	99000	168347841.350439	99000	169293613.566602	99000	169451246.303707	99000	170248749.053119	99000	170671130.755458
99500	163398727.384422	99500	171611723.614180	99500	172011658.893962	99500	172850002.962731	99500	165788816.159017	99500	168145582.366175	99500	168803763.835131	99500	169547137.242654	99500	168625762.329767	99500	170924136.853775	99500	170091069.265076
100000	162875526.927944	100000	171260724.379264	100000	172178162.255389	100000	172947509.860264	100000	165904627.679964	100000	166532586.335388	100000	167725933.097429	100000	170177043.179170	100000	170552552.654119	100000	170433742.153914	100000	170820976.360754
