#	SIM_20_0.05_0		#	SIM_20_0.05_-10		#	SIM_20_0.05_-12		#	SIM_20_0.05_-15		#	SIM_20_0.05_-2		#	SIM_20_0.05_-4		#	SIM_20_0.05_-5		#	SIM_20_0.05_-6		#	SIM_20_0.05_-7		#	SIM_20_0.05_-8		#	SIM_20_0.05_-9	
1	14.0000000000000	1	14.0000000000000	1	14.0000000000000	1	14.0000000000000	1	14.0000000000000	1	14.0000000000000	1	14.0000000000000	1	14.0000000000000	1	14.0000000000000	1	14.0000000000000	1	14.0000000000000
500	14.0000000000000	500	14.0000000000000	500	14.0000000000000	500	14.0000000000000	500	14.0000000000000	500	14.0000000000000	500	14.0000000000000	500	14.0000000000000	500	14.0000000000000	500	14.0000000000000	500	14.0000000000000
1000	14.0000000000000	1000	14.0000000000000	1000	14.0000000000000	1000	14.0000000000000	1000	14.0000000000000	1000	14.0000000000000	1000	14.0000000000000	1000	14.0000000000000	1000	14.0000000000000	1000	14.0000000000000	1000	14.0000000000000
1500	14.0000000000000	1500	14.0000000000000	1500	14.0000000000000	1500	14.0000000000000	1500	14.0000000000000	1500	14.0000000000000	1500	14.0000000000000	1500	14.0000000000000	1500	14.0000000000000	1500	14.0000000000000	1500	14.0000000000000
2000	14.0000000000000	2000	14.0000000000000	2000	14.0000000000000	2000	14.0000000000000	2000	14.0000000000000	2000	14.0000000000000	2000	14.0000000000000	2000	14.0000000000000	2000	14.0000000000000	2000	14.0000000000000	2000	14.0000000000000
2500	14.0000000000000	2500	14.0000000000000	2500	14.0000000000000	2500	14.0000000000000	2500	14.0000000000000	2500	14.0000000000000	2500	14.0000000000000	2500	14.0000000000000	2500	14.0000000000000	2500	14.0000000000000	2500	14.0000000000000
3000	14.0000000000000	3000	14.0000000000000	3000	14.0000000000000	3000	14.0000000000000	3000	14.0000000000000	3000	14.0000000000000	3000	14.0000000000000	3000	14.0000000000000	3000	14.0000000000000	3000	14.0000000000000	3000	14.0000000000000
3500	14.0000000000000	3500	14.0000000000000	3500	14.0000000000000	3500	14.0000000000000	3500	14.0000000000000	3500	14.0000000000000	3500	14.0000000000000	3500	14.0000000000000	3500	14.0000000000000	3500	14.0000000000000	3500	14.0000000000000
4000	14.0000000000000	4000	14.0000000000000	4000	14.0000000000000	4000	14.0000000000000	4000	14.0000000000000	4000	14.0000000000000	4000	14.0000000000000	4000	14.0000000000000	4000	14.0000000000000	4000	14.0000000000000	4000	14.0000000000000
4500	14.0000000000000	4500	14.0000000000000	4500	14.0000000000000	4500	14.0000000000000	4500	14.0000000000000	4500	14.0000000000000	4500	14.0000000000000	4500	14.0000000000000	4500	14.0000000000000	4500	14.0000000000000	4500	14.0000000000000
5000	14.0000000000000	5000	14.0000000000000	5000	14.0000000000000	5000	14.0000000000000	5000	14.0000000000000	5000	14.0000000000000	5000	14.0000000000000	5000	14.0000000000000	5000	14.0000000000000	5000	14.0000000000000	5000	14.0000000000000
5500	14.0000000000000	5500	14.0000000000000	5500	14.0000000000000	5500	14.0000000000000	5500	14.0000000000000	5500	14.0000000000000	5500	14.0000000000000	5500	14.0000000000000	5500	14.0000000000000	5500	14.0000000000000	5500	14.0000000000000
6000	14.0000000000000	6000	14.0000000000000	6000	14.0000000000000	6000	14.0000000000000	6000	14.0000000000000	6000	14.0000000000000	6000	14.0000000000000	6000	14.0000000000000	6000	14.0000000000000	6000	14.0000000000000	6000	14.0000000000000
6500	14.0000000000000	6500	14.0000000000000	6500	14.0000000000000	6500	14.0000000000000	6500	14.0000000000000	6500	14.0000000000000	6500	14.0000000000000	6500	14.0000000000000	6500	14.0000000000000	6500	14.0000000000000	6500	14.0000000000000
7000	14.0000000000000	7000	14.0000000000000	7000	14.0000000000000	7000	14.0000000000000	7000	14.0000000000000	7000	14.0000000000000	7000	14.0000000000000	7000	14.0000000000000	7000	14.0000000000000	7000	14.0000000000000	7000	14.0000000000000
7500	14.0000000000000	7500	14.0000000000000	7500	14.0000000000000	7500	14.0000000000000	7500	14.0000000000000	7500	14.0000000000000	7500	14.0000000000000	7500	14.0000000000000	7500	14.0000000000000	7500	14.0000000000000	7500	14.0000000000000
8000	14.0000000000000	8000	14.0000000000000	8000	14.0000000000000	8000	14.0000000000000	8000	14.0000000000000	8000	14.0000000000000	8000	14.0000000000000	8000	14.0000000000000	8000	14.0000000000000	8000	14.0000000000000	8000	14.0000000000000
8500	14.0000000000000	8500	14.0000000000000	8500	14.0000000000000	8500	14.0000000000000	8500	14.0000000000000	8500	14.0000000000000	8500	14.0000000000000	8500	14.0000000000000	8500	14.0000000000000	8500	14.0000000000000	8500	14.0000000000000
9000	14.0000000000000	9000	14.0000000000000	9000	14.0000000000000	9000	14.0000000000000	9000	14.0000000000000	9000	14.0000000000000	9000	14.0000000000000	9000	14.0000000000000	9000	14.0000000000000	9000	14.0000000000000	9000	14.0000000000000
9500	14.0000000000000	9500	14.0000000000000	9500	14.0000000000000	9500	14.0000000000000	9500	14.0000000000000	9500	14.0000000000000	9500	14.0000000000000	9500	14.0000000000000	9500	14.0000000000000	9500	14.0000000000000	9500	14.0000000000000
10000	14.0000000000000	10000	14.0000000000000	10000	14.0000000000000	10000	14.0000000000000	10000	14.0000000000000	10000	14.0000000000000	10000	14.0000000000000	10000	14.0000000000000	10000	14.0000000000000	10000	14.0000000000000	10000	14.0000000000000
10500	14.0000000000000	10500	14.0000000000000	10500	14.0000000000000	10500	14.0000000000000	10500	14.0000000000000	10500	14.0000000000000	10500	14.0000000000000	10500	14.0000000000000	10500	14.0000000000000	10500	14.0000000000000	10500	14.0000000000000
11000	14.0000000000000	11000	14.0000000000000	11000	14.0000000000000	11000	14.0000000000000	11000	14.0000000000000	11000	14.0000000000000	11000	14.0000000000000	11000	14.0000000000000	11000	14.0000000000000	11000	14.0000000000000	11000	14.0000000000000
11500	14.0000000000000	11500	14.0000000000000	11500	14.0000000000000	11500	14.0000000000000	11500	14.0000000000000	11500	14.0000000000000	11500	14.0000000000000	11500	14.0000000000000	11500	14.0000000000000	11500	14.0000000000000	11500	14.0000000000000
12000	14.0000000000000	12000	14.0000000000000	12000	14.0000000000000	12000	14.0000000000000	12000	14.0000000000000	12000	14.0000000000000	12000	14.0000000000000	12000	14.0000000000000	12000	14.0000000000000	12000	14.0000000000000	12000	14.0000000000000
12500	14.0000000000000	12500	14.0000000000000	12500	14.0000000000000	12500	14.0000000000000	12500	14.0000000000000	12500	14.0000000000000	12500	14.0000000000000	12500	14.0000000000000	12500	14.0000000000000	12500	14.0000000000000	12500	14.0000000000000
13000	14.0000000000000	13000	14.0000000000000	13000	14.0000000000000	13000	14.0000000000000	13000	14.0000000000000	13000	14.0000000000000	13000	14.0000000000000	13000	14.0000000000000	13000	14.0000000000000	13000	14.0000000000000	13000	14.0000000000000
13500	14.0000000000000	13500	14.0000000000000	13500	14.0000000000000	13500	14.0000000000000	13500	14.0000000000000	13500	14.0000000000000	13500	14.0000000000000	13500	14.0000000000000	13500	14.0000000000000	13500	14.0000000000000	13500	14.0000000000000
14000	14.0000000000000	14000	14.0000000000000	14000	14.0000000000000	14000	14.0000000000000	14000	14.0000000000000	14000	14.0000000000000	14000	14.0000000000000	14000	14.0000000000000	14000	14.0000000000000	14000	14.0000000000000	14000	14.0000000000000
14500	14.0000000000000	14500	14.0000000000000	14500	14.0000000000000	14500	14.0000000000000	14500	14.0000000000000	14500	14.0000000000000	14500	14.0000000000000	14500	14.0000000000000	14500	14.0000000000000	14500	14.0000000000000	14500	14.0000000000000
15000	14.0000000000000	15000	14.0000000000000	15000	14.0000000000000	15000	14.0000000000000	15000	14.0000000000000	15000	14.0000000000000	15000	14.0000000000000	15000	14.0000000000000	15000	14.0000000000000	15000	14.0000000000000	15000	14.0000000000000
15500	14.0000000000000	15500	14.0000000000000	15500	14.0000000000000	15500	14.0000000000000	15500	14.0000000000000	15500	14.0000000000000	15500	14.0000000000000	15500	14.0000000000000	15500	14.0000000000000	15500	14.0000000000000	15500	14.0000000000000
16000	14.0000000000000	16000	14.0000000000000	16000	14.0000000000000	16000	14.0000000000000	16000	14.0000000000000	16000	14.0000000000000	16000	14.0000000000000	16000	14.0000000000000	16000	14.0000000000000	16000	14.0000000000000	16000	14.0000000000000
16500	14.0000000000000	16500	14.0000000000000	16500	14.0000000000000	16500	14.0000000000000	16500	14.0000000000000	16500	14.0000000000000	16500	14.0000000000000	16500	14.0000000000000	16500	14.0000000000000	16500	14.0000000000000	16500	14.0000000000000
17000	14.0000000000000	17000	14.0000000000000	17000	14.0000000000000	17000	14.0000000000000	17000	14.0000000000000	17000	14.0000000000000	17000	14.0000000000000	17000	14.0000000000000	17000	14.0000000000000	17000	14.0000000000000	17000	14.0000000000000
17500	14.0000000000000	17500	14.0000000000000	17500	14.0000000000000	17500	14.0000000000000	17500	14.0000000000000	17500	14.0000000000000	17500	14.0000000000000	17500	14.0000000000000	17500	14.0000000000000	17500	14.0000000000000	17500	14.0000000000000
18000	14.0000000000000	18000	14.0000000000000	18000	14.0000000000000	18000	14.0000000000000	18000	14.0000000000000	18000	14.0000000000000	18000	14.0000000000000	18000	14.0000000000000	18000	14.0000000000000	18000	14.0000000000000	18000	14.0000000000000
18500	14.0000000000000	18500	14.0000000000000	18500	14.0000000000000	18500	14.0000000000000	18500	14.0000000000000	18500	14.0000000000000	18500	14.0000000000000	18500	14.0000000000000	18500	14.0000000000000	18500	14.0000000000000	18500	14.0000000000000
19000	14.0000000000000	19000	14.0000000000000	19000	14.0000000000000	19000	14.0000000000000	19000	14.0000000000000	19000	14.0000000000000	19000	14.0000000000000	19000	14.0000000000000	19000	14.0000000000000	19000	14.0000000000000	19000	14.0000000000000
19500	14.0000000000000	19500	14.0000000000000	19500	14.0000000000000	19500	14.0000000000000	19500	14.0000000000000	19500	14.0000000000000	19500	14.0000000000000	19500	14.0000000000000	19500	14.0000000000000	19500	14.0000000000000	19500	14.0000000000000
20000	14.0000000000000	20000	14.0000000000000	20000	14.0000000000000	20000	14.0000000000000	20000	14.0000000000000	20000	14.0000000000000	20000	14.0000000000000	20000	14.0000000000000	20000	14.0000000000000	20000	14.0000000000000	20000	14.0000000000000
20500	14.0000000000000	20500	14.0000000000000	20500	14.0000000000000	20500	14.0000000000000	20500	14.0000000000000	20500	14.0000000000000	20500	14.0000000000000	20500	14.0000000000000	20500	14.0000000000000	20500	14.0000000000000	20500	14.0000000000000
21000	14.0000000000000	21000	14.0000000000000	21000	14.0000000000000	21000	14.0000000000000	21000	14.0000000000000	21000	14.0000000000000	21000	14.0000000000000	21000	14.0000000000000	21000	14.0000000000000	21000	14.0000000000000	21000	14.0000000000000
21500	14.0000000000000	21500	14.0000000000000	21500	14.0000000000000	21500	14.0000000000000	21500	14.0000000000000	21500	14.0000000000000	21500	14.0000000000000	21500	14.0000000000000	21500	14.0000000000000	21500	14.0000000000000	21500	14.0000000000000
22000	14.0000000000000	22000	14.0000000000000	22000	14.0000000000000	22000	14.0000000000000	22000	14.0000000000000	22000	14.0000000000000	22000	14.0000000000000	22000	14.0000000000000	22000	14.0000000000000	22000	14.0000000000000	22000	14.0000000000000
22500	14.0000000000000	22500	14.0000000000000	22500	14.0000000000000	22500	14.0000000000000	22500	14.0000000000000	22500	14.0000000000000	22500	14.0000000000000	22500	14.0000000000000	22500	14.0000000000000	22500	14.0000000000000	22500	14.0000000000000
23000	14.0000000000000	23000	14.0000000000000	23000	14.0000000000000	23000	14.0000000000000	23000	14.0000000000000	23000	14.0000000000000	23000	14.0000000000000	23000	14.0000000000000	23000	14.0000000000000	23000	14.0000000000000	23000	14.0000000000000
23500	14.0000000000000	23500	14.0000000000000	23500	14.0000000000000	23500	14.0000000000000	23500	14.0000000000000	23500	14.0000000000000	23500	14.0000000000000	23500	14.0000000000000	23500	14.0000000000000	23500	14.0000000000000	23500	14.0000000000000
24000	14.0000000000000	24000	14.0000000000000	24000	14.0000000000000	24000	14.0000000000000	24000	14.0000000000000	24000	14.0000000000000	24000	14.0000000000000	24000	14.0000000000000	24000	14.0000000000000	24000	14.0000000000000	24000	14.0000000000000
24500	14.0000000000000	24500	14.0000000000000	24500	14.0000000000000	24500	14.0000000000000	24500	14.0000000000000	24500	14.0000000000000	24500	14.0000000000000	24500	14.0000000000000	24500	14.0000000000000	24500	14.0000000000000	24500	14.0000000000000
25000	14.0000000000000	25000	14.0000000000000	25000	14.0000000000000	25000	14.0000000000000	25000	14.0000000000000	25000	14.0000000000000	25000	14.0000000000000	25000	14.0000000000000	25000	14.0000000000000	25000	14.0000000000000	25000	14.0000000000000
25500	14.0000000000000	25500	14.0000000000000	25500	14.0000000000000	25500	14.0000000000000	25500	14.0000000000000	25500	14.0000000000000	25500	14.0000000000000	25500	14.0000000000000	25500	14.0000000000000	25500	14.0000000000000	25500	14.0000000000000
26000	14.0000000000000	26000	14.0000000000000	26000	14.0000000000000	26000	14.0000000000000	26000	14.0000000000000	26000	14.0000000000000	26000	14.0000000000000	26000	14.0000000000000	26000	14.0000000000000	26000	14.0000000000000	26000	14.0000000000000
26500	14.0000000000000	26500	14.0000000000000	26500	14.0000000000000	26500	14.0000000000000	26500	14.0000000000000	26500	14.0000000000000	26500	14.0000000000000	26500	14.0000000000000	26500	14.0000000000000	26500	14.0000000000000	26500	14.0000000000000
27000	14.0000000000000	27000	14.0000000000000	27000	14.0000000000000	27000	14.0000000000000	27000	14.0000000000000	27000	14.0000000000000	27000	14.0000000000000	27000	14.0000000000000	27000	14.0000000000000	27000	14.0000000000000	27000	14.0000000000000
27500	14.0000000000000	27500	14.0000000000000	27500	14.0000000000000	27500	14.0000000000000	27500	14.0000000000000	27500	14.0000000000000	27500	14.0000000000000	27500	14.0000000000000	27500	14.0000000000000	27500	14.0000000000000	27500	14.0000000000000
28000	14.0000000000000	28000	14.0000000000000	28000	14.0000000000000	28000	14.0000000000000	28000	14.0000000000000	28000	14.0000000000000	28000	14.0000000000000	28000	14.0000000000000	28000	14.0000000000000	28000	14.0000000000000	28000	14.0000000000000
28500	14.0000000000000	28500	14.0000000000000	28500	14.0000000000000	28500	14.0000000000000	28500	14.0000000000000	28500	14.0000000000000	28500	14.0000000000000	28500	14.0000000000000	28500	14.0000000000000	28500	14.0000000000000	28500	14.0000000000000
29000	14.0000000000000	29000	14.0000000000000	29000	14.0000000000000	29000	14.0000000000000	29000	14.0000000000000	29000	14.0000000000000	29000	14.0000000000000	29000	14.0000000000000	29000	14.0000000000000	29000	14.0000000000000	29000	14.0000000000000
29500	14.0000000000000	29500	14.0000000000000	29500	14.0000000000000	29500	14.0000000000000	29500	14.0000000000000	29500	14.0000000000000	29500	14.0000000000000	29500	14.0000000000000	29500	14.0000000000000	29500	14.0000000000000	29500	14.0000000000000
30000	14.0000000000000	30000	14.0000000000000	30000	14.0000000000000	30000	14.0000000000000	30000	14.0000000000000	30000	14.0000000000000	30000	14.0000000000000	30000	14.0000000000000	30000	14.0000000000000	30000	14.0000000000000	30000	14.0000000000000
30500	14.0000000000000	30500	14.0000000000000	30500	14.0000000000000	30500	14.0000000000000	30500	14.0000000000000	30500	14.0000000000000	30500	14.0000000000000	30500	14.0000000000000	30500	14.0000000000000	30500	14.0000000000000	30500	14.0000000000000
31000	14.0000000000000	31000	14.0000000000000	31000	14.0000000000000	31000	14.0000000000000	31000	14.0000000000000	31000	14.0000000000000	31000	14.0000000000000	31000	14.0000000000000	31000	14.0000000000000	31000	14.0000000000000	31000	14.0000000000000
31500	14.0000000000000	31500	14.0000000000000	31500	14.0000000000000	31500	14.0000000000000	31500	14.0000000000000	31500	14.0000000000000	31500	14.0000000000000	31500	14.0000000000000	31500	14.0000000000000	31500	14.0000000000000	31500	14.0000000000000
32000	14.0000000000000	32000	14.0000000000000	32000	14.0000000000000	32000	14.0000000000000	32000	14.0000000000000	32000	14.0000000000000	32000	14.0000000000000	32000	14.0000000000000	32000	14.0000000000000	32000	14.0000000000000	32000	14.0000000000000
32500	14.0000000000000	32500	14.0000000000000	32500	14.0000000000000	32500	14.0000000000000	32500	14.0000000000000	32500	14.0000000000000	32500	14.0000000000000	32500	14.0000000000000	32500	14.0000000000000	32500	14.0000000000000	32500	14.0000000000000
33000	14.0000000000000	33000	14.0000000000000	33000	14.0000000000000	33000	14.0000000000000	33000	14.0000000000000	33000	14.0000000000000	33000	14.0000000000000	33000	14.0000000000000	33000	14.0000000000000	33000	14.0000000000000	33000	14.0000000000000
33500	14.0000000000000	33500	14.0000000000000	33500	14.0000000000000	33500	14.0000000000000	33500	14.0000000000000	33500	14.0000000000000	33500	14.0000000000000	33500	14.0000000000000	33500	14.0000000000000	33500	14.0000000000000	33500	14.0000000000000
34000	14.0000000000000	34000	14.0000000000000	34000	14.0000000000000	34000	14.0000000000000	34000	14.0000000000000	34000	14.0000000000000	34000	14.0000000000000	34000	14.0000000000000	34000	14.0000000000000	34000	14.0000000000000	34000	14.0000000000000
34500	14.0000000000000	34500	14.0000000000000	34500	14.0000000000000	34500	14.0000000000000	34500	14.0000000000000	34500	14.0000000000000	34500	14.0000000000000	34500	14.0000000000000	34500	14.0000000000000	34500	14.0000000000000	34500	14.0000000000000
35000	14.0000000000000	35000	14.0000000000000	35000	14.0000000000000	35000	14.0000000000000	35000	14.0000000000000	35000	14.0000000000000	35000	14.0000000000000	35000	14.0000000000000	35000	14.0000000000000	35000	14.0000000000000	35000	14.0000000000000
35500	14.0000000000000	35500	14.0000000000000	35500	14.0000000000000	35500	14.0000000000000	35500	14.0000000000000	35500	14.0000000000000	35500	14.0000000000000	35500	14.0000000000000	35500	14.0000000000000	35500	14.0000000000000	35500	14.0000000000000
36000	14.0000000000000	36000	14.0000000000000	36000	14.0000000000000	36000	14.0000000000000	36000	14.0000000000000	36000	14.0000000000000	36000	14.0000000000000	36000	14.0000000000000	36000	14.0000000000000	36000	14.0000000000000	36000	14.0000000000000
36500	14.0000000000000	36500	14.0000000000000	36500	14.0000000000000	36500	14.0000000000000	36500	14.0000000000000	36500	14.0000000000000	36500	14.0000000000000	36500	14.0000000000000	36500	14.0000000000000	36500	14.0000000000000	36500	14.0000000000000
37000	14.0000000000000	37000	14.0000000000000	37000	14.0000000000000	37000	14.0000000000000	37000	14.0000000000000	37000	14.0000000000000	37000	14.0000000000000	37000	14.0000000000000	37000	14.0000000000000	37000	14.0000000000000	37000	14.0000000000000
37500	14.0000000000000	37500	14.0000000000000	37500	14.0000000000000	37500	14.0000000000000	37500	14.0000000000000	37500	14.0000000000000	37500	14.0000000000000	37500	14.0000000000000	37500	14.0000000000000	37500	14.0000000000000	37500	14.0000000000000
38000	14.0000000000000	38000	14.0000000000000	38000	14.0000000000000	38000	14.0000000000000	38000	14.0000000000000	38000	14.0000000000000	38000	14.0000000000000	38000	14.0000000000000	38000	14.0000000000000	38000	14.0000000000000	38000	14.0000000000000
38500	14.0000000000000	38500	14.0000000000000	38500	14.0000000000000	38500	14.0000000000000	38500	14.0000000000000	38500	14.0000000000000	38500	14.0000000000000	38500	14.0000000000000	38500	14.0000000000000	38500	14.0000000000000	38500	14.0000000000000
39000	14.0000000000000	39000	14.0000000000000	39000	14.0000000000000	39000	14.0000000000000	39000	14.0000000000000	39000	14.0000000000000	39000	14.0000000000000	39000	14.0000000000000	39000	14.0000000000000	39000	14.0000000000000	39000	14.0000000000000
39500	14.0000000000000	39500	14.0000000000000	39500	14.0000000000000	39500	14.0000000000000	39500	14.0000000000000	39500	14.0000000000000	39500	14.0000000000000	39500	14.0000000000000	39500	14.0000000000000	39500	14.0000000000000	39500	14.0000000000000
40000	14.0000000000000	40000	14.0000000000000	40000	14.0000000000000	40000	14.0000000000000	40000	14.0000000000000	40000	14.0000000000000	40000	14.0000000000000	40000	14.0000000000000	40000	14.0000000000000	40000	14.0000000000000	40000	14.0000000000000
40500	14.0000000000000	40500	14.0000000000000	40500	14.0000000000000	40500	14.0000000000000	40500	14.0000000000000	40500	14.0000000000000	40500	14.0000000000000	40500	14.0000000000000	40500	14.0000000000000	40500	14.0000000000000	40500	14.0000000000000
41000	14.0000000000000	41000	14.0000000000000	41000	14.0000000000000	41000	14.0000000000000	41000	14.0000000000000	41000	14.0000000000000	41000	14.0000000000000	41000	14.0000000000000	41000	14.0000000000000	41000	14.0000000000000	41000	14.0000000000000
41500	14.0000000000000	41500	14.0000000000000	41500	14.0000000000000	41500	14.0000000000000	41500	14.0000000000000	41500	14.0000000000000	41500	14.0000000000000	41500	14.0000000000000	41500	14.0000000000000	41500	14.0000000000000	41500	14.0000000000000
42000	14.0000000000000	42000	14.0000000000000	42000	14.0000000000000	42000	14.0000000000000	42000	14.0000000000000	42000	14.0000000000000	42000	14.0000000000000	42000	14.0000000000000	42000	14.0000000000000	42000	14.0000000000000	42000	14.0000000000000
42500	14.0000000000000	42500	14.0000000000000	42500	14.0000000000000	42500	14.0000000000000	42500	14.0000000000000	42500	14.0000000000000	42500	14.0000000000000	42500	14.0000000000000	42500	14.0000000000000	42500	14.0000000000000	42500	14.0000000000000
43000	14.0000000000000	43000	14.0000000000000	43000	14.0000000000000	43000	14.0000000000000	43000	14.0000000000000	43000	14.0000000000000	43000	14.0000000000000	43000	14.0000000000000	43000	14.0000000000000	43000	14.0000000000000	43000	14.0000000000000
43500	14.0000000000000	43500	14.0000000000000	43500	14.0000000000000	43500	14.0000000000000	43500	14.0000000000000	43500	14.0000000000000	43500	14.0000000000000	43500	14.0000000000000	43500	14.0000000000000	43500	14.0000000000000	43500	14.0000000000000
44000	14.0000000000000	44000	14.0000000000000	44000	14.0000000000000	44000	14.0000000000000	44000	14.0000000000000	44000	14.0000000000000	44000	14.0000000000000	44000	14.0000000000000	44000	14.0000000000000	44000	14.0000000000000	44000	14.0000000000000
44500	14.0000000000000	44500	14.0000000000000	44500	14.0000000000000	44500	14.0000000000000	44500	14.0000000000000	44500	14.0000000000000	44500	14.0000000000000	44500	14.0000000000000	44500	14.0000000000000	44500	14.0000000000000	44500	14.0000000000000
45000	14.0000000000000	45000	14.0000000000000	45000	14.0000000000000	45000	14.0000000000000	45000	14.0000000000000	45000	14.0000000000000	45000	14.0000000000000	45000	14.0000000000000	45000	14.0000000000000	45000	14.0000000000000	45000	14.0000000000000
45500	14.0000000000000	45500	14.0000000000000	45500	14.0000000000000	45500	14.0000000000000	45500	14.0000000000000	45500	14.0000000000000	45500	14.0000000000000	45500	14.0000000000000	45500	14.0000000000000	45500	14.0000000000000	45500	14.0000000000000
46000	14.0000000000000	46000	14.0000000000000	46000	14.0000000000000	46000	14.0000000000000	46000	14.0000000000000	46000	14.0000000000000	46000	14.0000000000000	46000	14.0000000000000	46000	14.0000000000000	46000	14.0000000000000	46000	14.0000000000000
46500	14.0000000000000	46500	14.0000000000000	46500	14.0000000000000	46500	14.0000000000000	46500	14.0000000000000	46500	14.0000000000000	46500	14.0000000000000	46500	14.0000000000000	46500	14.0000000000000	46500	14.0000000000000	46500	14.0000000000000
47000	14.0000000000000	47000	14.0000000000000	47000	14.0000000000000	47000	14.0000000000000	47000	14.0000000000000	47000	14.0000000000000	47000	14.0000000000000	47000	14.0000000000000	47000	14.0000000000000	47000	14.0000000000000	47000	14.0000000000000
47500	14.0000000000000	47500	14.0000000000000	47500	14.0000000000000	47500	14.0000000000000	47500	14.0000000000000	47500	14.0000000000000	47500	14.0000000000000	47500	14.0000000000000	47500	14.0000000000000	47500	14.0000000000000	47500	14.0000000000000
48000	14.0000000000000	48000	14.0000000000000	48000	14.0000000000000	48000	14.0000000000000	48000	14.0000000000000	48000	14.0000000000000	48000	14.0000000000000	48000	14.0000000000000	48000	14.0000000000000	48000	14.0000000000000	48000	14.0000000000000
48500	14.0000000000000	48500	14.0000000000000	48500	14.0000000000000	48500	14.0000000000000	48500	14.0000000000000	48500	14.0000000000000	48500	14.0000000000000	48500	14.0000000000000	48500	14.0000000000000	48500	14.0000000000000	48500	14.0000000000000
49000	14.0000000000000	49000	14.0000000000000	49000	14.0000000000000	49000	14.0000000000000	49000	14.0000000000000	49000	14.0000000000000	49000	14.0000000000000	49000	14.0000000000000	49000	14.0000000000000	49000	14.0000000000000	49000	14.0000000000000
49500	14.0000000000000	49500	14.0000000000000	49500	14.0000000000000	49500	14.0000000000000	49500	14.0000000000000	49500	14.0000000000000	49500	14.0000000000000	49500	14.0000000000000	49500	14.0000000000000	49500	14.0000000000000	49500	14.0000000000000
50000	14.0000000000000	50000	14.0000000000000	50000	14.0000000000000	50000	14.0000000000000	50000	14.0000000000000	50000	14.0000000000000	50000	14.0000000000000	50000	14.0000000000000	50000	14.0000000000000	50000	14.0000000000000	50000	14.0000000000000
50500	14.0000000000000	50500	14.0000000000000	50500	14.0000000000000	50500	14.0000000000000	50500	14.0000000000000	50500	14.0000000000000	50500	14.0000000000000	50500	14.0000000000000	50500	14.0000000000000	50500	14.0000000000000	50500	14.0000000000000
51000	14.0000000000000	51000	14.0000000000000	51000	14.0000000000000	51000	14.0000000000000	51000	14.0000000000000	51000	14.0000000000000	51000	14.0000000000000	51000	14.0000000000000	51000	14.0000000000000	51000	14.0000000000000	51000	14.0000000000000
51500	14.0000000000000	51500	14.0000000000000	51500	14.0000000000000	51500	14.0000000000000	51500	14.0000000000000	51500	14.0000000000000	51500	14.0000000000000	51500	14.0000000000000	51500	14.0000000000000	51500	14.0000000000000	51500	14.0000000000000
52000	14.0000000000000	52000	14.0000000000000	52000	14.0000000000000	52000	14.0000000000000	52000	14.0000000000000	52000	14.0000000000000	52000	14.0000000000000	52000	14.0000000000000	52000	14.0000000000000	52000	14.0000000000000	52000	14.0000000000000
52500	14.0000000000000	52500	14.0000000000000	52500	14.0000000000000	52500	14.0000000000000	52500	14.0000000000000	52500	14.0000000000000	52500	14.0000000000000	52500	14.0000000000000	52500	14.0000000000000	52500	14.0000000000000	52500	14.0000000000000
53000	14.0000000000000	53000	14.0000000000000	53000	14.0000000000000	53000	14.0000000000000	53000	14.0000000000000	53000	14.0000000000000	53000	14.0000000000000	53000	14.0000000000000	53000	14.0000000000000	53000	14.0000000000000	53000	14.0000000000000
53500	14.0000000000000	53500	14.0000000000000	53500	14.0000000000000	53500	14.0000000000000	53500	14.0000000000000	53500	14.0000000000000	53500	14.0000000000000	53500	14.0000000000000	53500	14.0000000000000	53500	14.0000000000000	53500	14.0000000000000
54000	14.0000000000000	54000	14.0000000000000	54000	14.0000000000000	54000	14.0000000000000	54000	14.0000000000000	54000	14.0000000000000	54000	14.0000000000000	54000	14.0000000000000	54000	14.0000000000000	54000	14.0000000000000	54000	14.0000000000000
54500	14.0000000000000	54500	14.0000000000000	54500	14.0000000000000	54500	14.0000000000000	54500	14.0000000000000	54500	14.0000000000000	54500	14.0000000000000	54500	14.0000000000000	54500	14.0000000000000	54500	14.0000000000000	54500	14.0000000000000
55000	14.0000000000000	55000	14.0000000000000	55000	14.0000000000000	55000	14.0000000000000	55000	14.0000000000000	55000	14.0000000000000	55000	14.0000000000000	55000	14.0000000000000	55000	14.0000000000000	55000	14.0000000000000	55000	14.0000000000000
55500	14.0000000000000	55500	14.0000000000000	55500	14.0000000000000	55500	14.0000000000000	55500	14.0000000000000	55500	14.0000000000000	55500	14.0000000000000	55500	14.0000000000000	55500	14.0000000000000	55500	14.0000000000000	55500	14.0000000000000
56000	14.0000000000000	56000	14.0000000000000	56000	14.0000000000000	56000	14.0000000000000	56000	14.0000000000000	56000	14.0000000000000	56000	14.0000000000000	56000	14.0000000000000	56000	14.0000000000000	56000	14.0000000000000	56000	14.0000000000000
56500	14.0000000000000	56500	14.0000000000000	56500	14.0000000000000	56500	14.0000000000000	56500	14.0000000000000	56500	14.0000000000000	56500	14.0000000000000	56500	14.0000000000000	56500	14.0000000000000	56500	14.0000000000000	56500	14.0000000000000
57000	14.0000000000000	57000	14.0000000000000	57000	14.0000000000000	57000	14.0000000000000	57000	14.0000000000000	57000	14.0000000000000	57000	14.0000000000000	57000	14.0000000000000	57000	14.0000000000000	57000	14.0000000000000	57000	14.0000000000000
57500	14.0000000000000	57500	14.0000000000000	57500	14.0000000000000	57500	14.0000000000000	57500	14.0000000000000	57500	14.0000000000000	57500	14.0000000000000	57500	14.0000000000000	57500	14.0000000000000	57500	14.0000000000000	57500	14.0000000000000
58000	14.0000000000000	58000	14.0000000000000	58000	14.0000000000000	58000	14.0000000000000	58000	14.0000000000000	58000	14.0000000000000	58000	14.0000000000000	58000	14.0000000000000	58000	14.0000000000000	58000	14.0000000000000	58000	14.0000000000000
58500	14.0000000000000	58500	14.0000000000000	58500	14.0000000000000	58500	14.0000000000000	58500	14.0000000000000	58500	14.0000000000000	58500	14.0000000000000	58500	14.0000000000000	58500	14.0000000000000	58500	14.0000000000000	58500	14.0000000000000
59000	14.0000000000000	59000	14.0000000000000	59000	14.0000000000000	59000	14.0000000000000	59000	14.0000000000000	59000	14.0000000000000	59000	14.0000000000000	59000	14.0000000000000	59000	14.0000000000000	59000	14.0000000000000	59000	14.0000000000000
59500	14.0000000000000	59500	14.0000000000000	59500	14.0000000000000	59500	14.0000000000000	59500	14.0000000000000	59500	14.0000000000000	59500	14.0000000000000	59500	14.0000000000000	59500	14.0000000000000	59500	14.0000000000000	59500	14.0000000000000
60000	14.0000000000000	60000	14.0000000000000	60000	14.0000000000000	60000	14.0000000000000	60000	14.0000000000000	60000	14.0000000000000	60000	14.0000000000000	60000	14.0000000000000	60000	14.0000000000000	60000	14.0000000000000	60000	14.0000000000000
60500	14.0000000000000	60500	14.0000000000000	60500	14.0000000000000	60500	14.0000000000000	60500	14.0000000000000	60500	14.0000000000000	60500	14.0000000000000	60500	14.0000000000000	60500	14.0000000000000	60500	14.0000000000000	60500	14.0000000000000
61000	14.0000000000000	61000	14.0000000000000	61000	14.0000000000000	61000	14.0000000000000	61000	14.0000000000000	61000	14.0000000000000	61000	14.0000000000000	61000	14.0000000000000	61000	14.0000000000000	61000	14.0000000000000	61000	14.0000000000000
61500	14.0000000000000	61500	14.0000000000000	61500	14.0000000000000	61500	14.0000000000000	61500	14.0000000000000	61500	14.0000000000000	61500	14.0000000000000	61500	14.0000000000000	61500	14.0000000000000	61500	14.0000000000000	61500	14.0000000000000
62000	14.0000000000000	62000	14.0000000000000	62000	14.0000000000000	62000	14.0000000000000	62000	14.0000000000000	62000	14.0000000000000	62000	14.0000000000000	62000	14.0000000000000	62000	14.0000000000000	62000	14.0000000000000	62000	14.0000000000000
62500	14.0000000000000	62500	14.0000000000000	62500	14.0000000000000	62500	14.0000000000000	62500	14.0000000000000	62500	14.0000000000000	62500	14.0000000000000	62500	14.0000000000000	62500	14.0000000000000	62500	14.0000000000000	62500	14.0000000000000
63000	14.0000000000000	63000	14.0000000000000	63000	14.0000000000000	63000	14.0000000000000	63000	14.0000000000000	63000	14.0000000000000	63000	14.0000000000000	63000	14.0000000000000	63000	14.0000000000000	63000	14.0000000000000	63000	14.0000000000000
63500	14.0000000000000	63500	14.0000000000000	63500	14.0000000000000	63500	14.0000000000000	63500	14.0000000000000	63500	14.0000000000000	63500	14.0000000000000	63500	14.0000000000000	63500	14.0000000000000	63500	14.0000000000000	63500	14.0000000000000
64000	14.0000000000000	64000	14.0000000000000	64000	14.0000000000000	64000	14.0000000000000	64000	14.0000000000000	64000	14.0000000000000	64000	14.0000000000000	64000	14.0000000000000	64000	14.0000000000000	64000	14.0000000000000	64000	14.0000000000000
64500	14.0000000000000	64500	14.0000000000000	64500	14.0000000000000	64500	14.0000000000000	64500	14.0000000000000	64500	14.0000000000000	64500	14.0000000000000	64500	14.0000000000000	64500	14.0000000000000	64500	14.0000000000000	64500	14.0000000000000
65000	14.0000000000000	65000	14.0000000000000	65000	14.0000000000000	65000	14.0000000000000	65000	14.0000000000000	65000	14.0000000000000	65000	14.0000000000000	65000	14.0000000000000	65000	14.0000000000000	65000	14.0000000000000	65000	14.0000000000000
65500	14.0000000000000	65500	14.0000000000000	65500	14.0000000000000	65500	14.0000000000000	65500	14.0000000000000	65500	14.0000000000000	65500	14.0000000000000	65500	14.0000000000000	65500	14.0000000000000	65500	14.0000000000000	65500	14.0000000000000
66000	14.0000000000000	66000	14.0000000000000	66000	14.0000000000000	66000	14.0000000000000	66000	14.0000000000000	66000	14.0000000000000	66000	14.0000000000000	66000	14.0000000000000	66000	14.0000000000000	66000	14.0000000000000	66000	14.0000000000000
66500	14.0000000000000	66500	14.0000000000000	66500	14.0000000000000	66500	14.0000000000000	66500	14.0000000000000	66500	14.0000000000000	66500	14.0000000000000	66500	14.0000000000000	66500	14.0000000000000	66500	14.0000000000000	66500	14.0000000000000
67000	14.0000000000000	67000	14.0000000000000	67000	14.0000000000000	67000	14.0000000000000	67000	14.0000000000000	67000	14.0000000000000	67000	14.0000000000000	67000	14.0000000000000	67000	14.0000000000000	67000	14.0000000000000	67000	14.0000000000000
67500	14.0000000000000	67500	14.0000000000000	67500	14.0000000000000	67500	14.0000000000000	67500	14.0000000000000	67500	14.0000000000000	67500	14.0000000000000	67500	14.0000000000000	67500	14.0000000000000	67500	14.0000000000000	67500	14.0000000000000
68000	14.0000000000000	68000	14.0000000000000	68000	14.0000000000000	68000	14.0000000000000	68000	14.0000000000000	68000	14.0000000000000	68000	14.0000000000000	68000	14.0000000000000	68000	14.0000000000000	68000	14.0000000000000	68000	14.0000000000000
68500	14.0000000000000	68500	14.0000000000000	68500	14.0000000000000	68500	14.0000000000000	68500	14.0000000000000	68500	14.0000000000000	68500	14.0000000000000	68500	14.0000000000000	68500	14.0000000000000	68500	14.0000000000000	68500	14.0000000000000
69000	14.0000000000000	69000	14.0000000000000	69000	14.0000000000000	69000	14.0000000000000	69000	14.0000000000000	69000	14.0000000000000	69000	14.0000000000000	69000	14.0000000000000	69000	14.0000000000000	69000	14.0000000000000	69000	14.0000000000000
69500	14.0000000000000	69500	14.0000000000000	69500	14.0000000000000	69500	14.0000000000000	69500	14.0000000000000	69500	14.0000000000000	69500	14.0000000000000	69500	14.0000000000000	69500	14.0000000000000	69500	14.0000000000000	69500	14.0000000000000
70000	14.0000000000000	70000	14.0000000000000	70000	14.0000000000000	70000	14.0000000000000	70000	14.0000000000000	70000	14.0000000000000	70000	14.0000000000000	70000	14.0000000000000	70000	14.0000000000000	70000	14.0000000000000	70000	14.0000000000000
70500	14.0000000000000	70500	14.0000000000000	70500	14.0000000000000	70500	14.0000000000000	70500	14.0000000000000	70500	14.0000000000000	70500	14.0000000000000	70500	14.0000000000000	70500	14.0000000000000	70500	14.0000000000000	70500	14.0000000000000
71000	14.0000000000000	71000	14.0000000000000	71000	14.0000000000000	71000	14.0000000000000	71000	14.0000000000000	71000	14.0000000000000	71000	14.0000000000000	71000	14.0000000000000	71000	14.0000000000000	71000	14.0000000000000	71000	14.0000000000000
71500	14.0000000000000	71500	14.0000000000000	71500	14.0000000000000	71500	14.0000000000000	71500	14.0000000000000	71500	14.0000000000000	71500	14.0000000000000	71500	14.0000000000000	71500	14.0000000000000	71500	14.0000000000000	71500	14.0000000000000
72000	14.0000000000000	72000	14.0000000000000	72000	14.0000000000000	72000	14.0000000000000	72000	14.0000000000000	72000	14.0000000000000	72000	14.0000000000000	72000	14.0000000000000	72000	14.0000000000000	72000	14.0000000000000	72000	14.0000000000000
72500	14.0000000000000	72500	14.0000000000000	72500	14.0000000000000	72500	14.0000000000000	72500	14.0000000000000	72500	14.0000000000000	72500	14.0000000000000	72500	14.0000000000000	72500	14.0000000000000	72500	14.0000000000000	72500	14.0000000000000
73000	14.0000000000000	73000	14.0000000000000	73000	14.0000000000000	73000	14.0000000000000	73000	14.0000000000000	73000	14.0000000000000	73000	14.0000000000000	73000	14.0000000000000	73000	14.0000000000000	73000	14.0000000000000	73000	14.0000000000000
73500	14.0000000000000	73500	14.0000000000000	73500	14.0000000000000	73500	14.0000000000000	73500	14.0000000000000	73500	14.0000000000000	73500	14.0000000000000	73500	14.0000000000000	73500	14.0000000000000	73500	14.0000000000000	73500	14.0000000000000
74000	14.0000000000000	74000	14.0000000000000	74000	14.0000000000000	74000	14.0000000000000	74000	14.0000000000000	74000	14.0000000000000	74000	14.0000000000000	74000	14.0000000000000	74000	14.0000000000000	74000	14.0000000000000	74000	14.0000000000000
74500	14.0000000000000	74500	14.0000000000000	74500	14.0000000000000	74500	14.0000000000000	74500	14.0000000000000	74500	14.0000000000000	74500	14.0000000000000	74500	14.0000000000000	74500	14.0000000000000	74500	14.0000000000000	74500	14.0000000000000
75000	14.0000000000000	75000	14.0000000000000	75000	14.0000000000000	75000	14.0000000000000	75000	14.0000000000000	75000	14.0000000000000	75000	14.0000000000000	75000	14.0000000000000	75000	14.0000000000000	75000	14.0000000000000	75000	14.0000000000000
75500	14.0000000000000	75500	14.0000000000000	75500	14.0000000000000	75500	14.0000000000000	75500	14.0000000000000	75500	14.0000000000000	75500	14.0000000000000	75500	14.0000000000000	75500	14.0000000000000	75500	14.0000000000000	75500	14.0000000000000
76000	14.0000000000000	76000	14.0000000000000	76000	14.0000000000000	76000	14.0000000000000	76000	14.0000000000000	76000	14.0000000000000	76000	14.0000000000000	76000	14.0000000000000	76000	14.0000000000000	76000	14.0000000000000	76000	14.0000000000000
76500	14.0000000000000	76500	14.0000000000000	76500	14.0000000000000	76500	14.0000000000000	76500	14.0000000000000	76500	14.0000000000000	76500	14.0000000000000	76500	14.0000000000000	76500	14.0000000000000	76500	14.0000000000000	76500	14.0000000000000
77000	14.0000000000000	77000	14.0000000000000	77000	14.0000000000000	77000	14.0000000000000	77000	14.0000000000000	77000	14.0000000000000	77000	14.0000000000000	77000	14.0000000000000	77000	14.0000000000000	77000	14.0000000000000	77000	14.0000000000000
77500	14.0000000000000	77500	14.0000000000000	77500	14.0000000000000	77500	14.0000000000000	77500	14.0000000000000	77500	14.0000000000000	77500	14.0000000000000	77500	14.0000000000000	77500	14.0000000000000	77500	14.0000000000000	77500	14.0000000000000
78000	14.0000000000000	78000	14.0000000000000	78000	14.0000000000000	78000	14.0000000000000	78000	14.0000000000000	78000	14.0000000000000	78000	14.0000000000000	78000	14.0000000000000	78000	14.0000000000000	78000	14.0000000000000	78000	14.0000000000000
78500	14.0000000000000	78500	14.0000000000000	78500	14.0000000000000	78500	14.0000000000000	78500	14.0000000000000	78500	14.0000000000000	78500	14.0000000000000	78500	14.0000000000000	78500	14.0000000000000	78500	14.0000000000000	78500	14.0000000000000
79000	14.0000000000000	79000	14.0000000000000	79000	14.0000000000000	79000	14.0000000000000	79000	14.0000000000000	79000	14.0000000000000	79000	14.0000000000000	79000	14.0000000000000	79000	14.0000000000000	79000	14.0000000000000	79000	14.0000000000000
79500	14.0000000000000	79500	14.0000000000000	79500	14.0000000000000	79500	14.0000000000000	79500	14.0000000000000	79500	14.0000000000000	79500	14.0000000000000	79500	14.0000000000000	79500	14.0000000000000	79500	14.0000000000000	79500	14.0000000000000
80000	14.0000000000000	80000	14.0000000000000	80000	14.0000000000000	80000	14.0000000000000	80000	14.0000000000000	80000	14.0000000000000	80000	14.0000000000000	80000	14.0000000000000	80000	14.0000000000000	80000	14.0000000000000	80000	14.0000000000000
80500	14.0000000000000	80500	14.0000000000000	80500	14.0000000000000	80500	14.0000000000000	80500	14.0000000000000	80500	14.0000000000000	80500	14.0000000000000	80500	14.0000000000000	80500	14.0000000000000	80500	14.0000000000000	80500	14.0000000000000
81000	14.0000000000000	81000	14.0000000000000	81000	14.0000000000000	81000	14.0000000000000	81000	14.0000000000000	81000	14.0000000000000	81000	14.0000000000000	81000	14.0000000000000	81000	14.0000000000000	81000	14.0000000000000	81000	14.0000000000000
81500	14.0000000000000	81500	14.0000000000000	81500	14.0000000000000	81500	14.0000000000000	81500	14.0000000000000	81500	14.0000000000000	81500	14.0000000000000	81500	14.0000000000000	81500	14.0000000000000	81500	14.0000000000000	81500	14.0000000000000
82000	14.0000000000000	82000	14.0000000000000	82000	14.0000000000000	82000	14.0000000000000	82000	14.0000000000000	82000	14.0000000000000	82000	14.0000000000000	82000	14.0000000000000	82000	14.0000000000000	82000	14.0000000000000	82000	14.0000000000000
82500	14.0000000000000	82500	14.0000000000000	82500	14.0000000000000	82500	14.0000000000000	82500	14.0000000000000	82500	14.0000000000000	82500	14.0000000000000	82500	14.0000000000000	82500	14.0000000000000	82500	14.0000000000000	82500	14.0000000000000
83000	14.0000000000000	83000	14.0000000000000	83000	14.0000000000000	83000	14.0000000000000	83000	14.0000000000000	83000	14.0000000000000	83000	14.0000000000000	83000	14.0000000000000	83000	14.0000000000000	83000	14.0000000000000	83000	14.0000000000000
83500	14.0000000000000	83500	14.0000000000000	83500	14.0000000000000	83500	14.0000000000000	83500	14.0000000000000	83500	14.0000000000000	83500	14.0000000000000	83500	14.0000000000000	83500	14.0000000000000	83500	14.0000000000000	83500	14.0000000000000
84000	14.0000000000000	84000	14.0000000000000	84000	14.0000000000000	84000	14.0000000000000	84000	14.0000000000000	84000	14.0000000000000	84000	14.0000000000000	84000	14.0000000000000	84000	14.0000000000000	84000	14.0000000000000	84000	14.0000000000000
84500	14.0000000000000	84500	14.0000000000000	84500	14.0000000000000	84500	14.0000000000000	84500	14.0000000000000	84500	14.0000000000000	84500	14.0000000000000	84500	14.0000000000000	84500	14.0000000000000	84500	14.0000000000000	84500	14.0000000000000
85000	14.0000000000000	85000	14.0000000000000	85000	14.0000000000000	85000	14.0000000000000	85000	14.0000000000000	85000	14.0000000000000	85000	14.0000000000000	85000	14.0000000000000	85000	14.0000000000000	85000	14.0000000000000	85000	14.0000000000000
85500	14.0000000000000	85500	14.0000000000000	85500	14.0000000000000	85500	14.0000000000000	85500	14.0000000000000	85500	14.0000000000000	85500	14.0000000000000	85500	14.0000000000000	85500	14.0000000000000	85500	14.0000000000000	85500	14.0000000000000
86000	14.0000000000000	86000	14.0000000000000	86000	14.0000000000000	86000	14.0000000000000	86000	14.0000000000000	86000	14.0000000000000	86000	14.0000000000000	86000	14.0000000000000	86000	14.0000000000000	86000	14.0000000000000	86000	14.0000000000000
86500	14.0000000000000	86500	14.0000000000000	86500	14.0000000000000	86500	14.0000000000000	86500	14.0000000000000	86500	14.0000000000000	86500	14.0000000000000	86500	14.0000000000000	86500	14.0000000000000	86500	14.0000000000000	86500	14.0000000000000
87000	14.0000000000000	87000	14.0000000000000	87000	14.0000000000000	87000	14.0000000000000	87000	14.0000000000000	87000	14.0000000000000	87000	14.0000000000000	87000	14.0000000000000	87000	14.0000000000000	87000	14.0000000000000	87000	14.0000000000000
87500	14.0000000000000	87500	14.0000000000000	87500	14.0000000000000	87500	14.0000000000000	87500	14.0000000000000	87500	14.0000000000000	87500	14.0000000000000	87500	14.0000000000000	87500	14.0000000000000	87500	14.0000000000000	87500	14.0000000000000
88000	14.0000000000000	88000	14.0000000000000	88000	14.0000000000000	88000	14.0000000000000	88000	14.0000000000000	88000	14.0000000000000	88000	14.0000000000000	88000	14.0000000000000	88000	14.0000000000000	88000	14.0000000000000	88000	14.0000000000000
88500	14.0000000000000	88500	14.0000000000000	88500	14.0000000000000	88500	14.0000000000000	88500	14.0000000000000	88500	14.0000000000000	88500	14.0000000000000	88500	14.0000000000000	88500	14.0000000000000	88500	14.0000000000000	88500	14.0000000000000
89000	14.0000000000000	89000	14.0000000000000	89000	14.0000000000000	89000	14.0000000000000	89000	14.0000000000000	89000	14.0000000000000	89000	14.0000000000000	89000	14.0000000000000	89000	14.0000000000000	89000	14.0000000000000	89000	14.0000000000000
89500	14.0000000000000	89500	14.0000000000000	89500	14.0000000000000	89500	14.0000000000000	89500	14.0000000000000	89500	14.0000000000000	89500	14.0000000000000	89500	14.0000000000000	89500	14.0000000000000	89500	14.0000000000000	89500	14.0000000000000
90000	14.0000000000000	90000	14.0000000000000	90000	14.0000000000000	90000	14.0000000000000	90000	14.0000000000000	90000	14.0000000000000	90000	14.0000000000000	90000	14.0000000000000	90000	14.0000000000000	90000	14.0000000000000	90000	14.0000000000000
90500	14.0000000000000	90500	14.0000000000000	90500	14.0000000000000	90500	14.0000000000000	90500	14.0000000000000	90500	14.0000000000000	90500	14.0000000000000	90500	14.0000000000000	90500	14.0000000000000	90500	14.0000000000000	90500	14.0000000000000
91000	14.0000000000000	91000	14.0000000000000	91000	14.0000000000000	91000	14.0000000000000	91000	14.0000000000000	91000	14.0000000000000	91000	14.0000000000000	91000	14.0000000000000	91000	14.0000000000000	91000	14.0000000000000	91000	14.0000000000000
91500	14.0000000000000	91500	14.0000000000000	91500	14.0000000000000	91500	14.0000000000000	91500	14.0000000000000	91500	14.0000000000000	91500	14.0000000000000	91500	14.0000000000000	91500	14.0000000000000	91500	14.0000000000000	91500	14.0000000000000
92000	14.0000000000000	92000	14.0000000000000	92000	14.0000000000000	92000	14.0000000000000	92000	14.0000000000000	92000	14.0000000000000	92000	14.0000000000000	92000	14.0000000000000	92000	14.0000000000000	92000	14.0000000000000	92000	14.0000000000000
92500	14.0000000000000	92500	14.0000000000000	92500	14.0000000000000	92500	14.0000000000000	92500	14.0000000000000	92500	14.0000000000000	92500	14.0000000000000	92500	14.0000000000000	92500	14.0000000000000	92500	14.0000000000000	92500	14.0000000000000
93000	14.0000000000000	93000	14.0000000000000	93000	14.0000000000000	93000	14.0000000000000	93000	14.0000000000000	93000	14.0000000000000	93000	14.0000000000000	93000	14.0000000000000	93000	14.0000000000000	93000	14.0000000000000	93000	14.0000000000000
93500	14.0000000000000	93500	14.0000000000000	93500	14.0000000000000	93500	14.0000000000000	93500	14.0000000000000	93500	14.0000000000000	93500	14.0000000000000	93500	14.0000000000000	93500	14.0000000000000	93500	14.0000000000000	93500	14.0000000000000
94000	14.0000000000000	94000	14.0000000000000	94000	14.0000000000000	94000	14.0000000000000	94000	14.0000000000000	94000	14.0000000000000	94000	14.0000000000000	94000	14.0000000000000	94000	14.0000000000000	94000	14.0000000000000	94000	14.0000000000000
94500	14.0000000000000	94500	14.0000000000000	94500	14.0000000000000	94500	14.0000000000000	94500	14.0000000000000	94500	14.0000000000000	94500	14.0000000000000	94500	14.0000000000000	94500	14.0000000000000	94500	14.0000000000000	94500	14.0000000000000
95000	14.0000000000000	95000	14.0000000000000	95000	14.0000000000000	95000	14.0000000000000	95000	14.0000000000000	95000	14.0000000000000	95000	14.0000000000000	95000	14.0000000000000	95000	14.0000000000000	95000	14.0000000000000	95000	14.0000000000000
95500	14.0000000000000	95500	14.0000000000000	95500	14.0000000000000	95500	14.0000000000000	95500	14.0000000000000	95500	14.0000000000000	95500	14.0000000000000	95500	14.0000000000000	95500	14.0000000000000	95500	14.0000000000000	95500	14.0000000000000
96000	14.0000000000000	96000	14.0000000000000	96000	14.0000000000000	96000	14.0000000000000	96000	14.0000000000000	96000	14.0000000000000	96000	14.0000000000000	96000	14.0000000000000	96000	14.0000000000000	96000	14.0000000000000	96000	14.0000000000000
96500	14.0000000000000	96500	14.0000000000000	96500	14.0000000000000	96500	14.0000000000000	96500	14.0000000000000	96500	14.0000000000000	96500	14.0000000000000	96500	14.0000000000000	96500	14.0000000000000	96500	14.0000000000000	96500	14.0000000000000
97000	14.0000000000000	97000	14.0000000000000	97000	14.0000000000000	97000	14.0000000000000	97000	14.0000000000000	97000	14.0000000000000	97000	14.0000000000000	97000	14.0000000000000	97000	14.0000000000000	97000	14.0000000000000	97000	14.0000000000000
97500	14.0000000000000	97500	14.0000000000000	97500	14.0000000000000	97500	14.0000000000000	97500	14.0000000000000	97500	14.0000000000000	97500	14.0000000000000	97500	14.0000000000000	97500	14.0000000000000	97500	14.0000000000000	97500	14.0000000000000
98000	14.0000000000000	98000	14.0000000000000	98000	14.0000000000000	98000	14.0000000000000	98000	14.0000000000000	98000	14.0000000000000	98000	14.0000000000000	98000	14.0000000000000	98000	14.0000000000000	98000	14.0000000000000	98000	14.0000000000000
98500	14.0000000000000	98500	14.0000000000000	98500	14.0000000000000	98500	14.0000000000000	98500	14.0000000000000	98500	14.0000000000000	98500	14.0000000000000	98500	14.0000000000000	98500	14.0000000000000	98500	14.0000000000000	98500	14.0000000000000
99000	14.0000000000000	99000	14.0000000000000	99000	14.0000000000000	99000	14.0000000000000	99000	14.0000000000000	99000	14.0000000000000	99000	14.0000000000000	99000	14.0000000000000	99000	14.0000000000000	99000	14.0000000000000	99000	14.0000000000000
99500	14.0000000000000	99500	14.0000000000000	99500	14.0000000000000	99500	14.0000000000000	99500	14.0000000000000	99500	14.0000000000000	99500	14.0000000000000	99500	14.0000000000000	99500	14.0000000000000	99500	14.0000000000000	99500	14.0000000000000
100000	14.0000000000000	100000	14.0000000000000	100000	14.0000000000000	100000	14.0000000000000	100000	14.0000000000000	100000	14.0000000000000	100000	14.0000000000000	100000	14.0000000000000	100000	14.0000000000000	100000	14.0000000000000	100000	14.0000000000000
