#	SIM_20_0.05_0		#	SIM_20_0.05_-10		#	SIM_20_0.05_-12		#	SIM_20_0.05_-15		#	SIM_20_0.05_-2		#	SIM_20_0.05_-4		#	SIM_20_0.05_-5		#	SIM_20_0.05_-6		#	SIM_20_0.05_-7		#	SIM_20_0.05_-8		#	SIM_20_0.05_-9	
1	177514955.874404	1	189248309.226254	1	190035549.175209	1	194150899.106900	1	179110682.601055	1	182886080.224453	1	184419740.356178	1	185594223.956333	1	186048118.656707	1	187125527.429624	1	187587709.096730
500	176580912.944280	500	188846754.581241	500	190981262.694895	500	193358958.788817	500	179820095.450655	500	181999067.426814	500	183948843.731554	500	185719618.971186	500	186577460.535215	500	187218016.554098	500	188549578.785907
1000	176322854.446153	1000	190035510.463768	1000	190693342.422738	1000	193053216.602481	1000	178396156.208428	1000	182193417.433636	1000	183974386.039662	1000	184246221.759304	1000	187330511.813426	1000	186588200.429098	1000	188516044.027160
1500	177223711.404426	1500	190182095.611199	1500	190510468.124669	1500	193250657.752822	1500	179869623.096215	1500	181840050.936943	1500	184014279.305363	1500	185295156.550044	1500	186311656.720480	1500	187098478.579281	1500	187899608.271264
2000	177013788.412524	2000	189699627.934397	2000	192235940.631325	2000	193588863.162097	2000	180601575.116136	2000	182759128.820890	2000	184412486.110868	2000	185099723.432699	2000	185814319.080804	2000	186860264.563468	2000	188383397.348170
2500	176348857.771128	2500	189567670.127672	2500	191116981.035261	2500	193330069.134405	2500	179458811.888083	2500	182891949.227588	2500	183557827.605865	2500	185412351.568339	2500	185411470.145936	2500	186231414.015098	2500	188976238.132637
3000	177000825.653297	3000	189851193.316159	3000	190583557.389603	3000	192564117.148049	3000	180344456.803200	3000	182444180.368435	3000	183117190.249131	3000	184901145.611934	3000	185856432.216515	3000	188207624.300139	3000	188144350.525855
3500	177972205.134258	3500	189546189.805947	3500	190143942.873292	3500	193049103.665729	3500	179718269.798553	3500	182383192.350360	3500	184688325.351484	3500	184837902.664595	3500	186630970.465007	3500	188868554.594110	3500	188505898.496863
4000	177829411.553813	4000	188461278.566769	4000	190744704.225426	4000	193448554.678269	4000	180423177.512910	4000	182979359.012481	4000	183959089.711005	4000	185084329.693185	4000	186563767.012309	4000	188134576.302048	4000	187588418.685087
4500	178062537.464766	4500	189139598.755684	4500	192576499.173781	4500	192538893.045916	4500	180574103.208236	4500	182013574.551818	4500	184629949.005461	4500	186022583.425423	4500	186038682.706569	4500	187538856.388423	4500	188601624.140007
5000	177762241.714426	5000	188661782.812461	5000	190845690.697931	5000	192672282.814921	5000	179816833.028480	5000	182956085.177255	5000	184259940.424015	5000	184878113.874979	5000	187405448.815055	5000	188094351.555304	5000	187434913.658890
5500	175577947.784732	5500	188925003.456498	5500	190571371.647252	5500	192945242.444098	5500	180750743.140870	5500	183036532.950964	5500	183171990.222893	5500	185289017.910089	5500	186368604.743345	5500	187335429.058450	5500	188131614.727505
6000	176891546.137069	6000	189005891.106514	6000	190946953.701121	6000	193526768.553636	6000	179672634.739300	6000	182311937.484710	6000	184174912.545210	6000	184683577.883509	6000	186637183.388018	6000	186853223.606094	6000	188704509.276058
6500	176596013.912241	6500	189424886.219557	6500	191367259.849710	6500	193233661.827287	6500	179782704.527436	6500	181937893.226985	6500	185091913.996763	6500	185487557.522267	6500	186304555.784253	6500	186708469.032808	6500	188050438.607346
7000	177597602.679392	7000	189056069.508022	7000	192035355.004483	7000	192522358.872291	7000	180061748.998819	7000	182399053.324916	7000	183384330.933090	7000	185329450.162365	7000	186166404.900840	7000	187444904.389478	7000	188559805.605707
7500	176875045.991443	7500	189537752.582831	7500	190906308.469265	7500	193656735.530545	7500	179757910.689606	7500	182885943.594845	7500	183644265.634022	7500	184660344.770990	7500	185979071.222203	7500	186943840.009106	7500	187777248.974645
8000	176851697.805558	8000	189775926.883219	8000	191233064.791113	8000	192379318.440631	8000	179827797.602469	8000	181739938.092521	8000	184343342.546748	8000	184891161.232225	8000	186019138.956679	8000	187375770.450717	8000	188136801.909842
8500	177333281.984311	8500	188865393.210592	8500	191031399.698690	8500	192115010.831943	8500	179769374.826487	8500	182150699.346634	8500	184107775.913142	8500	185130731.940980	8500	185828200.623346	8500	187403140.289820	8500	187794003.580680
9000	178134979.712176	9000	189296332.642663	9000	191456620.609638	9000	192228958.985405	9000	179688440.368626	9000	182376927.420921	9000	183998415.317242	9000	185332373.151015	9000	187254240.383273	9000	187557067.268114	9000	188575410.684762
9500	176601123.123133	9500	190459173.676681	9500	189974577.882009	9500	192047468.020222	9500	180550037.819171	9500	182411053.499327	9500	184144107.706030	9500	184155604.375314	9500	185862126.548655	9500	187368788.772094	9500	189044523.005167
10000	176626141.980824	10000	189344603.322698	10000	190634495.763297	10000	192299302.065333	10000	178968286.327700	10000	182367475.781051	10000	183823221.893116	10000	185181891.311974	10000	185079714.520534	10000	186112248.133850	10000	189358462.849276
10500	176934693.943400	10500	189280528.565282	10500	191026179.892335	10500	193010844.436144	10500	180889487.001274	10500	182612057.286613	10500	183789426.171669	10500	185678509.046224	10500	186920197.941063	10500	187618348.510217	10500	189008886.282517
11000	176969110.796269	11000	188613989.720954	11000	189649494.892858	11000	193827487.919027	11000	179579162.837433	11000	182632808.427648	11000	184125652.158204	11000	184590936.718904	11000	185988844.789574	11000	187103871.098772	11000	188526675.051931
11500	177563999.826432	11500	188925959.137701	11500	190646493.849843	11500	193179715.703998	11500	179343807.272213	11500	183258820.814114	11500	184027963.347873	11500	186487226.263257	11500	185578292.359809	11500	188215505.294992	11500	187211127.246188
12000	177373435.082469	12000	188930095.100389	12000	190554231.074542	12000	193268285.170998	12000	179946850.992434	12000	181447212.454487	12000	183312641.933187	12000	186437456.513104	12000	185864954.480238	12000	187594042.821462	12000	188584000.098961
12500	177109693.755821	12500	189227094.264410	12500	190619060.178299	12500	192752215.065617	12500	179555054.143134	12500	182767804.237725	12500	183847580.254411	12500	185318774.453612	12500	186696614.635062	12500	187166417.574102	12500	188543780.539030
13000	177329671.351525	13000	190780703.807902	13000	191233216.848929	13000	192578896.188952	13000	180175161.368304	13000	182958916.744988	13000	184266623.965078	13000	184355840.563404	13000	186625038.306490	13000	186840081.417813	13000	188820807.922237
13500	178116631.460092	13500	190027156.360116	13500	190175432.720239	13500	191757454.736496	13500	179918240.573190	13500	181885312.998749	13500	184203954.907870	13500	185060269.866629	13500	185916295.398603	13500	187495740.319165	13500	188192900.119243
14000	176827261.877978	14000	189378022.832414	14000	189799733.709601	14000	192336769.616355	14000	179151332.132450	14000	183047891.133476	14000	183938124.612280	14000	184413803.513520	14000	185617004.989794	14000	186177423.941436	14000	187342540.020010
14500	176846039.454377	14500	188855864.948353	14500	190998135.008571	14500	192142759.675542	14500	179960802.828725	14500	182704398.489125	14500	183733109.362044	14500	184041787.902183	14500	187016214.760467	14500	187266324.693866	14500	188372096.989146
15000	177388359.141453	15000	190123302.041609	15000	190664031.894549	15000	192990616.467943	15000	180508707.869193	15000	183514345.937312	15000	184247919.142407	15000	185059684.312900	15000	186169942.947629	15000	187204303.361658	15000	188581797.754401
15500	177562465.274501	15500	188783240.267012	15500	190976454.900442	15500	191801659.408822	15500	180144543.305319	15500	181992464.598191	15500	184449603.869680	15500	184916416.795554	15500	186451715.117312	15500	187032425.109738	15500	187994520.325383
16000	176299292.750259	16000	190198617.205072	16000	190853568.442997	16000	193658620.067920	16000	179732950.760218	16000	183522840.699690	16000	183010945.346871	16000	185464649.266383	16000	186156775.216917	16000	187128848.640876	16000	188006555.436735
16500	176883377.145624	16500	189174615.409669	16500	191042148.427891	16500	192682086.757500	16500	180272263.680133	16500	183865066.389916	16500	184156545.160143	16500	185387165.971668	16500	186349936.213162	16500	188531669.314819	16500	188199289.475937
17000	177358235.431565	17000	188106889.450193	17000	190639878.069206	17000	193343716.808597	17000	179603333.093005	17000	182020929.446235	17000	184343336.304270	17000	185931958.179303	17000	187131603.807059	17000	186922126.141077	17000	187835980.282660
17500	177452413.629167	17500	190146031.873126	17500	189721787.479149	17500	192359512.990268	17500	180116021.803590	17500	181696631.372235	17500	184092884.266832	17500	184165898.356650	17500	187034284.420149	17500	187227415.988870	17500	187610597.564258
18000	176407060.582260	18000	190199338.017814	18000	190319683.481477	18000	193227019.203721	18000	180942162.217058	18000	182748730.876227	18000	183701683.058530	18000	184377987.833527	18000	186473807.034499	18000	188162383.225198	18000	188551885.110468
18500	176793008.484174	18500	189169929.893840	18500	190292096.968243	18500	193780660.720160	18500	178852142.380039	18500	182513255.506625	18500	184180043.760121	18500	185768655.607134	18500	186432638.872205	18500	186788396.975528	18500	188091313.520109
19000	177167595.885120	19000	188989471.011057	19000	191382358.178036	19000	192617167.291909	19000	179598201.107238	19000	182369326.393739	19000	182791683.337704	19000	184226228.586765	19000	186363004.125570	19000	187326672.434967	19000	188365655.600491
19500	176725083.934825	19500	189581685.400780	19500	191312512.368452	19500	191888216.424877	19500	179452204.250593	19500	182534481.099578	19500	183483714.042705	19500	184015240.852284	19500	186268572.003028	19500	187505939.245361	19500	187608159.343254
20000	176801594.014251	20000	190001301.415718	20000	191687079.875558	20000	192109438.562228	20000	180196826.211273	20000	182923981.571866	20000	184442555.931535	20000	184728875.280001	20000	187142971.721713	20000	187779107.657833	20000	188239063.653402
20500	176852439.904948	20500	189263174.105164	20500	191026705.166682	20500	192421059.758616	20500	180647806.059315	20500	181687261.463691	20500	184980397.674933	20500	185612026.200345	20500	186810160.179272	20500	187097829.594317	20500	188741695.211262
21000	175811836.597260	21000	190625249.426961	21000	191179641.904478	21000	192675177.028647	21000	179072715.660619	21000	183748295.323142	21000	183460396.706186	21000	185564423.964532	21000	186337780.290682	21000	186834342.789081	21000	187731583.588735
21500	177590843.735937	21500	189189285.292724	21500	190917005.862112	21500	192765922.839303	21500	179704847.137720	21500	182113344.674227	21500	184082042.517078	21500	185217786.592433	21500	185669243.393682	21500	187898892.048336	21500	189090538.221842
22000	176874367.282630	22000	189292855.115705	22000	190601735.372788	22000	192968896.013005	22000	179851733.531632	22000	182798741.182857	22000	183673255.137038	22000	185023579.721757	22000	186662696.457265	22000	187169682.207620	22000	188255346.074805
22500	176100797.668728	22500	188965235.790200	22500	190565744.099927	22500	193061429.780340	22500	179739853.288000	22500	182863224.220496	22500	183627810.850609	22500	185562874.223050	22500	185782664.976395	22500	186703572.891595	22500	188185863.621354
23000	176815624.501901	23000	189922594.275447	23000	191796912.699195	23000	193296823.265757	23000	178978465.110213	23000	183055600.407266	23000	183859300.248771	23000	185290683.239611	23000	186804639.080054	23000	187347210.574981	23000	187887668.728049
23500	176820726.631896	23500	189650831.925438	23500	190915986.223404	23500	193081337.859739	23500	179653805.443034	23500	183095646.119038	23500	183590721.575185	23500	185256675.858134	23500	185844553.191403	23500	186947243.692068	23500	187791333.178673
24000	176608510.367519	24000	189950854.112190	24000	191181968.867497	24000	193160417.365483	24000	180214064.504096	24000	182069394.408388	24000	184191962.771647	24000	185243423.054617	24000	187138914.075184	24000	186796853.488797	24000	188735047.202687
24500	176511827.662707	24500	188134142.540479	24500	192092836.429471	24500	192847416.919145	24500	179434177.160337	24500	182487319.061578	24500	183753308.764195	24500	185598159.750935	24500	186514789.763275	24500	186878898.600716	24500	188297228.861829
25000	176828067.081160	25000	188769111.143201	25000	190980818.236734	25000	194035070.093427	25000	180594465.075002	25000	182724995.265814	25000	184533416.564845	25000	185519906.305270	25000	186004422.966214	25000	187900971.792670	25000	188559816.567370
25500	175940650.532911	25500	190154024.913849	25500	190710124.374990	25500	193322956.208353	25500	179775403.038136	25500	182594485.173602	25500	183687501.983613	25500	185184564.981588	25500	186543128.466420	25500	186879416.947956	25500	188683283.941658
26000	176891820.831601	26000	190455537.997774	26000	191698944.469951	26000	193130369.759978	26000	179524992.762127	26000	182388911.609407	26000	183375266.195895	26000	185173172.577119	26000	186259357.431903	26000	187484999.348636	26000	189574270.543859
26500	176738049.732543	26500	189764614.670945	26500	191822123.786308	26500	192553389.201010	26500	180303939.937902	26500	182139271.562203	26500	183416896.807355	26500	185847111.200107	26500	186965534.852203	26500	187863904.156543	26500	188591209.809712
27000	176191672.999634	27000	189191639.842103	27000	190842500.156250	27000	192679830.499855	27000	180233646.420030	27000	182599006.614177	27000	183657802.737918	27000	185789380.688568	27000	185829855.488612	27000	187924427.606475	27000	188417385.148223
27500	176748269.006302	27500	188913651.735795	27500	190550948.816349	27500	193693549.703704	27500	180028414.693463	27500	182840370.059218	27500	184647609.787994	27500	184119555.797622	27500	186730114.517390	27500	186871569.767572	27500	187990758.222911
28000	177181648.633145	28000	190390393.783892	28000	190533791.306662	28000	192869006.604108	28000	179977133.972214	28000	182452633.807487	28000	183872968.252666	28000	185521322.732508	28000	185929392.140998	28000	187389651.592175	28000	188501704.216461
28500	177177186.032712	28500	189500756.869078	28500	191070837.449947	28500	192313603.378896	28500	179840708.112847	28500	182070332.391999	28500	183681606.298095	28500	185614411.957003	28500	186197600.649175	28500	187119094.826227	28500	187426907.537366
29000	177430703.804135	29000	189586533.373773	29000	191198887.216032	29000	193574900.984796	29000	178929088.182947	29000	183435906.873723	29000	184224522.573798	29000	185418894.600956	29000	186461170.424133	29000	186763318.161610	29000	188560585.895630
29500	177046047.363435	29500	189471941.729055	29500	190908704.851911	29500	192997888.977384	29500	179230423.328804	29500	183261402.335285	29500	184157433.483875	29500	184019287.300079	29500	187314610.285202	29500	187597909.116538	29500	187544439.738035
30000	177566701.851057	30000	189316544.582286	30000	191600719.931337	30000	192962010.415204	30000	178675007.242114	30000	183210813.358998	30000	183655799.503582	30000	184445995.133600	30000	185492709.909562	30000	186463276.212863	30000	188268731.868692
30500	176565052.553493	30500	189022715.814429	30500	189986774.143816	30500	192037225.322596	30500	179792555.435323	30500	181592140.017817	30500	184247053.319780	30500	185585918.748156	30500	186008164.243624	30500	187631503.423777	30500	186724585.311487
31000	176276357.989507	31000	190036118.796864	31000	191624600.577568	31000	193227990.837762	31000	181149850.110795	31000	183594450.217342	31000	184881042.839516	31000	185934449.702115	31000	186699718.864370	31000	187732854.405398	31000	188445526.329737
31500	177142808.376260	31500	190354547.726236	31500	190337710.519473	31500	193188806.852936	31500	179031807.453384	31500	182913701.970338	31500	184243568.364660	31500	184483538.451026	31500	186318804.935949	31500	188093133.480594	31500	188117919.071182
32000	177101149.029266	32000	189403184.114734	32000	191181782.822501	32000	193441051.444414	32000	180061373.785576	32000	182527692.749285	32000	184549449.542418	32000	184832018.943243	32000	186239776.269111	32000	187431939.586682	32000	187304386.400143
32500	176829550.880979	32500	188888664.628590	32500	190395729.601287	32500	193620527.443523	32500	180108071.247338	32500	182807423.343670	32500	184240126.943177	32500	184694357.557249	32500	186206900.925396	32500	187485850.189374	32500	188423305.387594
33000	176612487.433647	33000	189466194.527057	33000	191427005.501102	33000	193665277.948835	33000	179621813.757162	33000	182649672.196650	33000	183803986.211889	33000	184775787.682268	33000	185637396.634818	33000	187425414.464674	33000	188208102.616779
33500	177053092.909218	33500	189716657.000681	33500	191615603.541103	33500	193418815.905602	33500	180340445.748941	33500	182142073.722502	33500	182869670.974712	33500	184998904.803394	33500	185665087.898321	33500	188632033.173657	33500	187267252.583550
34000	176194849.613909	34000	189261947.052683	34000	191467487.382364	34000	192718802.400563	34000	180090756.357397	34000	182738086.035410	34000	183603501.409270	34000	184868037.104914	34000	185877948.163603	34000	188266571.640390	34000	187871610.346584
34500	177505547.873155	34500	190356914.644129	34500	190878788.223230	34500	192844224.346227	34500	179504942.324233	34500	182961649.670429	34500	184753960.515173	34500	185796000.741883	34500	185625617.829378	34500	187575669.441482	34500	187922242.685248
35000	176830745.660287	35000	190022102.895307	35000	191537570.461645	35000	193757872.335360	35000	180608172.447399	35000	182598010.859406	35000	183249527.272099	35000	184348932.211997	35000	185781629.437631	35000	186777750.651860	35000	189510471.606671
35500	176897874.540314	35500	189955471.615982	35500	191450028.821135	35500	192719028.386302	35500	180444602.685317	35500	183319300.493323	35500	184123294.887708	35500	185228295.302292	35500	187307289.432970	35500	187351616.338758	35500	187610800.807906
36000	177641606.412888	36000	189476003.434960	36000	191020518.097878	36000	191948591.845218	36000	179650978.395936	36000	182124553.477423	36000	184206437.098900	36000	184341079.435461	36000	185859206.322948	36000	187133267.993728	36000	188641969.484673
36500	175983551.212388	36500	188661012.669891	36500	190625526.520438	36500	192932543.955405	36500	179624026.840440	36500	182350223.791698	36500	183791752.564813	36500	184795855.577121	36500	186453805.598423	36500	186743199.377773	36500	187586352.114008
37000	176908753.111879	37000	188674124.909265	37000	191104254.246060	37000	193802241.819815	37000	179362785.394852	37000	183353013.833478	37000	183834118.722011	37000	185986497.942109	37000	186860771.228145	37000	186975628.508157	37000	188044827.245314
37500	177069461.690877	37500	188668513.822127	37500	190440841.628311	37500	192721229.697990	37500	178985219.938623	37500	182043957.071986	37500	184225206.631014	37500	184598986.347064	37500	185949562.551953	37500	187368819.453157	37500	188419330.814266
38000	177084574.760515	38000	190060457.996166	38000	190520982.276350	38000	194155509.415505	38000	179551167.114042	38000	182727153.534828	38000	183223800.877320	38000	185587495.729184	38000	186395718.722758	38000	186553445.079010	38000	188293803.254075
38500	176740363.236471	38500	189375618.902920	38500	191051244.219281	38500	192804619.210264	38500	180459758.684768	38500	181718182.478865	38500	182859530.367626	38500	184107846.696076	38500	186452243.124912	38500	187853898.431273	38500	188256485.746755
39000	176178121.678089	39000	189929574.082788	39000	191511766.438610	39000	193545784.015997	39000	180504377.466570	39000	181939921.030063	39000	184169861.465440	39000	184988124.241615	39000	185905447.498563	39000	186934142.263040	39000	188928272.086863
39500	177420023.794223	39500	189588137.743833	39500	191270983.848271	39500	192778084.305599	39500	180762114.509687	39500	182716655.153865	39500	183491913.947419	39500	186268275.918432	39500	186365512.735150	39500	187350843.857050	39500	188482588.197900
40000	177338988.863727	40000	189175618.545986	40000	190389175.660838	40000	193152304.039112	40000	179397710.936856	40000	182761738.506456	40000	183927821.257639	40000	184893853.269289	40000	186788476.763982	40000	187335775.287898	40000	188020376.951335
40500	176606591.146470	40500	189148123.491240	40500	190396074.101767	40500	194085027.176778	40500	179971597.800495	40500	182719883.939106	40500	182608194.394746	40500	184200522.295048	40500	184370840.751684	40500	188361550.230977	40500	188938709.612638
41000	176186252.903473	41000	190713869.091414	41000	190412845.437336	41000	192526970.021800	41000	179442544.067113	41000	182449406.605965	41000	183190439.318495	41000	185185285.670014	41000	184912326.578683	41000	187584332.705270	41000	188362349.217596
41500	177483388.995794	41500	190685270.570828	41500	191330067.013626	41500	192950008.743202	41500	180304737.959438	41500	183357247.969575	41500	184190333.198357	41500	185617321.311904	41500	187012434.893002	41500	187109589.943104	41500	188955168.236520
42000	177368343.677179	42000	188554866.585822	42000	191204684.748572	42000	193577987.496848	42000	179909470.812027	42000	182782868.146367	42000	184107052.467249	42000	185208483.555136	42000	185834367.310435	42000	187627652.407974	42000	188109100.877005
42500	177789624.958010	42500	190219882.617005	42500	191565137.186880	42500	192176547.786916	42500	179698089.928192	42500	183064400.137821	42500	184074403.700635	42500	184465404.054984	42500	186962387.863215	42500	188516852.074856	42500	187817291.598071
43000	176055680.946607	43000	189495226.725406	43000	190553171.578892	43000	193848832.434743	43000	179518185.288829	43000	183018120.321294	43000	184064408.912711	43000	184275395.852072	43000	186757816.423492	43000	187090028.370567	43000	187714362.979735
43500	177508381.759987	43500	188079840.925135	43500	190425615.778837	43500	193369505.700040	43500	179790315.885589	43500	182342783.650624	43500	184195386.456692	43500	184616359.660545	43500	186883593.750530	43500	186894364.793512	43500	188623878.489696
44000	176316065.039002	44000	189559600.991091	44000	191531334.676905	44000	192641346.087032	44000	178677636.463161	44000	182087205.175897	44000	183988807.077291	44000	185357731.438713	44000	186561641.735885	44000	187916848.998500	44000	187813064.044809
44500	177072824.213693	44500	188633241.373238	44500	191421032.806180	44500	193328497.974829	44500	180037452.384353	44500	183230469.008529	44500	184189675.048950	44500	183922185.356319	44500	186788271.411603	44500	188496534.443710	44500	187566078.767540
45000	176624894.313708	45000	189196337.623492	45000	191230851.152387	45000	191998685.293162	45000	180520387.352943	45000	182075307.947458	45000	183709458.394042	45000	185148899.536021	45000	184931502.397303	45000	187784114.976159	45000	187890809.146364
45500	176990283.795829	45500	188706569.278920	45500	191186831.284656	45500	192957306.958165	45500	179286198.559770	45500	182222726.968500	45500	184292905.363134	45500	184230621.449438	45500	185671289.811747	45500	186922259.558588	45500	188059492.242063
46000	177322338.582013	46000	188815103.472165	46000	191571256.411979	46000	192948600.253020	46000	179155531.980739	46000	181645404.540361	46000	183518661.480185	46000	184978512.181082	46000	185007461.953705	46000	187507959.668571	46000	189312520.599737
46500	176417325.134671	46500	188999576.520519	46500	191368167.581945	46500	193297598.854286	46500	179409773.179207	46500	181954234.481565	46500	183720335.657333	46500	185605049.834491	46500	185720229.020859	46500	187643405.515398	46500	187460494.234071
47000	176972555.475025	47000	189310663.427707	47000	190459681.781523	47000	193766275.228173	47000	180233452.949635	47000	182440946.365667	47000	183650426.083040	47000	186098882.712071	47000	185859727.629729	47000	187886032.149329	47000	188803630.228032
47500	178266725.492442	47500	189663480.470856	47500	190807654.767608	47500	192434690.983848	47500	180212788.065312	47500	183022083.327781	47500	184493079.649998	47500	185840997.629951	47500	186431222.645489	47500	186561388.521760	47500	188335713.056723
48000	176790013.622763	48000	188850996.767602	48000	191181762.726509	48000	193798085.217095	48000	179308403.947328	48000	181703887.966907	48000	184634419.995791	48000	185048958.764612	48000	186503291.187134	48000	187492120.257794	48000	187944396.947163
48500	177115614.182866	48500	189733996.243613	48500	191162540.817554	48500	193129567.090486	48500	179672050.061056	48500	183354996.126671	48500	185207126.086093	48500	185425731.371103	48500	186345660.175498	48500	187505718.190422	48500	188451186.448318
49000	176863381.032226	49000	189884789.259007	49000	191225009.421090	49000	194070489.843263	49000	179899462.439943	49000	183363198.937267	49000	183669631.609199	49000	185355724.566503	49000	185535632.319369	49000	187174208.823481	49000	188981996.611681
49500	177092816.143292	49500	189670115.088965	49500	191394839.787617	49500	194101525.059045	49500	180206954.378269	49500	181437417.246543	49500	184892761.744493	49500	184953057.787129	49500	186776579.529713	49500	187038179.534455	49500	188449723.284386
50000	177420647.482401	50000	189495052.154036	50000	191432972.959963	50000	192718721.777318	50000	179926734.644761	50000	183042031.388286	50000	183663118.712880	50000	185249366.658079	50000	187732702.454709	50000	186347046.630973	50000	188124882.711602
50500	176747466.292155	50500	189406799.143297	50500	191826274.134440	50500	192638415.440494	50500	180603889.630690	50500	181684035.689073	50500	184022009.749145	50500	185763545.308123	50500	185841130.002139	50500	186667951.417195	50500	188610021.313848
51000	176624366.277295	51000	189102683.261098	51000	191197290.295120	51000	193551127.630979	51000	180162093.771197	51000	182924468.250864	51000	184214669.617039	51000	186352909.764350	51000	185333234.564229	51000	186348495.385749	51000	188869015.263041
51500	177285635.883178	51500	189933675.171546	51500	191245284.117187	51500	192708990.523662	51500	179967958.409325	51500	183405931.400404	51500	184452556.465979	51500	185654448.024490	51500	185836944.491223	51500	187492833.454548	51500	188842943.977984
52000	176588488.650173	52000	188790028.865719	52000	191044121.227821	52000	192971260.808822	52000	180620606.603865	52000	182621096.881605	52000	183456686.512697	52000	185363518.295643	52000	185595241.212911	52000	188419188.309159	52000	189428020.085992
52500	176571954.831890	52500	189215932.595402	52500	190765103.464775	52500	193872450.096629	52500	180846388.537085	52500	182438667.700999	52500	184140116.434566	52500	185069053.470514	52500	185737402.988135	52500	186970340.583243	52500	188313890.269461
53000	176979321.029985	53000	190228742.353758	53000	192066475.540637	53000	192435352.821944	53000	179576590.883913	53000	182084255.418636	53000	183453190.260386	53000	184683499.608443	53000	185834616.872656	53000	187206565.288463	53000	188607275.433418
53500	177304017.704575	53500	188993910.363561	53500	191180611.181623	53500	194333956.052137	53500	180737678.265649	53500	182190950.567410	53500	183328737.870666	53500	186079364.243913	53500	186215127.308560	53500	186914890.482415	53500	188287365.165216
54000	176322912.203658	54000	188820892.426720	54000	190337529.250777	54000	193053277.413993	54000	179578311.743720	54000	182064177.716100	54000	183831337.239643	54000	185009455.438532	54000	186178732.612926	54000	186715580.531539	54000	187382627.059172
54500	175837597.123093	54500	190034426.747637	54500	191140604.305434	54500	193148260.872234	54500	180885182.631028	54500	182648416.339753	54500	183846765.007834	54500	185087891.873054	54500	185941027.538923	54500	187612180.613481	54500	188102287.472345
55000	177356513.476412	55000	189393248.555156	55000	191579883.127186	55000	192324012.153981	55000	179772635.888414	55000	182784512.453565	55000	183703113.785659	55000	185534682.747494	55000	186032109.101227	55000	187206587.040998	55000	188539682.792703
55500	177061132.369167	55500	188604452.575120	55500	190673641.327324	55500	192532109.175493	55500	179678548.113493	55500	182023590.807014	55500	184034253.555929	55500	184623179.924848	55500	185685193.328695	55500	187695926.361049	55500	188362857.672427
56000	176906625.269916	56000	189263709.686341	56000	191211389.175469	56000	192538220.843297	56000	180107220.759902	56000	181302822.234651	56000	184715169.512595	56000	185014136.384771	56000	186148442.426617	56000	187013443.040768	56000	188871065.526881
56500	176877414.630796	56500	188905724.266797	56500	191144609.615959	56500	192732309.922149	56500	180232709.061145	56500	182058346.252982	56500	184368404.615899	56500	185939867.222521	56500	185658398.510884	56500	186560753.244424	56500	188349030.719080
57000	177017203.378010	57000	189541249.295327	57000	191145053.738877	57000	192752959.242669	57000	179127911.029503	57000	183613966.043846	57000	183695309.661779	57000	185998896.377248	57000	186459670.711066	57000	187748654.165412	57000	187985572.344094
57500	176881133.322472	57500	188387537.033163	57500	191310475.350726	57500	193804065.947066	57500	179415300.470939	57500	181677783.820724	57500	183537379.891231	57500	184652521.805066	57500	185989460.474114	57500	187153427.285573	57500	188789360.441992
58000	176669972.859812	58000	188859217.621835	58000	190353299.525556	58000	193042055.666134	58000	179112954.224287	58000	181331364.444263	58000	184064913.268487	58000	185300556.744522	58000	186321397.078633	58000	188234002.576263	58000	188349610.770620
58500	175902849.314631	58500	190299970.609496	58500	191259389.519677	58500	192869435.951480	58500	179675417.089041	58500	182295050.964171	58500	183471850.771915	58500	185621435.426762	58500	186032679.626832	58500	186547442.973588	58500	188579589.417354
59000	177414851.066425	59000	189139093.356381	59000	190768364.067646	59000	193269496.476875	59000	178899434.398249	59000	182309649.631992	59000	184403138.730846	59000	185532415.423014	59000	187086043.696447	59000	187865758.291082	59000	186957332.092377
59500	177006846.663810	59500	190264831.320085	59500	190540567.658270	59500	194204648.732090	59500	179839702.369353	59500	182511094.631715	59500	185288924.085900	59500	185593256.231363	59500	186441054.722464	59500	186107013.077749	59500	187465726.250615
60000	177154770.184847	60000	190176573.850196	60000	192178991.648043	60000	193250320.500920	60000	179779762.724709	60000	183050203.260538	60000	184073915.263476	60000	184915730.445186	60000	186537167.761229	60000	187178106.414575	60000	189376303.228849
60500	176555322.728895	60500	189537234.271523	60500	191089780.094093	60500	193401232.845673	60500	179737481.790785	60500	181378260.939123	60500	183923654.200940	60500	184551311.805437	60500	187071197.474641	60500	186637913.305133	60500	187666398.612037
61000	176059494.164072	61000	189116353.370948	61000	191039787.385244	61000	192254297.804892	61000	179391436.395413	61000	181923470.760820	61000	183839394.908228	61000	185165463.270433	61000	186722753.798802	61000	187187241.697729	61000	189029671.427360
61500	177396339.544609	61500	189497917.031066	61500	191685057.111331	61500	193646816.091338	61500	179432282.941547	61500	183617856.769636	61500	184193241.817470	61500	185582712.255021	61500	186126993.506291	61500	186094453.858003	61500	188000520.521181
62000	176489145.547804	62000	189009225.184566	62000	191507155.471010	62000	193601676.693486	62000	179893719.427994	62000	182655932.699622	62000	183224901.431607	62000	185680785.243747	62000	186444967.172640	62000	187216851.061242	62000	188393368.051514
62500	176028475.249717	62500	189436000.249165	62500	190665233.199264	62500	193278398.405627	62500	181113868.146281	62500	182675301.675701	62500	183918041.834673	62500	184986608.190181	62500	187548801.696544	62500	187983266.263238	62500	187578543.486124
63000	177205275.427466	63000	188837748.691139	63000	191098896.089644	63000	193402389.393642	63000	180050152.017727	63000	182398694.023483	63000	184445599.490990	63000	185745753.009246	63000	185996170.831426	63000	187340807.065609	63000	188355706.017674
63500	176286188.807803	63500	189327487.375000	63500	190571365.462808	63500	191781970.530228	63500	180547247.600308	63500	181904427.662972	63500	183263930.285270	63500	185578086.736647	63500	186866701.486424	63500	187657461.866560	63500	188558830.692910
64000	177348148.873815	64000	190115765.865631	64000	190713872.416214	64000	193655552.607770	64000	179730754.026870	64000	182588097.876954	64000	183813012.122191	64000	185370633.502875	64000	186373053.160581	64000	186235047.006626	64000	188463230.990912
64500	177473864.192813	64500	189492967.128817	64500	190811987.528533	64500	193107388.216344	64500	179326363.767668	64500	181825374.138639	64500	184192685.972215	64500	185016817.337911	64500	186490443.752115	64500	186753506.343042	64500	188992994.058173
65000	176588269.295763	65000	189356466.937120	65000	191355969.863493	65000	192540851.530390	65000	179944943.822366	65000	181734214.128179	65000	184116505.457467	65000	185728257.658026	65000	186618447.163332	65000	185981628.858743	65000	188878002.671625
65500	177061069.960875	65500	189058809.618373	65500	190934621.584949	65500	192958020.146551	65500	179172869.139263	65500	182945411.055566	65500	184601559.408685	65500	185635158.096250	65500	187269940.737988	65500	186759000.957451	65500	187695975.004196
66000	176593839.640806	66000	189501911.183480	66000	190599535.400434	66000	193074104.169366	66000	179481158.887170	66000	182409244.119398	66000	183379064.425608	66000	185866327.382676	66000	186767777.565029	66000	186503420.013378	66000	188377677.917975
66500	175855650.141185	66500	189248154.726345	66500	191171463.482954	66500	193257693.412378	66500	180495405.530329	66500	182209301.339631	66500	183940588.940171	66500	184542884.210224	66500	186919339.047397	66500	187584318.800469	66500	187742038.591084
67000	176268554.479180	67000	189009520.712309	67000	191238198.678302	67000	193867073.579788	67000	180385643.915346	67000	183160490.818315	67000	183593595.740838	67000	184838989.125620	67000	186423002.271734	67000	187664309.831283	67000	188423861.508406
67500	176846618.606571	67500	188624850.089767	67500	190551226.725422	67500	193644033.352241	67500	179923828.712881	67500	181772475.101978	67500	184324267.012659	67500	186177563.832974	67500	186593255.062087	67500	187543124.708395	67500	189026016.026880
68000	176686104.122991	68000	188521783.885897	68000	191349330.049634	68000	192818923.162023	68000	180179911.928225	68000	182568294.307292	68000	185319351.345480	68000	184294970.239913	68000	186860504.415843	68000	187244607.942996	68000	187943462.393050
68500	176335784.528328	68500	189382552.010681	68500	190679334.922777	68500	193651624.777859	68500	179595001.174901	68500	181598827.132502	68500	184311750.827315	68500	185766633.152954	68500	186098157.453063	68500	186891693.905260	68500	188449354.514641
69000	176856243.341452	69000	188051869.429317	69000	192387621.997654	69000	193407522.140350	69000	179848898.637876	69000	182567510.605480	69000	184819055.356236	69000	184826651.584946	69000	186861245.894029	69000	187242237.482404	69000	188643116.373588
69500	176843721.911435	69500	189106465.097892	69500	191948078.686318	69500	193007086.248336	69500	179733849.830714	69500	182578798.369594	69500	183933405.003239	69500	185894657.271360	69500	185370183.133811	69500	187590568.184095	69500	189121805.588534
70000	176493655.955222	70000	190683747.163569	70000	191488418.212678	70000	192872381.192391	70000	180342428.674818	70000	183237455.474719	70000	184273176.463801	70000	184760689.889955	70000	186872410.581878	70000	187122275.859445	70000	188939034.085263
70500	176706791.896916	70500	190076376.294870	70500	191381422.719403	70500	193034505.261240	70500	179598981.301028	70500	182375661.858395	70500	184234006.295535	70500	185161355.974432	70500	184827224.766299	70500	186816310.691373	70500	188778861.650913
71000	177452452.696304	71000	189357664.653958	71000	191203728.099182	71000	194027807.012893	71000	179821356.084544	71000	182548813.980724	71000	184237543.900688	71000	185493616.724749	71000	186031736.453871	71000	188033771.952777	71000	188414597.117518
71500	177040918.701554	71500	189393582.182055	71500	190640671.869607	71500	192910501.433113	71500	180393839.973418	71500	182020275.742574	71500	183058350.359809	71500	184971451.145412	71500	185378191.003967	71500	186743039.750506	71500	188294956.053483
72000	177743963.143341	72000	188387198.554805	72000	192109421.083966	72000	192280123.500484	72000	180094408.681032	72000	182353047.214347	72000	184154321.115665	72000	184537473.747991	72000	186504344.605920	72000	187209042.050507	72000	188595836.983521
72500	176939833.618060	72500	189261767.864922	72500	190736384.580919	72500	193996923.395675	72500	179915846.713256	72500	181871429.008516	72500	182917600.541833	72500	185265167.910321	72500	185075992.750357	72500	186642147.983552	72500	188017544.504587
73000	177208928.425990	73000	189487485.087724	73000	192028816.378604	73000	191078955.625157	73000	178916181.200414	73000	182640664.705485	73000	184321831.364216	73000	185078804.569937	73000	185898910.843136	73000	187036240.101217	73000	189091436.982260
73500	177276589.515116	73500	189475724.099448	73500	191685994.392270	73500	194018486.289177	73500	179637258.749095	73500	182187537.684789	73500	184418061.277372	73500	185159239.538112	73500	186531916.067095	73500	188345914.408591	73500	188468957.830791
74000	177231054.801381	74000	189685755.107772	74000	190465254.706684	74000	192719551.040945	74000	179618743.028976	74000	182546130.356099	74000	183957937.834050	74000	185231281.204897	74000	185821714.229738	74000	187221779.520578	74000	188353397.438481
74500	177078469.754342	74500	190237963.591847	74500	191301612.494572	74500	193101337.763235	74500	179751782.989144	74500	182873287.875592	74500	183603939.696093	74500	185691136.645448	74500	185654517.302192	74500	187432883.435219	74500	188354732.381881
75000	176555283.407398	75000	190137928.092379	75000	191058131.007802	75000	193425107.416457	75000	181033042.786534	75000	182637399.410773	75000	184069064.335418	75000	186034446.892136	75000	186762798.344628	75000	186596026.736505	75000	188300606.973056
75500	177335724.049715	75500	189505445.514291	75500	190772914.485927	75500	192902990.996147	75500	179617199.535907	75500	181162208.626356	75500	184905744.427503	75500	185344932.666219	75500	186416738.954294	75500	187288756.443860	75500	188776174.621167
76000	177134972.764628	76000	189238998.597454	76000	190930943.737506	76000	193633231.809090	76000	179715279.635343	76000	183136202.603255	76000	184593748.493966	76000	185764656.221685	76000	186243811.250799	76000	187878583.216886	76000	188555049.718755
76500	176104351.516988	76500	188632716.289127	76500	191118681.112638	76500	192836409.900479	76500	179668274.469593	76500	181641782.055673	76500	182762397.783678	76500	184560756.498204	76500	185720370.749392	76500	187043380.391613	76500	188694325.079678
77000	175844022.008211	77000	190022754.666500	77000	191487736.042076	77000	192702046.764648	77000	180966506.103251	77000	183282781.761912	77000	184839351.166148	77000	185868578.570232	77000	186804939.622227	77000	188106381.620909	77000	187896039.061681
77500	176739227.978687	77500	189361404.230510	77500	190511620.851960	77500	192962136.286353	77500	180357047.960665	77500	181123562.314805	77500	183513411.092892	77500	185501295.017773	77500	186880021.617659	77500	188064872.691024	77500	187783028.964952
78000	176968435.574955	78000	190125363.691685	78000	189839101.901098	78000	192329022.798573	78000	179221146.257292	78000	182347898.323967	78000	184329843.696490	78000	184072946.806814	78000	186361628.575156	78000	187286898.249078	78000	188389334.030128
78500	176127863.446997	78500	189301034.948458	78500	191071271.017512	78500	193141666.395783	78500	180291291.449574	78500	182689078.565629	78500	183396085.684287	78500	184427379.200750	78500	185731156.827873	78500	187969399.459769	78500	188110638.231381
79000	177409043.607162	79000	189361922.860289	79000	191123118.310005	79000	192776710.215431	79000	179735182.588143	79000	183503462.535360	79000	184290860.104717	79000	184983053.089775	79000	186527738.280698	79000	187747724.442478	79000	188016976.166277
79500	176775240.682468	79500	189754785.662036	79500	190578475.799934	79500	193033244.648319	79500	179759936.303754	79500	182353414.869649	79500	183824269.042757	79500	184991175.625785	79500	185813794.463196	79500	188466334.560583	79500	189178079.387482
80000	176435755.833674	80000	188826986.388380	80000	190577226.608848	80000	192649682.372422	80000	180208050.754743	80000	181712753.994038	80000	182382245.376884	80000	184758606.919466	80000	186258289.535039	80000	186697649.115597	80000	188479824.843343
80500	176513985.893567	80500	187773751.107121	80500	190683319.779916	80500	193617631.344287	80500	180004019.197732	80500	182843821.839699	80500	183187030.473011	80500	184945033.938037	80500	185407396.377082	80500	187545506.528893	80500	187888615.582217
81000	176868641.175026	81000	189363368.284278	81000	190784522.990269	81000	194310143.381947	81000	180149518.853113	81000	182426695.513989	81000	184421941.634436	81000	185481897.008782	81000	187023023.811616	81000	188278270.660848	81000	189276917.030946
81500	176615296.071397	81500	189221578.003534	81500	191869478.105143	81500	192845896.650864	81500	179700923.934359	81500	182111873.396521	81500	183997654.173220	81500	185444512.822822	81500	186393585.751304	81500	187858201.762798	81500	187581807.549857
82000	176722539.540104	82000	189206626.832760	82000	191671979.936845	82000	193993914.090765	82000	179875145.381822	82000	183381186.901072	82000	183363202.150906	82000	185056760.528604	82000	186439822.891439	82000	187502577.561468	82000	188833584.205340
82500	176360805.278517	82500	189205664.740408	82500	191526998.712064	82500	192241823.672454	82500	180344998.563529	82500	182691778.518039	82500	183144625.982484	82500	184649494.947056	82500	185359676.153743	82500	187790233.006142	82500	188093923.751892
83000	177273736.357142	83000	188501070.431780	83000	191318455.181372	83000	193638320.874813	83000	178959636.358062	83000	183195263.384818	83000	184860434.946581	83000	184326972.076805	83000	185875450.539282	83000	187423533.780281	83000	187981010.071188
83500	177134647.788250	83500	190239250.114223	83500	190387939.401504	83500	192333510.161738	83500	179725514.218332	83500	183428258.352108	83500	184178782.013265	83500	185739399.024840	83500	185943506.419980	83500	186543862.580954	83500	188671964.137969
84000	176187664.857957	84000	188416821.653522	84000	190604184.632517	84000	193688229.509535	84000	179826197.147484	84000	182450350.801853	84000	183247054.456578	84000	185205715.809590	84000	185190821.462221	84000	186297657.492147	84000	188678756.482133
84500	177042987.424595	84500	190110813.176273	84500	191204012.442366	84500	193241578.061396	84500	179049471.715198	84500	183120215.878754	84500	184724423.147957	84500	185908654.581136	84500	185281864.396212	84500	186907285.132946	84500	188940663.461197
85000	176992630.239846	85000	188779375.914201	85000	190610488.505331	85000	193906123.364129	85000	179522421.146370	85000	183463737.009308	85000	183448072.986586	85000	185056810.342822	85000	185417539.936923	85000	187734418.409074	85000	188311562.359591
85500	177322053.624138	85500	189454933.650195	85500	191086230.755046	85500	193408001.634866	85500	180333662.850195	85500	182568829.449651	85500	184510228.965450	85500	184836063.148273	85500	186848149.727023	85500	188186174.820418	85500	188523479.130353
86000	176933619.778116	86000	189650098.205848	86000	190672263.317690	86000	194151603.606716	86000	179755814.362765	86000	182215101.853355	86000	184013693.874994	86000	184629020.180985	86000	186130628.167863	86000	187941498.571577	86000	187257085.817326
86500	177248570.170235	86500	189920986.226363	86500	190236005.176329	86500	193365971.448890	86500	179016899.861983	86500	182846061.045761	86500	183821747.929995	86500	185483597.479169	86500	185991058.250163	86500	187017570.689513	86500	187514878.122456
87000	175960436.227255	87000	189312841.902213	87000	190269585.619336	87000	191946836.788533	87000	180298696.501921	87000	181836357.394874	87000	184099531.457280	87000	184659672.932714	87000	184952502.195885	87000	187550768.883749	87000	187756800.630237
87500	176567937.117724	87500	190223305.391643	87500	191292387.077272	87500	193058793.654040	87500	179026055.107247	87500	182757754.389127	87500	184442499.206863	87500	185007096.914342	87500	185794242.241411	87500	187559441.563670	87500	189365079.810609
88000	177332384.911482	88000	189255091.239601	88000	190982524.074381	88000	193275727.902290	88000	180054273.317748	88000	182684523.491732	88000	183170564.071592	88000	185753521.941597	88000	186076380.532999	88000	186980118.160713	88000	187627629.850967
88500	175539389.697355	88500	189079888.736149	88500	190719916.906272	88500	193162997.747335	88500	179904082.808207	88500	183058472.319124	88500	184087563.261224	88500	184481650.350008	88500	186377451.058691	88500	187735477.983611	88500	187510811.340424
89000	176662845.411847	89000	188663198.688785	89000	190792347.348130	89000	192698971.015439	89000	180010751.336590	89000	182825871.803138	89000	183666611.648747	89000	183473056.196936	89000	186577641.410494	89000	187867170.066468	89000	187385509.340097
89500	176586674.740905	89500	189923436.561387	89500	190454639.324676	89500	194167504.214955	89500	179075177.394304	89500	182359548.847259	89500	183609577.727198	89500	185285158.412194	89500	185979303.571503	89500	187139203.531499	89500	188704312.581865
90000	177886335.461827	90000	189596239.003797	90000	191002988.798315	90000	192628555.517515	90000	179683701.033576	90000	182265471.505385	90000	184303409.430940	90000	184849787.590292	90000	186797353.581563	90000	187953984.270893	90000	187641351.461704
90500	176751621.179186	90500	189237112.201166	90500	191050221.615208	90500	191771282.984436	90500	180471306.343438	90500	183039562.404275	90500	184296854.016939	90500	185599972.164009	90500	185893349.067564	90500	187263229.260972	90500	188905576.985505
91000	176769367.559796	91000	189324248.013920	91000	190361635.531867	91000	192970877.762223	91000	179482838.977095	91000	182489672.083685	91000	183599079.414861	91000	186016910.794386	91000	185749908.681067	91000	187663729.202765	91000	188753903.037325
91500	176844543.579086	91500	189845385.201183	91500	189822226.543786	91500	192672381.027214	91500	180062334.570129	91500	182473082.139240	91500	183864633.486856	91500	185642804.277074	91500	185791394.406237	91500	186363444.753532	91500	188465331.517758
92000	176554773.577278	92000	189037283.835009	92000	190395309.779919	92000	192404456.191676	92000	179089839.807065	92000	182798881.406645	92000	183598507.434592	92000	183819207.819059	92000	185954544.534808	92000	187877729.584298	92000	188396351.083457
92500	177122106.001015	92500	188573264.423108	92500	190909313.068155	92500	192195863.400481	92500	179988743.775174	92500	182230645.757243	92500	184148405.324974	92500	185129201.104930	92500	186084487.081385	92500	187149798.200534	92500	187956722.432812
93000	177441678.618786	93000	189229948.711578	93000	190059897.707939	93000	192678419.750016	93000	178201321.547987	93000	181719712.119726	93000	184033038.322539	93000	185138056.233494	93000	186575865.029030	93000	187326862.346601	93000	188697639.964252
93500	175590607.584053	93500	189197588.774072	93500	191862621.945218	93500	192732297.077358	93500	180354710.503843	93500	182017336.179728	93500	182971479.101923	93500	185270271.534817	93500	186444615.048234	93500	187202851.653702	93500	188488124.398960
94000	176528547.713380	94000	189035932.452036	94000	189671234.027528	94000	193011106.021579	94000	179309709.917457	94000	183010976.677073	94000	183916424.305956	94000	185739358.657804	94000	185191883.857884	94000	187340305.670955	94000	188814084.599535
94500	176984188.285607	94500	188436519.486914	94500	191271180.753937	94500	193559370.102615	94500	178508300.461767	94500	182753164.817254	94500	183830030.914595	94500	186114800.135711	94500	185895156.462926	94500	186002484.641896	94500	187583674.516175
95000	176540615.649856	95000	189388159.803737	95000	190725959.589174	95000	192440871.508827	95000	179665243.123556	95000	181877412.738580	95000	182861808.641205	95000	185314599.196448	95000	185623075.940034	95000	186628520.788974	95000	188294880.306261
95500	176408682.528339	95500	189708261.946464	95500	191223862.315890	95500	193089123.128580	95500	180924200.172880	95500	181989898.950483	95500	184023254.124827	95500	184576140.054349	95500	186113611.758185	95500	187711169.326875	95500	187387277.842780
96000	177131472.562849	96000	189322374.524196	96000	191295444.844472	96000	192473845.990749	96000	180689630.783727	96000	182438151.161566	96000	184437415.544132	96000	186144881.743870	96000	186420156.089092	96000	186919895.164244	96000	188327557.598319
96500	177788137.208254	96500	189143466.145887	96500	191477880.283646	96500	192694017.988750	96500	180732873.180154	96500	182956267.509860	96500	185145266.935066	96500	185672377.019254	96500	185924817.630832	96500	187166296.286965	96500	188347653.002788
97000	176506380.665461	97000	189690423.658962	97000	191135806.753354	97000	193568353.757021	97000	180330375.782116	97000	183550652.272810	97000	183658023.214650	97000	185579596.048823	97000	186378788.545914	97000	188291817.921293	97000	187835081.694272
97500	178366575.767937	97500	189340495.909456	97500	191206245.773678	97500	192777652.066786	97500	179324884.108388	97500	181860577.740275	97500	183936783.172698	97500	184949702.441948	97500	185289745.458937	97500	188423988.401999	97500	188167225.469130
98000	177403399.343282	98000	189433538.265222	98000	190954519.657699	98000	192884706.845095	98000	179323392.371762	98000	182695835.111927	98000	184041477.294297	98000	185176329.875322	98000	186239912.667479	98000	188555846.547332	98000	188508214.111222
98500	176868176.236034	98500	188795727.416656	98500	190818874.019275	98500	193945657.364489	98500	179940652.931935	98500	182891172.329486	98500	183214676.570396	98500	185032301.289279	98500	185978811.271669	98500	187883315.583542	98500	188049294.657232
99000	176171734.867637	99000	189967733.998682	99000	190031924.395466	99000	192922246.491210	99000	179932245.225183	99000	182149205.939726	99000	183307316.721952	99000	185280156.610332	99000	186365771.449579	99000	187047682.179808	99000	188250616.236537
99500	176469679.027004	99500	189556910.884319	99500	191869748.567148	99500	192979460.358568	99500	180162755.554219	99500	182947779.831741	99500	184373984.001239	99500	184937090.523010	99500	186306799.834455	99500	187342331.863697	99500	188249649.648973
100000	176269062.910517	100000	189677986.616322	100000	190617461.080958	100000	193649817.837611	100000	179877415.013495	100000	183184164.014981	100000	184275448.954860	100000	184231677.194667	100000	186148622.165740	100000	187468089.292489	100000	188737702.025683
