#	SIM_20_0.05_0		#	SIM_20_0.05_-10		#	SIM_20_0.05_-12		#	SIM_20_0.05_-15		#	SIM_20_0.05_-2		#	SIM_20_0.05_-4		#	SIM_20_0.05_-5		#	SIM_20_0.05_-6		#	SIM_20_0.05_-7		#	SIM_20_0.05_-8		#	SIM_20_0.05_-9	
1	177628482.739199	1	189179243.784310	1	190064852.643192	1	194277201.612283	1	179190930.995803	1	182775652.869874	1	184348126.156443	1	185619634.482370	1	186088224.086884	1	186959891.239129	1	187724203.249732
500	176378258.778206	500	189514555.317835	500	191278746.868398	500	193129670.225448	500	179809489.563930	500	182450959.426408	500	183833336.540563	500	185141798.321869	500	186894528.187057	500	187276162.945054	500	188186369.062893
1000	176343474.831210	1000	189404018.821636	1000	190888030.369174	1000	193315720.489935	1000	179478474.336737	1000	182777392.031202	1000	184175249.454186	1000	184917668.313655	1000	186587329.351209	1000	187104833.369970	1000	188949500.731873
1500	177317254.976159	1500	189722878.288648	1500	191509354.415996	1500	192362174.796168	1500	180118608.215865	1500	182857127.435630	1500	184174168.625133	1500	185255532.248110	1500	186706005.821145	1500	187197903.837014	1500	188206251.107713
2000	177994995.401073	2000	189529307.715306	2000	191878181.615597	2000	193671773.840181	2000	180801644.568031	2000	182744038.059233	2000	184721764.623736	2000	185129665.771529	2000	185819927.888072	2000	187407162.964002	2000	188261990.047078
2500	176832736.056517	2500	189490180.253254	2500	191066674.288562	2500	192987371.545460	2500	180518058.374903	2500	183090534.002929	2500	183964481.105197	2500	185933463.522678	2500	186209189.893842	2500	187414336.507079	2500	188854803.047706
3000	176860860.592300	3000	189469970.532865	3000	190558871.697550	3000	193332807.762217	3000	179750212.450977	3000	182701988.576874	3000	183808828.143693	3000	184288416.795319	3000	185705254.249199	3000	187534036.930227	3000	188091828.601572
3500	177644337.759896	3500	189142320.242514	3500	190667122.674608	3500	192750072.638160	3500	179979351.187928	3500	183007977.306295	3500	184124475.530792	3500	185175006.509809	3500	185697097.163821	3500	187855881.824958	3500	188223075.397108
4000	177731570.352543	4000	189499252.741492	4000	190817053.829467	4000	193373119.240482	4000	180113301.443571	4000	183114433.900456	4000	184438748.359616	4000	185811572.982307	4000	186331023.593516	4000	187922037.901639	4000	188866571.334249
4500	177583793.281278	4500	189803101.139602	4500	191157084.200170	4500	193165864.866460	4500	180015054.937514	4500	182649415.042728	4500	184375079.320923	4500	185409249.981563	4500	186072412.674568	4500	187144112.383629	4500	188602033.032638
5000	177446556.323109	5000	189088410.240299	5000	190639832.641718	5000	193292662.897108	5000	179261414.724316	5000	182851352.198341	5000	184208243.519212	5000	185057991.341812	5000	186669063.148416	5000	187706396.937386	5000	188425811.801885
5500	176359867.058030	5500	188605513.746692	5500	190682594.717051	5500	193294481.752313	5500	179815004.669084	5500	182741187.523884	5500	183617315.717289	5500	185110527.682038	5500	186059872.050040	5500	187200795.286673	5500	188307716.171912
6000	177328547.720577	6000	189202706.506978	6000	191395550.636639	6000	193201652.691961	6000	180274865.255832	6000	182835473.904686	6000	184547777.900871	6000	185448244.217598	6000	186630846.979939	6000	187089080.721592	6000	188129080.779284
6500	176213020.210282	6500	189548810.308101	6500	191371747.615158	6500	192828187.865124	6500	179746340.486380	6500	182048984.642246	6500	184328453.627474	6500	185398013.583998	6500	186348649.661582	6500	186844242.941200	6500	188282942.596106
7000	177679930.090534	7000	189043746.431721	7000	192114526.180296	7000	193488352.970975	7000	179741583.695550	7000	183049019.400544	7000	183799591.364774	7000	184746251.756129	7000	186289672.181849	7000	187309986.961387	7000	188808297.885494
7500	177452588.411336	7500	189180042.566220	7500	190658869.518789	7500	193620801.379474	7500	180102905.536285	7500	182342144.890151	7500	184100014.463209	7500	185091234.009462	7500	185673503.609220	7500	187461979.230661	7500	188551810.255190
8000	177363119.751308	8000	189620856.104458	8000	190924606.875853	8000	193003342.107215	8000	180492745.784164	8000	182674151.330612	8000	184101308.956867	8000	184779454.187729	8000	185774772.860795	8000	187145274.016840	8000	188609515.519521
8500	177024316.850117	8500	189201084.794169	8500	191307081.173366	8500	192753049.332818	8500	179958576.108240	8500	182039118.141384	8500	183820122.819620	8500	184723659.949906	8500	185671463.724898	8500	187183534.123908	8500	188243541.359612
9000	177113111.154935	9000	189476874.240703	9000	191267120.873524	9000	192757434.180400	9000	180086581.980670	9000	182258455.316026	9000	183289130.005905	9000	185558376.842315	9000	186505051.079825	9000	187272159.799868	9000	188224244.034224
9500	176717731.635679	9500	189496989.237259	9500	190559818.370160	9500	192150631.706986	9500	179918857.882379	9500	183372686.822213	9500	184027959.601922	9500	184619901.996460	9500	185268564.305179	9500	186842423.462110	9500	188710534.833992
10000	176536286.445534	10000	189374442.515804	10000	190410975.254581	10000	192955408.160124	10000	179266554.348200	10000	182692635.345091	10000	184303892.562512	10000	185151213.858215	10000	186357941.447713	10000	187152471.695953	10000	189331197.524432
10500	177165687.877412	10500	189098182.273629	10500	191037061.906554	10500	193162677.304902	10500	180392008.056487	10500	182652726.798821	10500	184221548.690302	10500	185290898.753038	10500	186663034.929076	10500	187754394.154359	10500	189310167.078992
11000	176537337.399055	11000	189075826.573211	11000	190487087.327482	11000	193250747.917644	11000	179886808.476684	11000	182030002.140777	11000	183735581.885307	11000	185409666.194947	11000	186297646.044288	11000	187229570.320403	11000	188267772.324856
11500	177340487.760413	11500	189138032.037852	11500	190657689.073180	11500	192929691.761258	11500	179564695.171482	11500	182511432.750661	11500	183936750.540983	11500	185083606.545512	11500	185549562.759767	11500	187725090.604337	11500	187974919.727921
12000	177085608.628557	12000	189629946.334118	12000	190686003.271106	12000	193540683.192560	12000	180077303.493708	12000	181711451.484506	12000	183484035.311898	12000	185507698.059239	12000	186278053.001230	12000	187546273.695173	12000	188663788.823136
12500	176996805.559765	12500	189337806.637904	12500	190631559.401473	12500	192806440.125604	12500	179476179.010757	12500	182480696.909241	12500	183651564.993145	12500	185662706.045889	12500	186909587.805071	12500	187040573.573151	12500	188894913.448680
13000	177666991.472312	13000	190045980.138578	13000	190598689.312348	13000	193024616.349372	13000	180046520.399838	13000	182649064.004926	13000	184248518.550927	13000	184800317.143379	13000	186173824.287410	13000	187585245.796891	13000	188197137.766705
13500	177251958.484647	13500	189914240.307841	13500	191181745.022734	13500	192488368.719038	13500	180094622.341813	13500	182545234.195022	13500	183735793.916949	13500	185537570.838259	13500	186605879.862397	13500	187360698.401458	13500	188762205.603720
14000	176498267.438396	14000	188623458.384650	14000	190457253.784047	14000	192227162.497952	14000	179622960.727074	14000	182741710.487831	14000	183656790.838595	14000	184699623.665858	14000	185614818.346440	14000	186384732.559523	14000	187851611.401491
14500	176789763.367874	14500	188240687.204802	14500	190859627.958737	14500	192139842.604637	14500	179826333.564351	14500	182567042.023109	14500	183241199.686640	14500	184363555.097367	14500	186287374.596326	14500	187536711.182385	14500	188063969.529639
15000	177116610.715145	15000	189632546.331682	15000	190725055.867129	15000	193122380.866381	15000	180273089.456441	15000	182456705.022842	15000	183544062.296025	15000	184703840.966813	15000	186586103.410156	15000	187673512.365944	15000	188830566.111104
15500	176827569.573366	15500	189499714.347283	15500	190853544.334210	15500	192587906.683038	15500	180160766.398135	15500	182126494.983246	15500	184235943.432653	15500	185201039.210628	15500	185841400.221276	15500	187183052.261549	15500	188099642.045305
16000	176707991.426485	16000	189451277.521114	16000	190878637.448684	16000	193674901.678880	16000	180103379.573240	16000	182541644.611048	16000	183460928.028802	16000	185397374.776333	16000	186101046.739851	16000	187869135.253875	16000	188175285.063698
16500	176770357.708121	16500	189251099.546387	16500	190793774.141176	16500	192566243.054254	16500	180390355.934587	16500	183302629.069625	16500	184394707.325980	16500	185499900.709381	16500	186467342.469683	16500	187429335.228577	16500	187740866.243129
17000	177294196.350835	17000	188852039.491540	17000	190840485.078578	17000	193326556.252161	17000	179847808.653201	17000	182281016.425047	17000	183952716.108593	17000	185698669.466982	17000	186432266.602995	17000	187281604.484710	17000	188266958.202973
17500	176965808.986678	17500	190178601.764150	17500	190032928.277692	17500	192819270.193210	17500	179807273.443409	17500	182350714.226798	17500	184270821.655440	17500	184158990.557352	17500	186632020.544292	17500	187961715.831473	17500	187916095.583154
18000	176490012.455419	18000	189825239.544227	18000	190430756.603955	18000	193679035.638716	18000	180102852.529693	18000	182629393.455223	18000	183512291.394683	18000	184492581.069266	18000	186187152.436726	18000	187462126.608518	18000	188812343.765327
18500	176034308.227706	18500	188813384.209779	18500	190420267.757905	18500	193307049.607213	18500	179636077.636586	18500	182462022.199422	18500	184129663.983935	18500	185180803.519385	18500	186394044.578422	18500	187437372.974839	18500	187954138.065584
19000	177471442.752432	19000	189705329.244209	19000	191368076.297964	19000	192814107.903436	19000	179995362.773602	19000	182514299.405984	19000	184117136.541192	19000	184440469.941885	19000	186388678.848208	19000	187165346.534640	19000	188384306.684862
19500	176643091.069591	19500	189840010.793640	19500	190862942.689075	19500	192923303.229553	19500	179538991.962647	19500	182891772.777327	19500	184281140.025065	19500	184767153.517068	19500	186655929.823021	19500	187562450.781980	19500	188460173.493828
20000	176738437.435529	20000	189914404.667864	20000	191142690.285152	20000	192045207.832629	20000	180577352.766722	20000	182146022.682733	20000	183986192.616663	20000	184994495.769690	20000	187097802.072299	20000	187912376.412948	20000	188121896.769615
20500	177287510.399689	20500	188764747.596814	20500	191545206.766791	20500	192652655.129676	20500	180555830.678051	20500	182608852.171264	20500	184788890.739626	20500	185666729.502001	20500	186229434.632135	20500	187443414.796802	20500	188771482.182984
21000	176953377.690032	21000	190551982.174986	21000	191820443.819016	21000	193507241.143191	21000	180045995.668180	21000	183260605.499335	21000	184124953.262301	21000	185307176.435402	21000	187037533.699799	21000	187604291.776531	21000	188176222.896701
21500	177303346.358394	21500	189651641.845034	21500	191040912.846770	21500	192525104.268736	21500	180198883.413260	21500	182286788.181594	21500	184325320.744398	21500	185461023.922147	21500	186215058.501867	21500	188428958.741766	21500	188659688.581521
22000	177088697.337512	22000	189198866.417388	22000	191274600.360536	22000	192948210.318215	22000	180016174.499013	22000	183034532.626732	22000	184508539.609828	22000	185633538.749362	22000	186238825.784034	22000	186527567.311221	22000	188141505.885283
22500	176655578.222747	22500	188570110.585749	22500	190852857.438461	22500	193372749.977075	22500	179279945.202633	22500	182263935.516169	22500	183967337.397097	22500	185290381.251738	22500	186053751.104450	22500	186749202.135170	22500	188223938.514939
23000	176789473.214733	23000	189829384.869834	23000	191505369.267341	23000	193891880.036292	23000	179657450.114643	23000	182827442.557279	23000	184084284.700134	23000	185199230.686177	23000	186685633.920419	23000	187163818.635004	23000	187901390.709857
23500	176977464.436774	23500	189557180.277447	23500	190646859.664555	23500	193015486.202268	23500	180034166.230399	23500	182762540.314775	23500	184413000.624164	23500	185105868.670135	23500	186582692.851483	23500	187582584.715474	23500	188184811.889028
24000	176533953.535272	24000	190184377.397658	24000	190830857.162332	24000	192597108.046847	24000	179851647.089225	24000	182191553.404377	24000	183846209.369941	24000	185110254.960689	24000	186606045.370365	24000	187668556.031839	24000	188559105.740408
24500	176561342.209200	24500	188584102.538912	24500	191126549.137712	24500	192625648.390590	24500	178978457.806709	24500	182491351.656905	24500	183627913.837646	24500	185223511.390187	24500	186415762.470162	24500	186923584.101935	24500	188183613.556765
25000	176792018.971900	25000	188884936.414925	25000	191259081.633063	25000	194008485.661024	25000	180527100.833315	25000	182966296.612970	25000	184611439.759071	25000	185538171.757174	25000	186479967.804179	25000	188040752.860283	25000	187921599.896447
25500	176984634.575539	25500	189573313.937879	25500	190564568.332878	25500	193535871.282875	25500	179771349.075940	25500	182586886.480225	25500	184158548.464231	25500	185810485.229335	25500	186631321.704483	25500	187393658.079306	25500	188371661.465685
26000	176578972.899810	26000	190431899.562311	26000	190755036.712313	26000	192921677.416746	26000	179896184.551727	26000	182014221.960752	26000	183230909.735175	26000	185304766.592147	26000	185985274.893940	26000	187939577.600945	26000	188782873.708276
26500	176143524.221805	26500	189419911.745255	26500	191375316.743444	26500	192682761.066442	26500	180809023.751236	26500	182804939.569955	26500	183731924.009250	26500	185586995.176770	26500	186601725.696293	26500	188212429.629436	26500	187992910.028380
27000	176792198.342416	27000	189477323.443600	27000	191544571.522682	27000	192675451.203556	27000	179768936.648412	27000	182564706.131383	27000	184127845.664719	27000	185887196.272911	27000	186775998.520215	27000	188141135.256816	27000	188579740.143739
27500	177352568.356699	27500	188281487.633757	27500	190796260.748604	27500	192998960.771318	27500	179766565.957492	27500	181998111.231159	27500	184307894.116818	27500	185190555.870894	27500	186242592.178343	27500	186713291.174914	27500	187191953.700270
28000	176154573.261292	28000	189763873.705229	28000	190861070.185251	28000	192965560.650178	28000	180026950.603590	28000	183267232.156999	28000	183923297.102421	28000	185978847.842339	28000	186217504.687578	28000	187626382.609555	28000	188218215.145985
28500	176993709.157231	28500	189486096.104587	28500	190871454.398059	28500	193273244.037843	28500	180242751.770047	28500	182044124.630404	28500	184272417.714597	28500	185437397.486716	28500	186415766.143482	28500	187522399.876313	28500	188301264.663574
29000	177220352.812569	29000	189925476.797042	29000	190744386.327770	29000	192808168.918561	29000	178823650.047658	29000	182921640.419084	29000	184476499.136552	29000	185501576.867371	29000	185902759.652966	29000	186860703.523526	29000	188197858.532568
29500	176749296.821666	29500	189397214.688551	29500	190923502.873165	29500	192757968.749408	29500	179587678.211936	29500	182537297.066756	29500	184143495.801771	29500	184933299.725955	29500	187028541.662997	29500	186989974.730147	29500	187899003.856466
30000	177362365.079919	30000	189296094.491752	30000	191352019.268495	30000	192780152.023849	30000	179460813.573782	30000	182887158.843549	30000	184145866.384832	30000	185550921.293016	30000	186003899.072998	30000	187254915.946397	30000	187836847.319382
30500	176032475.692571	30500	188811888.267315	30500	190713289.675254	30500	192088199.766178	30500	179465382.118869	30500	183025855.344770	30500	183600234.366747	30500	185189126.351801	30500	185937202.586100	30500	186938422.583537	30500	187182307.181447
31000	176915212.519090	31000	189215923.539103	31000	191060755.610238	31000	193330829.829872	31000	180553278.397103	31000	183325252.578570	31000	184416430.731923	31000	184693423.749623	31000	186442995.592279	31000	187452643.831290	31000	188276604.253211
31500	176835416.073787	31500	188677987.072846	31500	190560033.910713	31500	193301909.876517	31500	179374552.231483	31500	182343073.454061	31500	183726625.603740	31500	184525705.883344	31500	186499588.341923	31500	187560630.776727	31500	188133760.097717
32000	176528434.299657	32000	189482415.209202	32000	191599920.819542	32000	193119829.841605	32000	180099635.722575	32000	182178127.334987	32000	183893833.185485	32000	185189216.005446	32000	186708563.415359	32000	186931905.618068	32000	187458314.418653
32500	176419531.492189	32500	189503814.533929	32500	191094054.064130	32500	193393900.552378	32500	179737669.484187	32500	182435581.131178	32500	184135216.840696	32500	185228176.593050	32500	186751682.932860	32500	187550978.331645	32500	188716465.837686
33000	177284228.442549	33000	189197223.912268	33000	190562400.325728	33000	193468895.009426	33000	179435778.425989	33000	183036603.383787	33000	183565195.041823	33000	185546108.255204	33000	186246306.274926	33000	186835806.697605	33000	188003809.201725
33500	176775209.644132	33500	189503010.608063	33500	191569909.224260	33500	193310593.042246	33500	180233898.161518	33500	182195610.093706	33500	183670853.912086	33500	184956119.612321	33500	186147951.231449	33500	187619975.447164	33500	187484790.990568
34000	176356133.844374	34000	189579468.398245	34000	191101007.302207	34000	192363225.048511	34000	180199842.995706	34000	182434043.347299	34000	183392680.074538	34000	184578381.968826	34000	186673726.625265	34000	187734121.435958	34000	187833068.338303
34500	176952529.563464	34500	189775790.767305	34500	190237566.629932	34500	193380136.227575	34500	179534630.690476	34500	182440261.251135	34500	184431571.943479	34500	185020713.652336	34500	185454737.248265	34500	187593003.943113	34500	187521236.387292
35000	177304326.191585	35000	189967766.440053	35000	191597397.992635	35000	193448372.321723	35000	180188233.376176	35000	182272341.161563	35000	183767378.551974	35000	185116251.795837	35000	186257891.453196	35000	187276712.650302	35000	188593935.195344
35500	177002603.652593	35500	190505265.829753	35500	191852947.482818	35500	192794345.049038	35500	180434207.076146	35500	183140698.184986	35500	184350876.791444	35500	185575969.497864	35500	187187829.401973	35500	187258254.737433	35500	188263068.856619
36000	177181534.909170	36000	189407139.570953	36000	190955251.090862	36000	192290828.469782	36000	179318843.923145	36000	182531748.701476	36000	183991886.748220	36000	184881806.812642	36000	186207799.176744	36000	186822990.110486	36000	188128864.176795
36500	176181609.337733	36500	188780195.637979	36500	191412963.649456	36500	192481804.336452	36500	179656698.140090	36500	182199629.964021	36500	183742305.459123	36500	184229504.279508	36500	186453140.842605	36500	186856191.972153	36500	188061626.547064
37000	176719391.943468	37000	188210927.693077	37000	191115375.901476	37000	193879000.083066	37000	179305217.113494	37000	183197203.947980	37000	184039561.690923	37000	185067082.439267	37000	186659287.642246	37000	186664297.606067	37000	188142430.843159
37500	176971910.507880	37500	189073478.152693	37500	190779817.065329	37500	192834278.071947	37500	179149889.110461	37500	182066862.174678	37500	183571863.302980	37500	185097340.731920	37500	185673550.865276	37500	187450454.731382	37500	187612170.900670
38000	177151289.176119	38000	189683236.191477	38000	190910174.679850	38000	193743047.712497	38000	179673270.610215	38000	182680249.012036	38000	184007800.987959	38000	185366920.393848	38000	186484050.846682	38000	186989711.002883	38000	188277117.971315
38500	176615479.626045	38500	189390407.125324	38500	191235339.572833	38500	193296316.924022	38500	180383997.617664	38500	182199360.997597	38500	183783109.965054	38500	184729129.523472	38500	186269230.787250	38500	187640701.644338	38500	187822023.495377
39000	176047876.175414	39000	189335289.750851	39000	190968284.983493	39000	193168343.591009	39000	180580073.388701	39000	181727073.068834	39000	183482738.788002	39000	184957837.133747	39000	185892146.859605	39000	187614609.149028	39000	188725883.685766
39500	177239278.154161	39500	189515606.041154	39500	191714325.694632	39500	193044091.136486	39500	179877505.342249	39500	182424970.514449	39500	183583406.937276	39500	186172805.243111	39500	186815546.915133	39500	187317039.626736	39500	188496722.500702
40000	176586020.002747	40000	189766903.102711	40000	191018056.626300	40000	192632478.071652	40000	179764513.381449	40000	182537468.799970	40000	183739030.601917	40000	184865285.533237	40000	185853411.838501	40000	187036208.988312	40000	188265202.167503
40500	176985964.898306	40500	189352544.528657	40500	190412169.983197	40500	193320170.957047	40500	179793474.549687	40500	182692385.932205	40500	182661555.361575	40500	184366041.459860	40500	185471068.604580	40500	188484316.598580	40500	188201500.695199
41000	176806184.469898	41000	190303975.731815	41000	190350096.549773	41000	192430226.791744	41000	179728342.774978	41000	182632994.845804	41000	183914373.982154	41000	185073938.012448	41000	185915995.704253	41000	187755513.207902	41000	188526517.494402
41500	177648970.461613	41500	189458002.942199	41500	190595010.406816	41500	193076220.275344	41500	179388902.178054	41500	183291815.409319	41500	184793950.228339	41500	185945339.441054	41500	187077710.963667	41500	187291945.235555	41500	188391170.518854
42000	177191321.148023	42000	189330634.781539	42000	191357281.432471	42000	193493584.224407	42000	179477096.607267	42000	182167346.120341	42000	183901713.993530	42000	184796635.704251	42000	185977857.120808	42000	187811430.335556	42000	188411626.907946
42500	176835201.154054	42500	189738102.563510	42500	190960303.737741	42500	192777197.374058	42500	179360532.778069	42500	182414825.098498	42500	183402396.011802	42500	184772728.079598	42500	186522794.636497	42500	187725194.991652	42500	188082856.277477
43000	177271189.712793	43000	189386546.228694	43000	190758772.816036	43000	193331035.176488	43000	179415711.910385	43000	182233720.349260	43000	184025179.390831	43000	185085708.754091	43000	186476931.028820	43000	187344077.917567	43000	187479018.016466
43500	177265786.406763	43500	188642721.065795	43500	190556764.680472	43500	193724968.746440	43500	179885496.681265	43500	181970667.844425	43500	183718227.751694	43500	185037142.394783	43500	186630671.419473	43500	186885193.327742	43500	188454035.657272
44000	176606105.167296	44000	189287260.009169	44000	191419735.082043	44000	193278709.833215	44000	179482587.503775	44000	182775784.998655	44000	183951100.541314	44000	184984022.687050	44000	186609939.401642	44000	188077642.930747	44000	188008824.808798
44500	177320716.752628	44500	188846431.615090	44500	190227409.897230	44500	193248482.703893	44500	179889334.154994	44500	183067906.350767	44500	184081148.128327	44500	184507334.912325	44500	186443362.124616	44500	187970001.628975	44500	188007281.622688
45000	176910361.282522	45000	189961764.778867	45000	190951523.527485	45000	192760231.206699	45000	180252931.907198	45000	182324471.423680	45000	184262075.767086	45000	184796971.630973	45000	186057508.332917	45000	188140229.617736	45000	188213392.394205
45500	177315473.077748	45500	189033913.062114	45500	191131634.080537	45500	192728389.687686	45500	179293268.130774	45500	181953968.867075	45500	184241767.812663	45500	184745688.106696	45500	186109257.392300	45500	187170617.577204	45500	188602557.416130
46000	177123076.689803	46000	188811512.529655	46000	191344784.835309	46000	192436413.049971	46000	179976796.595653	46000	182015744.556989	46000	183400118.651138	46000	184878231.011616	46000	184826057.734932	46000	187302974.280778	46000	189057745.162677
46500	176775640.513156	46500	188647027.468557	46500	191416316.953789	46500	193153499.606093	46500	179888106.672409	46500	182557672.107139	46500	183964925.697966	46500	185568640.160852	46500	186028583.387642	46500	187229708.753680	46500	188413851.273515
47000	176761193.916925	47000	189556091.360391	47000	190869006.810162	47000	192850807.977273	47000	179741954.537678	47000	182369903.420507	47000	183993416.713470	47000	186245363.166936	47000	186745801.393062	47000	187617882.464265	47000	188536938.603250
47500	177217620.002482	47500	189187695.486588	47500	191263785.371998	47500	193185945.887430	47500	179985248.169000	47500	182547154.140639	47500	184164375.606727	47500	185714466.642962	47500	186661410.690260	47500	186929913.172780	47500	187987855.001134
48000	176775047.415990	48000	188711285.590293	48000	191367904.143715	48000	193478877.968163	48000	179482748.792375	48000	182395886.558847	48000	184246730.393667	48000	184808702.300285	48000	186441879.483165	48000	187187723.684959	48000	187963198.931160
48500	176897511.336885	48500	189962138.313098	48500	190963439.642559	48500	193328012.563318	48500	180182103.394732	48500	182967211.736548	48500	184716093.868687	48500	185623687.077451	48500	186563408.572243	48500	188012395.962930	48500	188446360.916456
49000	177142997.201844	49000	189801688.577042	49000	191204849.745022	49000	194239293.750855	49000	180133004.645477	49000	183113620.685862	49000	184348530.014837	49000	185714687.627257	49000	185861802.190882	49000	187076912.423021	49000	188832570.443960
49500	176550087.802920	49500	189726831.168774	49500	191477735.146345	49500	193723570.374562	49500	180221648.240068	49500	182146755.579509	49500	184301340.833551	49500	184400567.616576	49500	186047396.041756	49500	187123651.310018	49500	188574117.531513
50000	177341047.992791	50000	189878799.853219	50000	190753187.578073	50000	192984804.476177	50000	179908848.492501	50000	182999722.703304	50000	184117962.075326	50000	185118230.507332	50000	186572609.900888	50000	187660587.811501	50000	188527217.677405
50500	176648252.842494	50500	189492938.426500	50500	191614189.927195	50500	192919684.076464	50500	180872245.667433	50500	182487122.033256	50500	184106187.134438	50500	185258825.178491	50500	186009185.393170	50500	187057476.195474	50500	188258458.267908
51000	176857613.341386	51000	189324404.920567	51000	191539436.190190	51000	193442670.788198	51000	179770443.414410	51000	182188425.628298	51000	183513470.227876	51000	185437679.334702	51000	185620580.068489	51000	186341921.754044	51000	188721498.132442
51500	177533216.554269	51500	190104060.792486	51500	191606423.708310	51500	193033341.188525	51500	179854469.021816	51500	183298199.122955	51500	184596877.372323	51500	185325879.605365	51500	185928641.888082	51500	187512000.677672	51500	188688955.744536
52000	176895520.407605	52000	189154087.962929	52000	191568600.074943	52000	193149548.805263	52000	180774435.242624	52000	182697954.651696	52000	183844978.374815	52000	185616649.339823	52000	186077138.047014	52000	187460535.853796	52000	188889183.001170
52500	176661320.564464	52500	188942648.447594	52500	191180337.706320	52500	193843257.768404	52500	180122936.127780	52500	182401628.510451	52500	183884396.488191	52500	185307678.633065	52500	186507907.604463	52500	187529795.824418	52500	187976033.242097
53000	176855301.587037	53000	189755478.444662	53000	191352570.361799	53000	192883952.545910	53000	180083481.845457	53000	182826796.516778	53000	183734113.467955	53000	184720895.541758	53000	186121863.022170	53000	187034972.248098	53000	188463000.604465
53500	177815860.422846	53500	189311128.669845	53500	191150894.638509	53500	193883388.035776	53500	180293571.813468	53500	182050645.320641	53500	183290803.399932	53500	185440491.758667	53500	186625111.755457	53500	187660969.214600	53500	188538428.326849
54000	176441383.491234	54000	189237361.212920	54000	190227421.365610	54000	193240430.365726	54000	179282798.522668	54000	182909681.339385	54000	183992625.140010	54000	185113955.930555	54000	186487008.823773	54000	186679238.381505	54000	188276054.156904
54500	175851053.872389	54500	190004500.485789	54500	190626235.547365	54500	192589799.997577	54500	180155741.225358	54500	182901068.989251	54500	183582438.645179	54500	185334772.620739	54500	185723038.574510	54500	186940573.233087	54500	187990015.781554
55000	177137407.887378	55000	189468113.073476	55000	191593677.509941	55000	192795441.744402	55000	179515003.459164	55000	182144297.588700	55000	183789273.855247	55000	184962841.059078	55000	186518640.006277	55000	186995091.656965	55000	188355736.520015
55500	176966186.845289	55500	188798575.489738	55500	190185103.433673	55500	192659896.000759	55500	179791817.489696	55500	182476123.515777	55500	183544600.149391	55500	184589255.881041	55500	186722539.213428	55500	187485071.409818	55500	188734705.927699
56000	176895749.881779	56000	188814379.820364	56000	191022431.625877	56000	192596217.035689	56000	180346375.151492	56000	181846283.300888	56000	184166686.552761	56000	185728422.521068	56000	186176466.225531	56000	187431265.829004	56000	188017843.081661
56500	176509856.437281	56500	189336920.766799	56500	191230096.583380	56500	193048177.730824	56500	180090955.316743	56500	182563461.367539	56500	184299520.453356	56500	185917589.369619	56500	186189512.677157	56500	186914786.232766	56500	188356188.901857
57000	177029952.988060	57000	188956610.593819	57000	191027937.037855	57000	193039448.387150	57000	179378352.850936	57000	183212081.416104	57000	184087998.396646	57000	185965442.047228	57000	186584421.188929	57000	187701692.072399	57000	188378664.445567
57500	176763011.089014	57500	189364216.491085	57500	191537259.687777	57500	193170278.807871	57500	179562824.852366	57500	182613858.112581	57500	183684734.347241	57500	185096107.081045	57500	185890355.250132	57500	187164172.481256	57500	188466918.524519
58000	176817983.119717	58000	189439023.085290	58000	190394951.315223	58000	193223036.566942	58000	179484436.254472	58000	181835722.005606	58000	183724390.608092	58000	184826841.974494	58000	186211877.685651	58000	186882196.999909	58000	188253455.457886
58500	175964456.494435	58500	189277542.719994	58500	191691342.381542	58500	192945894.602718	58500	179722409.246937	58500	182416251.224846	58500	183358172.004160	58500	185120383.109295	58500	185780578.132556	58500	186983102.746803	58500	188246129.139255
59000	176886322.687583	59000	189101878.911424	59000	191323820.468737	59000	194064039.951891	59000	179028862.872813	59000	183121836.313198	59000	183436556.726822	59000	185813781.265635	59000	186852652.145371	59000	187631935.112607	59000	187172619.931044
59500	177591029.014156	59500	189346307.673636	59500	190521088.697903	59500	193928053.018732	59500	179858276.236543	59500	181714427.795107	59500	184864415.451998	59500	185024212.842147	59500	186667250.515937	59500	186371026.191703	59500	187689889.433151
60000	176718138.251784	60000	190194028.920789	60000	191184857.572673	60000	193505326.501266	60000	179911477.503946	60000	182786754.963221	60000	183240825.636257	60000	185553316.646138	60000	185882794.762042	60000	187264606.635759	60000	188583828.634034
60500	176934461.960104	60500	189498440.580317	60500	190826588.365723	60500	193320443.691375	60500	180136077.678985	60500	182163913.265320	60500	184016095.240864	60500	184928436.853126	60500	186887849.104900	60500	187066116.507726	60500	188105729.611985
61000	176353570.778023	61000	189242944.831469	61000	191370421.200100	61000	193110196.278267	61000	179555233.823409	61000	182490430.357766	61000	183987443.970363	61000	185084618.158829	61000	186687642.263360	61000	187150295.148256	61000	188268447.798232
61500	176676703.197934	61500	189476642.866180	61500	191023625.667767	61500	193179349.003356	61500	179958089.937045	61500	182727527.327926	61500	184201019.509792	61500	185394645.900689	61500	186250036.717040	61500	186088766.878472	61500	188327398.456198
62000	176161318.594543	62000	189467944.304110	62000	191261713.534610	62000	193452560.924117	62000	180061502.193255	62000	182535573.732050	62000	183164937.506225	62000	185411432.753706	62000	186180843.246324	62000	187478354.394389	62000	188340857.458203
62500	175986598.018904	62500	189576159.261118	62500	190789253.848784	62500	192925268.324020	62500	180662099.557355	62500	182493193.404131	62500	183569937.378709	62500	184492551.122295	62500	186332560.910568	62500	187668164.758113	62500	187481104.262729
63000	176918614.371524	63000	189394598.717032	63000	191078499.444036	63000	193397871.076385	63000	180319367.377844	63000	182541220.005603	63000	184041747.252116	63000	185662769.705003	63000	186570663.800110	63000	187467195.803105	63000	188659586.377234
63500	177059703.145073	63500	189081734.967684	63500	190958969.589090	63500	192379997.635778	63500	179989105.620785	63500	182293896.778611	63500	183773497.882219	63500	185089200.099770	63500	186728472.680967	63500	187641700.951584	63500	189065807.301628
64000	177200550.759918	64000	190106549.840013	64000	191095729.317932	64000	193205679.127516	64000	179498210.026572	64000	182550017.289016	64000	183692249.809411	64000	184599659.527657	64000	185876971.392773	64000	186526819.728151	64000	188410461.566517
64500	177252413.028930	64500	190170484.642000	64500	190585224.225909	64500	193755625.377486	64500	179853114.962333	64500	182257990.583394	64500	184203963.225874	64500	184900266.223625	64500	186300475.692047	64500	187581015.626288	64500	188844410.487681
65000	176500150.871618	65000	189042807.419966	65000	190875178.086092	65000	193069569.678604	65000	179730846.300233	65000	181922136.042864	65000	183492966.794764	65000	185266763.039996	65000	186546193.230780	65000	186643971.003944	65000	188892169.256871
65500	177177281.961021	65500	189416216.976123	65500	191420544.885870	65500	193186505.484176	65500	179546666.461621	65500	183504048.013446	65500	183935998.138509	65500	185341335.040267	65500	187339322.807877	65500	186957306.155121	65500	189151498.387779
66000	176733215.395242	66000	189492492.271459	66000	190351703.920582	66000	193154334.872327	66000	179627756.653021	66000	182191289.578671	66000	183802469.266677	66000	185722265.850879	66000	186248546.249710	66000	187020317.764524	66000	189055610.726172
66500	176394842.771846	66500	188793650.378642	66500	191375425.473001	66500	193121391.781269	66500	180027383.548549	66500	182252831.370973	66500	183885521.539013	66500	184447294.408364	66500	186252669.080407	66500	187708854.262006	66500	187974370.513883
67000	176996003.862030	67000	189366563.062128	67000	190868340.537918	67000	193568728.190844	67000	180318571.804188	67000	182682660.972606	67000	183786427.496108	67000	185242231.591813	67000	186230860.626366	67000	187620986.686192	67000	188217986.780453
67500	177082427.546133	67500	189028445.978439	67500	190952942.440316	67500	193280595.170169	67500	179487696.968047	67500	182336620.754005	67500	184396995.212723	67500	185270353.302053	67500	186594437.643167	67500	187214654.320354	67500	188803054.917973
68000	177275551.171386	68000	189248396.106363	68000	191285888.473362	68000	192702460.904850	68000	179866207.194433	68000	182202994.327804	68000	184913365.836024	68000	184484864.859100	68000	186439007.273236	68000	186825825.892265	68000	188067814.308432
68500	176843593.846520	68500	188927709.312547	68500	190644076.731775	68500	193040926.665501	68500	179139189.364897	68500	181813342.842636	68500	184010552.475815	68500	185401762.250989	68500	185683541.752352	68500	186983190.687410	68500	188349577.840392
69000	176952581.288719	69000	188763234.982310	69000	191665935.149630	69000	193464752.620933	69000	180462612.063844	69000	182461968.936255	69000	184239680.926405	69000	185046090.752164	69000	186456699.134702	69000	187020559.003440	69000	188023870.570883
69500	176848137.505036	69500	188984747.714371	69500	191534122.222849	69500	193478925.489378	69500	180196231.340711	69500	182986466.734826	69500	184052441.039163	69500	185783089.013235	69500	186234363.580984	69500	187628054.060793	69500	188361286.056862
70000	176700531.256780	70000	190516826.418339	70000	192020010.055715	70000	193208993.735451	70000	179907553.784407	70000	183307853.801144	70000	183925579.069350	70000	185324705.650857	70000	186173116.914739	70000	187789991.243303	70000	188880346.864977
70500	177264583.123457	70500	189312377.463227	70500	190816282.732551	70500	193049848.232830	70500	179660756.476541	70500	182050251.685557	70500	183912421.207224	70500	185352613.994755	70500	185167338.144334	70500	187479335.825050	70500	188795966.486137
71000	177127776.539167	71000	189840798.585561	71000	190805533.577596	71000	193568026.410744	71000	179730269.052536	71000	182381866.079125	71000	184001563.272788	71000	185272931.252299	71000	186193525.399278	71000	187334664.940234	71000	188117177.377254
71500	176783833.059915	71500	189399919.171667	71500	190413044.026573	71500	193211810.737748	71500	180271759.276687	71500	182283030.341886	71500	183499752.504237	71500	185292330.277842	71500	185508750.617932	71500	186764926.738513	71500	187797333.752369
72000	177344180.278649	72000	188610268.408376	72000	191213891.953218	72000	192277652.133825	72000	179344977.195613	72000	182438117.125711	72000	184431518.323285	72000	184753214.582859	72000	185846996.192894	72000	186770123.447810	72000	188378014.302494
72500	176791790.679313	72500	189178668.569594	72500	190833468.082102	72500	193312283.251725	72500	180180580.754066	72500	182039304.966516	72500	183087116.180007	72500	185262172.244356	72500	185083007.292925	72500	186840525.418686	72500	188413881.212143
73000	176727991.153200	73000	189414768.459112	73000	191375504.006422	73000	192032862.993138	73000	178957307.474563	73000	183027074.380842	73000	184243134.926440	73000	184864585.143813	73000	185849884.762519	73000	186940387.614549	73000	188852469.147371
73500	177175984.933028	73500	188981341.192025	73500	191568304.309158	73500	192977402.285709	73500	179274986.340457	73500	182158146.336775	73500	184105824.193290	73500	185092141.858297	73500	186387825.622110	73500	187694106.507524	73500	188407367.196435
74000	177185731.743076	74000	189798147.583150	74000	191354283.992463	74000	193016302.680037	74000	180477780.641042	74000	182596492.127898	74000	184143514.032423	74000	184512485.037014	74000	185587729.600115	74000	187250647.590863	74000	188558112.867955
74500	177157725.016180	74500	189689912.249160	74500	191423427.696830	74500	193195428.866408	74500	180160138.807993	74500	182672871.476394	74500	183761142.541709	74500	184971201.417462	74500	186439274.140839	74500	187315548.225817	74500	188645344.466581
75000	177328092.312427	75000	189918452.836268	75000	190694157.953288	75000	193591518.278057	75000	180345702.582491	75000	182617711.203590	75000	184415708.862624	75000	185537985.693527	75000	186649914.431632	75000	187193169.127856	75000	188314747.544413
75500	177134558.278515	75500	189594208.229643	75500	191039617.923519	75500	193399355.843603	75500	179745418.855286	75500	181550440.958945	75500	184979365.500035	75500	184944209.278124	75500	186850421.244618	75500	187565652.426688	75500	188897713.524728
76000	176732360.346480	76000	189482122.333046	76000	191359067.503508	76000	193139359.432796	76000	179753752.997142	76000	182948805.805165	76000	184055108.462971	76000	185682282.668398	76000	186318621.575052	76000	188297523.860293	76000	188642944.242273
76500	176824055.914340	76500	189649699.095180	76500	190823957.492037	76500	192138939.700856	76500	179634625.054422	76500	182294660.643586	76500	183482914.861178	76500	184777104.167564	76500	185665348.553310	76500	187271074.909499	76500	188747548.052375
77000	176449563.242382	77000	189937494.911139	77000	191237016.641882	77000	193106130.267375	77000	180842678.412896	77000	183037501.374681	77000	183961738.795220	77000	185111883.862902	77000	186418967.739846	77000	188099694.755061	77000	187716761.655920
77500	176654339.559042	77500	189165073.519432	77500	190917546.544419	77500	192881059.470027	77500	180225389.685907	77500	182090527.032066	77500	183691865.666498	77500	185450646.913444	77500	186507252.850672	77500	188010017.603877	77500	188364334.945631
78000	177329230.926746	78000	189221786.134632	78000	190199108.579703	78000	192210303.843129	78000	179325734.570777	78000	182742643.901981	78000	183807280.159751	78000	184993744.184848	78000	186337306.001449	78000	187286702.625900	78000	188263899.007278
78500	176580360.146575	78500	190170772.945062	78500	191688951.563758	78500	192953817.294617	78500	179854153.359860	78500	182489759.070832	78500	183366299.476912	78500	185039522.694701	78500	186350265.641651	78500	187572527.141809	78500	188633964.405303
79000	176594296.191071	79000	189216918.459297	79000	191079771.684805	79000	193053790.502047	79000	179465109.397348	79000	182846718.524328	79000	183686585.723363	79000	184856713.749482	79000	186185232.167201	79000	187113768.810805	79000	187821901.638538
79500	176941721.175950	79500	189591042.082680	79500	190742039.676373	79500	193007671.134921	79500	179852725.935404	79500	183167946.453692	79500	183661961.231317	79500	185196582.071932	79500	186057550.496849	79500	187535140.249746	79500	188391642.407129
80000	176573703.449285	80000	189416258.192815	80000	190752713.149680	80000	192758339.408476	80000	180581320.001960	80000	182045442.396074	80000	183416683.434137	80000	184628329.378283	80000	186162863.730722	80000	187692428.357030	80000	188741855.020867
80500	176283941.477051	80500	188914893.852014	80500	190846596.279144	80500	193377716.454975	80500	180043411.428889	80500	182096167.175032	80500	183275679.321250	80500	185049966.381842	80500	185347199.329413	80500	187545210.667635	80500	187786434.661612
81000	176842528.444274	81000	189651717.460381	81000	190846782.429275	81000	193165054.549838	81000	180097372.664053	81000	182526315.332426	81000	183899316.432680	81000	184975609.169343	81000	186421173.944840	81000	187463994.860547	81000	188888354.738254
81500	176375710.574789	81500	189102181.441918	81500	191786851.307731	81500	193272038.742200	81500	180160326.562689	81500	181672099.015730	81500	183823045.062664	81500	185467221.982030	81500	186465713.748336	81500	187643837.705838	81500	188138516.059454
82000	176492166.394841	82000	189010460.039108	82000	191323025.095718	82000	193375150.401581	82000	180102121.731832	82000	182769623.922172	82000	183888883.474269	82000	185100257.078107	82000	186894092.826236	82000	186947426.297703	82000	188370202.440946
82500	177039687.634255	82500	189805011.764079	82500	190855028.225976	82500	193117959.915871	82500	180578766.225475	82500	181926349.140738	82500	183760404.330970	82500	185144720.615608	82500	186033023.853282	82500	187980835.758000	82500	188132845.438246
83000	177039266.631747	83000	188964084.981735	83000	190589226.799193	83000	193397583.129703	83000	179617686.779359	83000	182698275.995905	83000	184138266.189228	83000	184568052.706946	83000	185877479.665068	83000	187614009.388964	83000	187922917.912213
83500	177123879.544955	83500	189175355.990676	83500	191386306.454665	83500	192460888.346344	83500	179913367.531927	83500	182868992.615496	83500	185002514.609454	83500	185396483.289545	83500	186072963.746955	83500	186963738.558731	83500	188739316.212434
84000	176724102.108155	84000	188751799.952654	84000	190334687.040959	84000	193661040.554308	84000	180013622.528313	84000	182551171.056730	84000	183586846.747066	84000	184794292.437987	84000	185594908.306193	84000	186684485.905535	84000	188412213.902153
84500	176445450.633305	84500	189633788.142086	84500	190615094.697964	84500	193356095.753028	84500	179149164.567008	84500	182421815.011545	84500	183390482.654025	84500	185051296.805297	84500	185065701.591692	84500	186971582.543189	84500	187778173.240062
85000	177310110.767389	85000	189133170.605810	85000	191102242.485845	85000	193371317.656616	85000	180167543.990172	85000	183574268.390659	85000	183368754.210362	85000	185323502.536238	85000	185963515.079035	85000	187216604.296691	85000	188193776.868488
85500	176927572.242881	85500	189596968.500281	85500	191161690.921082	85500	192940737.367139	85500	180216488.186274	85500	182876720.832765	85500	185050258.216684	85500	185371499.655824	85500	187031424.711117	85500	187718867.879418	85500	188903075.066652
86000	177045350.401448	86000	189816298.435323	86000	190901699.722370	86000	193526086.164177	86000	180052934.268673	86000	181990555.718632	86000	184138496.785414	86000	184993786.838461	86000	185558471.024210	86000	187860132.713195	86000	187399356.597612
86500	176837855.359467	86500	189738767.790426	86500	190654907.007764	86500	193707671.759434	86500	179943397.496311	86500	182968030.039459	86500	183580499.030678	86500	184993522.904169	86500	186297803.527611	86500	187519930.500977	86500	187848406.793144
87000	176552079.468670	87000	189412154.090809	87000	190673077.385999	87000	192353226.995104	87000	180300569.213526	87000	182523425.980108	87000	183765796.940040	87000	184990324.445298	87000	184964641.278525	87000	187369266.552354	87000	188045817.739594
87500	176583107.937896	87500	189829929.044955	87500	191619410.617589	87500	193335733.484403	87500	179813718.548244	87500	182208102.524083	87500	184167101.594465	87500	185896717.227468	87500	186491814.796561	87500	187380006.879500	87500	188675829.142875
88000	177179003.769673	88000	189657105.798068	88000	190349995.568189	88000	192865543.686129	88000	179718701.239931	88000	182574982.537217	88000	183277068.881659	88000	185063037.495242	88000	186214452.464343	88000	186786665.623711	88000	187386140.380942
88500	176766303.504736	88500	189517797.752654	88500	190883677.827447	88500	193134779.652956	88500	180336119.171991	88500	182869587.981748	88500	184251625.115324	88500	185063849.055262	88500	186063832.416268	88500	187898067.937955	88500	187874830.333851
89000	176886309.947531	89000	189410828.185211	89000	190273601.889272	89000	192574809.533030	89000	179490932.122169	89000	182401972.363465	89000	183884697.500823	89000	184221185.906803	89000	185871021.003633	89000	187205525.466929	89000	187677598.680683
89500	176210577.733751	89500	189971559.241347	89500	190499684.464205	89500	193430406.402203	89500	180206062.925026	89500	181936445.379012	89500	182968441.634917	89500	184925273.395500	89500	186261905.640073	89500	187411460.817392	89500	188018515.348291
90000	177237588.922153	90000	189574824.287317	90000	190916250.916635	90000	193440510.065444	90000	179612995.743598	90000	182840730.692976	90000	183787617.808636	90000	184930684.372001	90000	186326097.958289	90000	187613246.546962	90000	187744104.627116
90500	177566115.073353	90500	189179055.919280	90500	190674460.677530	90500	192639740.333813	90500	180138335.145575	90500	182579555.738166	90500	184343927.897510	90500	185188877.165180	90500	185792799.940792	90500	187409574.467442	90500	188757753.241357
91000	176939322.273254	91000	189861269.278144	91000	191021712.805097	91000	193200854.305819	91000	180063654.828717	91000	182329500.956882	91000	183584964.012803	91000	185042755.174599	91000	185781437.285462	91000	187567265.664388	91000	188375733.623033
91500	176917824.602450	91500	189335186.277968	91500	190673338.504599	91500	192933972.444489	91500	179557561.725451	91500	182280129.283450	91500	184050075.753948	91500	185923567.822718	91500	186206265.101727	91500	187218199.895602	91500	188767554.750715
92000	176198733.233540	92000	189027408.255398	92000	190450474.035395	92000	192417070.084649	92000	179533043.168919	92000	182423119.247789	92000	183574110.045208	92000	184446741.671544	92000	185834114.703669	92000	187804532.404591	92000	187485570.095737
92500	177029934.979731	92500	189020532.772185	92500	191359663.949706	92500	192132521.314559	92500	179934268.931136	92500	182421827.503944	92500	183601431.107343	92500	185430342.022467	92500	186463325.978416	92500	187842200.860196	92500	187712414.618614
93000	177022411.641311	93000	189104649.054533	93000	190497971.426434	93000	193245161.770478	93000	178937802.525770	93000	182185714.649327	93000	184042000.959870	93000	185402310.428225	93000	186193802.751819	93000	187408198.514430	93000	188607122.489172
93500	176392915.186630	93500	188978137.304380	93500	191252185.981091	93500	193133003.882903	93500	180448366.709155	93500	182596550.089900	93500	183571773.624887	93500	184957279.605668	93500	186206189.260477	93500	187504212.073609	93500	188199590.890264
94000	176815138.157126	94000	189722224.379917	94000	190925119.604650	94000	192739160.488229	94000	179817284.352290	94000	183289609.264605	94000	184642958.409953	94000	185941387.812213	94000	185822907.738735	94000	187759937.571350	94000	189030926.084039
94500	177250407.250235	94500	188525751.907987	94500	191783162.178931	94500	193400003.996415	94500	179136065.288366	94500	182385145.066917	94500	183447484.352984	94500	185587837.029601	94500	185921913.902928	94500	186780069.384237	94500	187869250.046334
95000	176718401.002318	95000	189116662.563901	95000	191296006.742649	95000	192694801.380348	95000	179836165.272202	95000	182629276.703483	95000	183372344.384545	95000	184966019.942589	95000	186334901.953552	95000	187105336.153130	95000	188563158.787369
95500	176515035.020249	95500	189100291.179169	95500	190857650.754408	95500	192027765.457420	95500	179699602.150106	95500	181816000.144178	95500	183480385.930288	95500	184774403.892103	95500	186001414.166268	95500	187728095.530350	95500	188109626.707155
96000	177304030.383651	96000	188997655.367923	96000	191136485.619435	96000	192653342.236532	96000	180316975.347718	96000	182341859.188005	96000	184628701.934311	96000	185599057.100540	96000	185911417.826675	96000	187056437.969541	96000	188186572.298824
96500	177624837.361826	96500	189263144.541289	96500	190987170.559669	96500	192582055.075677	96500	180691865.790634	96500	183005374.626568	96500	184178590.860657	96500	185391949.275965	96500	185973634.461722	96500	187555999.142539	96500	188028741.380461
97000	176973790.285154	97000	189077345.903969	97000	191395074.704284	97000	193274238.480136	97000	179925304.980188	97000	183105621.999488	97000	183969638.292941	97000	185194325.445152	97000	186407134.598964	97000	188044103.180011	97000	188175624.831141
97500	177536351.301153	97500	188619317.482570	97500	191316110.411632	97500	193049730.397583	97500	180021790.440020	97500	182382014.660528	97500	183587922.441388	97500	184576935.693343	97500	185806417.686553	97500	187917554.621540	97500	187802288.858628
98000	177096474.313110	98000	189452494.707556	98000	191169012.799574	98000	193442309.525301	98000	179725489.428386	98000	182406891.667294	98000	184032630.325449	98000	185118336.357451	98000	185945316.798147	98000	187719527.144332	98000	188954936.577562
98500	176960037.027702	98500	189636410.906519	98500	190612956.632062	98500	193162353.254106	98500	179874281.625509	98500	183451694.449518	98500	183578173.313779	98500	185175938.079805	98500	185827838.929315	98500	187648078.829107	98500	187926660.080880
99000	176779947.250398	99000	189724689.683624	99000	191041799.019534	99000	193153180.414076	99000	180247067.322027	99000	182618118.941357	99000	184209958.937537	99000	185356820.340730	99000	186432071.256754	99000	187080000.185811	99000	188157688.861535
99500	176948723.311904	99500	189898779.423824	99500	191930987.823734	99500	193356426.128388	99500	179921399.162047	99500	183096876.020727	99500	184366626.066702	99500	184933367.259226	99500	186504119.860971	99500	187310155.937292	99500	188432048.250924
100000	175936976.545836	100000	189502039.982167	100000	190417756.670100	100000	193293888.153958	100000	180166527.491777	100000	182791060.356295	100000	183191085.292161	100000	184902912.610270	100000	186082485.529251	100000	187438030.690928	100000	188831118.949612
