#	SIM_0		#	SIM_-10		#	SIM_-20		#	SIM_2		#	SIM_-30		#	SIM_4		#	SIM_-5	
1	1400130.17233803	1	1510022.67646112	1	1622402.28525054	1	1378952.44840236	1	1735175.92094983	1	1354052.62234140	1	1459122.84043343
10000	1338363.78880281	10000	1435172.63026392	10000	1511307.48787863	10000	1317565.07986044	10000	1576620.64275208	10000	1297879.50136324	10000	1389094.37745394
20000	1337432.07157932	20000	1430505.77673375	20000	1508328.90613763	20000	1319943.20736618	20000	1568901.88431508	20000	1296753.33413075	20000	1390105.68120770
30000	1337663.77326592	30000	1431542.23001938	30000	1503331.73975036	30000	1315304.92224845	30000	1568090.15231005	30000	1295030.75438760	30000	1386757.86113973
40000	1335714.67012691	40000	1431711.53411391	40000	1499075.91299542	40000	1318479.09125613	40000	1565851.07978336	40000	1295102.41771562	40000	1385295.30976797
50000	1338937.36413227	50000	1428831.48558974	50000	1502047.47006323	50000	1316246.69243173	50000	1567613.32210782	50000	1297351.30265068	50000	1384173.04884385
60000	1339025.40186208	60000	1430808.51562906	60000	1507507.39340589	60000	1316826.91318306	60000	1565436.94451565	60000	1295701.51998519	60000	1387526.43432992
70000	1338988.94488699	70000	1431019.97736919	70000	1504850.38371013	70000	1316752.87718419	70000	1563434.30610824	70000	1301800.12255550	70000	1385272.09848709
80000	1339145.04973812	80000	1431185.38374031	80000	1504152.98075372	80000	1316334.25720927	80000	1564300.83858374	80000	1294101.06744702	80000	1388572.33291339
90000	1337766.75565904	90000	1427605.37173604	90000	1502425.86247257	90000	1321527.66620272	90000	1561848.52687220	90000	1295271.49694665	90000	1388512.19823904
100000	1338188.36841556	100000	1430543.13078502	100000	1501965.87604903	100000	1317555.65802099	100000	1561549.56837360	100000	1296175.24563353	100000	1384667.04457677
110000	1338116.20283936	110000	1430216.45272674	110000	1495939.72974580	110000	1317075.02066425	110000	1561929.38632622	110000	1297533.70977751	110000	1384428.15759198
120000	1340349.07018991	120000	1426868.04404160	120000	1503828.28073420	120000	1318678.63021606	120000	1564962.52360744	120000	1298926.13916800	120000	1385454.49944816
130000	1334961.45448924	130000	1428611.94593547	130000	1503186.50687640	130000	1320009.77800670	130000	1560129.20259321	130000	1297443.95062252	130000	1385847.61433140
140000	1339886.14487679	140000	1426944.94167355	140000	1501861.80255487	140000	1319898.16979855	140000	1558764.45846140	140000	1295540.69071217	140000	1384236.56694977
150000	1338596.69928302	150000	1427925.08714696	150000	1500251.10277136	150000	1316707.42360126	150000	1563150.62241689	150000	1294719.17009514	150000	1383926.18429931
160000	1341139.41656199	160000	1427449.11760197	160000	1497260.00011949	160000	1315487.52092495	160000	1561597.89820827	160000	1295512.40754307	160000	1384967.89337461
170000	1338000.99789142	170000	1426513.63421446	170000	1499610.09470985	170000	1316743.16988483	170000	1559701.42108533	170000	1295554.89990874	170000	1381117.50221235
180000	1341846.09266137	180000	1425957.51669646	180000	1498375.37264161	180000	1318068.89479349	180000	1559995.48068070	180000	1294676.98351731	180000	1387011.87877399
190000	1337847.40761072	190000	1422867.96821996	190000	1496573.32566126	190000	1316128.56544686	190000	1564336.06753405	190000	1294927.09622056	190000	1388637.90980215
200000	1338725.53105241	200000	1427539.47615158	200000	1499808.80814332	200000	1318688.70326425	200000	1560322.24260326	200000	1295977.09837321	200000	1385282.16226006
210000	1339268.24265770	210000	1428053.64065086	210000	1502822.69972968	210000	1316983.49072230	210000	1558143.00716316	210000	1296518.82291581	210000	1385754.94797216
220000	1338306.01699717	220000	1426384.94829934	220000	1498953.14421890	220000	1315744.09745209	220000	1560253.88931952	220000	1293395.50411022	220000	1385088.47278240
230000	1337444.36066418	230000	1424511.22512544	230000	1500589.55237828	230000	1316530.66974999	230000	1561155.45143567	230000	1295953.87669315	230000	1383561.68248718
240000	1338564.17718502	240000	1428140.02599263	240000	1499538.83552727	240000	1320414.59575589	240000	1559152.01899973	240000	1295149.05674139	240000	1387468.09900641
250000	1335758.15856469	250000	1428441.44014340	250000	1496316.63547779	250000	1319363.15873419	250000	1556308.56852681	250000	1295411.61358056	250000	1385346.81863713
260000	1343091.30923270	260000	1426319.22020231	260000	1497535.18197733	260000	1314037.47813944	260000	1559392.85641299	260000	1294833.07921381	260000	1384759.41828855
270000	1338669.84655850	270000	1429442.84760885	270000	1497540.44085397	270000	1319278.10148285	270000	1562729.39384975	270000	1295053.36880959	270000	1383454.26357425
280000	1337730.19547336	280000	1421900.52818177	280000	1499093.83837836	280000	1316543.20272205	280000	1557876.66537942	280000	1296612.97124087	280000	1382542.37923179
290000	1335269.49834724	290000	1426325.07029191	290000	1495721.60808329	290000	1316996.24995289	290000	1561798.82126757	290000	1291702.79596361	290000	1384665.94089125
300000	1336299.96914445	300000	1426554.92602121	300000	1497353.75191676	300000	1317888.64555944	300000	1557155.66511630	300000	1293979.52704854	300000	1385803.08619767
310000	1334574.54305299	310000	1425753.83312890	310000	1500629.96830696	310000	1318370.74934645	310000	1555785.84090343	310000	1295043.91079198	310000	1383220.11273510
320000	1339262.06751499	320000	1428104.37030115	320000	1500791.04192150	320000	1316123.14751285	320000	1560470.08019694	320000	1292034.66807191	320000	1385863.84023687
330000	1338222.52871640	330000	1429784.56684600	330000	1496935.32248852	330000	1317445.23095216	330000	1557006.36390605	330000	1292774.53061824	330000	1384929.51690441
340000	1336759.22907556	340000	1428232.75369323	340000	1501784.45846475	340000	1321814.45449273	340000	1558433.66760716	340000	1295034.90797221	340000	1386216.44922091
350000	1336006.10982459	350000	1429152.60011985	350000	1496602.26560046	350000	1321248.84774815	350000	1556635.75710003	350000	1298253.07476938	350000	1386056.24289771
360000	1337609.85812389	360000	1422902.56819344	360000	1497777.77314423	360000	1317031.92798099	360000	1556072.57407147	360000	1293015.34822672	360000	1382633.27707071
370000	1336609.72841496	370000	1423936.67750003	370000	1502173.36487911	370000	1317561.49759780	370000	1554600.48607789	370000	1291949.20191238	370000	1386029.86868810
380000	1336949.65385764	380000	1423597.11401124	380000	1497231.44501880	380000	1318365.50208850	380000	1559030.38950726	380000	1295487.94231332	380000	1383478.73053597
390000	1337333.44920697	390000	1423894.65194493	390000	1494973.95414746	390000	1316839.59664248	390000	1557469.42857740	390000	1297581.66152794	390000	1385663.11337186
400000	1339979.27266812	400000	1427786.24571600	400000	1496835.51620199	400000	1319674.27494997	400000	1555613.37507365	400000	1293111.17714432	400000	1384085.97302517
410000	1338597.48850628	410000	1428860.67543784	410000	1494908.82841933	410000	1319280.12114507	410000	1558848.39672690	410000	1293541.84858817	410000	1385872.45995211
420000	1337886.15042865	420000	1428604.23562408	420000	1499151.26610188	420000	1317521.37826692	420000	1558725.20380397	420000	1294751.34330793	420000	1382942.80514042
430000	1338706.95120218	430000	1427316.91780605	430000	1496679.04305411	430000	1317079.62642866	430000	1557617.68259251	430000	1293428.02598371	430000	1381422.69729541
440000	1337072.61516536	440000	1426727.03216545	440000	1496326.51394798	440000	1312982.92114851	440000	1560217.64453503	440000	1293821.30351595	440000	1385321.38237045
450000	1334112.62769709	450000	1428225.69465774	450000	1496745.38064408	450000	1318203.64263753	450000	1555121.98578592	450000	1292895.26418253	450000	1382370.17361596
460000	1339369.01499710	460000	1423229.71498286	460000	1497561.33755956	460000	1317551.29507652	460000	1556362.52832400	460000	1290165.79175036	460000	1387432.35523021
470000	1336797.93547433	470000	1426513.24858102	470000	1498968.17889680	470000	1320900.23256849	470000	1560088.03061145	470000	1293355.14405190	470000	1382887.00956564
480000	1334991.46417213	480000	1425617.37583513	480000	1500777.33832676	480000	1318735.23497392	480000	1554327.46536465	480000	1293632.76374686	480000	1384524.01148984
490000	1341282.38629512	490000	1423820.04435927	490000	1500574.23739000	490000	1314032.89831260	490000	1556523.79019244	490000	1289750.74174023	490000	1382325.45666542
500000	1339179.49634328	500000	1423900.05775168	500000	1497186.47240256	500000	1316744.51433272	500000	1552001.57822135	500000	1293825.76775333	500000	1382162.85721162
510000	1338577.23921608	510000	1420546.58243145	510000	1498431.29911211	510000	1317680.06581433	510000	1554242.36482889	510000	1294815.45453944	510000	1382356.49050929
520000	1338853.07028379	520000	1424492.43014615	520000	1497024.48326874	520000	1319927.23929045	520000	1555072.86644071	520000	1293597.88145626	520000	1380248.55670189
530000	1338680.43577553	530000	1424644.29555358	530000	1495955.40812715	530000	1316948.31297234	530000	1556337.72384537	530000	1290391.40156312	530000	1385565.97084867
540000	1335691.91091831	540000	1426309.29705186	540000	1497919.05836032	540000	1317067.01303001	540000	1554519.00217961	540000	1295927.92005682	540000	1383386.62571950
550000	1337095.73621240	550000	1423665.62771679	550000	1498290.42690869	550000	1313915.49409016	550000	1557241.49244719	550000	1288302.34466127	550000	1387679.32296766
560000	1337895.38962624	560000	1424706.37114414	560000	1501182.49622517	560000	1318462.06478295	560000	1559458.93004766	560000	1291276.01554984	560000	1383574.66920449
570000	1339608.59687660	570000	1429430.33118072	570000	1499887.25612946	570000	1317390.86929622	570000	1557089.62904287	570000	1293923.98900748	570000	1384069.27441594
580000	1339795.00324394	580000	1424914.05496923	580000	1498927.62874091	580000	1316195.72285518	580000	1557978.67815885	580000	1292629.93124319	580000	1382774.43593062
590000	1340743.77689486	590000	1421539.70854895	590000	1493930.88818209	590000	1316398.87294468	590000	1554106.57734884	590000	1292119.06585060	590000	1383628.30964072
600000	1338022.90372785	600000	1424381.99165681	600000	1497762.35067480	600000	1317080.50679876	600000	1558076.05500066	600000	1290819.98982783	600000	1381880.92986944
610000	1338776.84089435	610000	1423577.10112808	610000	1498702.73005650	610000	1316052.48939859	610000	1557157.56155800	610000	1289702.28054358	610000	1386963.47815526
620000	1341802.66683315	620000	1426320.87902703	620000	1499444.01953576	620000	1319348.29167827	620000	1555586.71051937	620000	1293712.02434236	620000	1385094.74728427
630000	1337425.50545360	630000	1422723.98188958	630000	1499034.17974530	630000	1314700.08453415	630000	1556745.58889777	630000	1292801.58442293	630000	1382826.79368994
640000	1339123.87215543	640000	1428086.73788824	640000	1496905.18456296	640000	1313803.10015789	640000	1559694.53670797	640000	1290960.95764569	640000	1383765.14457495
650000	1337204.05210286	650000	1425306.93347465	650000	1496973.75173754	650000	1317327.27451920	650000	1556755.69399914	650000	1294897.27838715	650000	1386128.68820131
660000	1340460.07295356	660000	1421839.56100340	660000	1498394.15087549	660000	1320706.94175504	660000	1556048.91060732	660000	1291656.18016412	660000	1383779.45775172
670000	1338024.92065406	670000	1420635.30276629	670000	1497639.60098293	670000	1319658.70688250	670000	1556906.73632280	670000	1296238.15534958	670000	1384368.67171263
680000	1337410.27391139	680000	1423706.12830801	680000	1497521.06678702	680000	1318257.83442939	680000	1555423.69245723	680000	1289530.77641925	680000	1382565.85520983
690000	1334834.05101692	690000	1426248.96586880	690000	1496689.53719371	690000	1319847.54706433	690000	1555584.54648477	690000	1292706.93384184	690000	1383549.20342195
700000	1341549.23427093	700000	1426509.07832826	700000	1496683.53488907	700000	1317042.69327766	700000	1556345.05894477	700000	1290928.30864788	700000	1383485.82260953
710000	1338525.68123362	710000	1423612.24492214	710000	1498755.88070673	710000	1318087.51557774	710000	1555699.27506530	710000	1295178.92984560	710000	1382391.55473915
720000	1339077.67056824	720000	1428371.67315462	720000	1494831.37210139	720000	1314759.16477939	720000	1556455.27277307	720000	1292522.08120252	720000	1387190.91485446
730000	1338320.23692819	730000	1426851.21540985	730000	1496805.50086549	730000	1317020.65867815	730000	1555055.74176652	730000	1288287.82229413	730000	1383653.58979264
740000	1338572.03789040	740000	1424896.64017469	740000	1495082.52212083	740000	1316966.06496338	740000	1555666.38396526	740000	1292506.16001794	740000	1385892.79498308
750000	1335580.72693437	750000	1423856.67871052	750000	1496753.54656790	750000	1317063.79707573	750000	1553398.18176296	750000	1293542.74011918	750000	1384505.56294216
760000	1338158.77967573	760000	1426536.16029555	760000	1496782.50486793	760000	1318169.90653524	760000	1557217.28086971	760000	1293212.33177383	760000	1387291.20215471
770000	1339230.25952635	770000	1422974.18221725	770000	1495386.00204269	770000	1314976.30116301	770000	1555530.10111867	770000	1292898.94081040	770000	1385721.36582037
780000	1337226.11992037	780000	1423186.08676939	780000	1496533.18587871	780000	1317111.17716059	780000	1558425.59497426	780000	1290712.26452168	780000	1382250.27952967
790000	1336809.04590748	790000	1428600.73502962	790000	1494174.60278961	790000	1320217.88290557	790000	1553125.57576958	790000	1292922.98329063	790000	1382294.14979166
800000	1337665.19982240	800000	1424400.39812573	800000	1500389.57111857	800000	1315794.33635684	800000	1554493.26300395	800000	1292427.65285622	800000	1388573.86999864
810000	1343420.81409959	810000	1425042.56237581	810000	1497938.29307607	810000	1314299.99393688	810000	1555810.65771459	810000	1291626.78423440	810000	1384122.42292771
820000	1335857.88260012	820000	1425922.32125280	820000	1500408.51356575	820000	1316108.61165259	820000	1554363.66115954	820000	1290892.61010342	820000	1384767.79557783
830000	1338065.27412966	830000	1425417.75364357	830000	1496095.61090427	830000	1317272.77501255	830000	1557337.72096128	830000	1292616.04561452	830000	1381315.97556445
840000	1335499.10463593	840000	1425793.08677900	840000	1496470.73730917	840000	1318046.41303703	840000	1555517.16482253	840000	1290061.54245895	840000	1380969.85004706
850000	1336932.68955053	850000	1428118.41172055	850000	1501701.34505367	850000	1316233.74506761	850000	1555381.08584104	850000	1290989.46319070	850000	1384028.79762688
860000	1332621.38513150	860000	1427672.08006950	860000	1497012.77925430	860000	1317810.35562224	860000	1555545.05296500	860000	1291418.56034888	860000	1386320.64923276
870000	1335739.38609716	870000	1425512.16008468	870000	1494736.13260491	870000	1317152.87675425	870000	1554932.27109000	870000	1289743.04855154	870000	1383313.05321706
880000	1337833.95229324	880000	1426159.72978080	880000	1498060.20690021	880000	1318802.05452332	880000	1559462.75844261	880000	1292647.57499698	880000	1382690.73515390
890000	1337065.00710048	890000	1425469.20493046	890000	1494688.51151265	890000	1316182.26892627	890000	1555559.64114324	890000	1291715.70448003	890000	1383095.30388555
900000	1338378.06378175	900000	1424386.11318510	900000	1496050.13067464	900000	1318515.70505950	900000	1554332.74706911	900000	1291029.08955697	900000	1383173.83651755
910000	1341816.21308604	910000	1424041.57094792	910000	1499386.28220869	910000	1319827.75677530	910000	1557541.88976559	910000	1292552.33720915	910000	1383441.79908451
920000	1337472.14401766	920000	1423471.81517919	920000	1497338.52297642	920000	1318032.89912965	920000	1556338.89206742	920000	1293014.83822563	920000	1383133.00659158
930000	1338027.62522343	930000	1425193.70552916	930000	1497738.34417245	930000	1314839.93780480	930000	1556062.22718361	930000	1293724.93859412	930000	1383260.61341840
940000	1337118.07659786	940000	1425880.38812136	940000	1497789.28620503	940000	1317420.20884730	940000	1557069.81296644	940000	1287929.04639587	940000	1385582.81603727
950000	1339843.75252016	950000	1425530.38684510	950000	1497384.75920991	950000	1314575.88973349	950000	1553815.01353107	950000	1289148.41025308	950000	1384226.49544886
960000	1335989.33640775	960000	1428497.91917866	960000	1494526.00433586	960000	1318274.84028210	960000	1555603.80849625	960000	1295448.38432791	960000	1383854.85678040
970000	1339150.03150595	970000	1425188.18449650	970000	1498620.40158014	970000	1317648.65516198	970000	1555341.22968614	970000	1294159.86206293	970000	1383187.61784793
980000	1339113.01100820	980000	1424614.27807161	980000	1497660.09944052	980000	1317148.47644964	980000	1557273.76399678	980000	1288360.71942166	980000	1381700.14384881
990000	1335198.66208366	990000	1426178.69851951	990000	1497794.36290924	990000	1316878.00907770	990000	1551671.35118942	990000	1289521.94158055	990000	1386305.54910419
1000000	1334656.71913446	1000000	1426648.36755473	1000000	1497050.19095571	1000000	1315331.30878083	1000000	1554393.74469229	1000000	1292104.14077754	1000000	1383203.11400797
1010000	1337169.25584462	1010000	1423972.18954139	1010000	1499426.47828957	1010000	1319351.31780322	1010000	1557152.91770853	1010000	1292998.55435004	1010000	1387968.66102503
1020000	1337173.72300788	1020000	1422181.26154786	1020000	1497813.16114055	1020000	1322086.14015038	1020000	1553950.49384019	1020000	1288590.24180996	1020000	1386111.51566256
1030000	1336366.14712278	1030000	1426927.80432827	1030000	1492770.01682053	1030000	1317913.95018055	1030000	1558037.15997052	1030000	1293236.05750520	1030000	1386074.31921358
1040000	1337573.01468528	1040000	1426709.28702173	1040000	1498167.91078552	1040000	1317259.57720566	1040000	1559376.20836649	1040000	1291985.23727772	1040000	1385409.56458741
1050000	1333269.74531493	1050000	1423210.63840632	1050000	1497530.40368337	1050000	1316251.40674474	1050000	1553935.07510163	1050000	1292691.00495903	1050000	1379750.18422177
1060000	1339478.19964563	1060000	1426584.47104402	1060000	1495983.82730602	1060000	1313458.94376226	1060000	1557832.07505350	1060000	1294032.55820650	1060000	1380285.13643486
1070000	1334779.15992284	1070000	1426008.76200607	1070000	1496773.49004170	1070000	1318317.74893116	1070000	1554717.17646082	1070000	1287527.04557160	1070000	1382287.30393429
1080000	1340188.26508157	1080000	1424742.70211077	1080000	1493731.41692633	1080000	1317771.83408148	1080000	1551412.12913191	1080000	1293670.16366632	1080000	1383961.00846233
1090000	1336462.32718571	1090000	1429668.50443794	1090000	1494523.46079888	1090000	1317126.73870515	1090000	1556992.42423416	1090000	1296874.28568607	1090000	1382639.52035542
1100000	1337275.02670933	1100000	1425746.61803204	1100000	1495157.95580101	1100000	1316786.18178745	1100000	1555582.28454920	1100000	1289812.74478321	1100000	1383938.31404500
1110000	1339558.64125029	1110000	1422775.14690991	1110000	1497359.01495015	1110000	1318385.64070014	1110000	1551395.60975464	1110000	1288552.26344108	1110000	1378180.20711146
1120000	1339034.64157020	1120000	1421563.57171230	1120000	1498694.56163416	1120000	1319001.24820162	1120000	1553348.72582881	1120000	1292212.52295062	1120000	1382712.66053811
1130000	1336644.20973379	1130000	1425568.81003290	1130000	1495367.39863193	1130000	1317079.97531091	1130000	1557964.70729719	1130000	1290834.92334761	1130000	1382744.26190719
1140000	1337106.45453075	1140000	1425902.76440125	1140000	1497538.31231451	1140000	1316924.92162998	1140000	1556568.27414395	1140000	1290222.77960012	1140000	1382717.80756535
1150000	1336083.29334423	1150000	1424378.47466699	1150000	1496433.31303896	1150000	1316204.64945694	1150000	1557128.76260471	1150000	1288864.36421168	1150000	1385522.04807671
1160000	1340728.03941728	1160000	1426436.50547505	1160000	1492164.06173287	1160000	1317920.88393382	1160000	1556382.33186189	1160000	1291778.32211195	1160000	1384235.03889369
1170000	1335132.46830971	1170000	1423131.36720502	1170000	1498115.09838637	1170000	1317311.16068220	1170000	1554279.68284374	1170000	1292946.00837551	1170000	1383002.49254245
1180000	1339204.36348515	1180000	1424495.59408251	1180000	1494844.96268508	1180000	1318732.33922487	1180000	1558761.22275466	1180000	1291623.83557009	1180000	1382097.24013242
1190000	1335072.21830620	1190000	1425219.21347852	1190000	1495265.92396234	1190000	1315470.83860318	1190000	1554849.73775914	1190000	1291394.20489164	1190000	1384738.68165629
1200000	1337648.16634820	1200000	1424642.53822942	1200000	1494184.51126259	1200000	1319845.47890856	1200000	1554704.16445907	1200000	1292653.91156798	1200000	1383585.40717812
1210000	1338494.96829716	1210000	1422905.52998675	1210000	1498301.29432090	1210000	1319222.06365978	1210000	1555834.50868421	1210000	1293322.06012627	1210000	1380919.56670279
1220000	1334969.29672899	1220000	1428674.93861277	1220000	1500081.89282690	1220000	1316129.90071811	1220000	1554742.60178371	1220000	1290382.47999525	1220000	1385108.73414196
1230000	1338127.12287800	1230000	1426952.89110151	1230000	1497125.29411012	1230000	1319336.15650521	1230000	1556576.30083212	1230000	1292399.83845730	1230000	1382586.56539389
1240000	1335168.38720266	1240000	1429330.63844734	1240000	1495839.40027351	1240000	1318665.67544620	1240000	1558207.62008628	1240000	1287462.13109516	1240000	1385318.74266050
1250000	1337717.11782007	1250000	1420977.84830769	1250000	1496375.69692723	1250000	1316590.52098325	1250000	1555366.80688855	1250000	1291107.38126362	1250000	1385387.08053446
1260000	1335243.01072832	1260000	1428025.82813916	1260000	1499042.51841473	1260000	1317261.35035187	1260000	1552832.04392183	1260000	1290421.03889587	1260000	1384918.01666815
1270000	1337677.35012127	1270000	1426884.78588723	1270000	1496513.39283791	1270000	1318457.46678226	1270000	1554773.41761439	1270000	1288672.47077439	1270000	1381527.21208032
1280000	1336103.46717900	1280000	1423390.27567868	1280000	1494878.15481255	1280000	1314998.84882956	1280000	1558011.02225350	1280000	1289123.97938223	1280000	1379561.36734278
1290000	1334796.26202271	1290000	1421646.06066259	1290000	1497382.02982747	1290000	1317580.05125036	1290000	1554557.18914073	1290000	1288846.66003341	1290000	1383835.00325020
1300000	1332270.98628567	1300000	1423848.95514030	1300000	1498777.89650374	1300000	1318079.94718822	1300000	1555966.45412603	1300000	1292070.35916814	1300000	1382913.02103252
1310000	1340549.95469581	1310000	1423640.15403487	1310000	1496927.65085120	1310000	1316108.41673449	1310000	1555232.22728709	1310000	1286697.68346794	1310000	1379625.36100800
1320000	1335775.40114205	1320000	1428232.69451812	1320000	1499074.66095021	1320000	1313031.24314764	1320000	1554985.11590612	1320000	1288617.54461709	1320000	1381296.56473344
1330000	1341001.62008682	1330000	1424684.53352714	1330000	1496016.17197200	1330000	1318666.94611425	1330000	1553975.64769790	1330000	1287249.73897433	1330000	1381087.01178962
1340000	1339451.85178371	1340000	1426466.43069591	1340000	1497298.68193408	1340000	1318820.83560487	1340000	1553473.62967655	1340000	1289899.53995723	1340000	1381500.26572254
1350000	1337484.25359983	1350000	1425201.32187889	1350000	1496376.54965759	1350000	1315730.11831791	1350000	1556869.50490836	1350000	1289107.57027393	1350000	1383043.46122167
1360000	1337467.71404156	1360000	1427345.46900697	1360000	1495759.98479927	1360000	1318245.30237911	1360000	1555588.90886812	1360000	1289093.04644552	1360000	1382471.66045776
1370000	1337352.98968308	1370000	1420013.00993062	1370000	1498461.10632445	1370000	1317447.75152469	1370000	1557444.41454043	1370000	1289378.78848652	1370000	1382972.63263155
1380000	1339677.63653609	1380000	1426791.15525948	1380000	1497210.49091589	1380000	1317975.29411850	1380000	1554238.99895154	1380000	1290429.34972472	1380000	1385468.90202547
1390000	1339278.99832407	1390000	1429490.27334104	1390000	1494723.19476014	1390000	1319163.47589495	1390000	1553497.91000520	1390000	1290373.51876484	1390000	1381605.86889025
1400000	1339321.96537913	1400000	1425341.10843316	1400000	1495603.82370600	1400000	1319351.70845813	1400000	1556978.57398645	1400000	1288524.36168593	1400000	1383118.04870619
1410000	1338319.60165099	1410000	1423902.11249471	1410000	1493675.00481920	1410000	1315894.62351784	1410000	1558401.35140173	1410000	1288030.24037217	1410000	1382240.51371518
1420000	1336973.21163665	1420000	1426132.28258597	1420000	1496144.43089344	1420000	1316285.64773533	1420000	1557126.42747136	1420000	1293753.67999420	1420000	1384048.35219657
1430000	1336985.36259848	1430000	1424726.05277329	1430000	1499341.46989705	1430000	1316622.78370798	1430000	1557911.95389874	1430000	1295005.04182096	1430000	1384170.69433359
1440000	1337199.02419732	1440000	1423361.08863338	1440000	1496413.27998197	1440000	1318931.75055765	1440000	1554029.62445049	1440000	1290636.87000670	1440000	1384129.84747216
1450000	1333177.00488139	1450000	1422987.09065710	1450000	1494272.64595486	1450000	1316661.36822218	1450000	1560326.41584758	1450000	1288448.57548320	1450000	1382729.95570405
1460000	1338196.29502666	1460000	1423003.65573695	1460000	1493261.22243030	1460000	1316988.24061663	1460000	1553229.04800770	1460000	1287405.31214395	1460000	1382268.63808964
1470000	1336497.92596898	1470000	1424606.27518656	1470000	1500035.77325304	1470000	1317126.86358678	1470000	1554317.34197054	1470000	1291779.54136534	1470000	1382587.13926967
1480000	1338679.65667533	1480000	1425921.38974832	1480000	1493404.64169282	1480000	1316260.76600546	1480000	1558313.92170387	1480000	1286501.99421278	1480000	1378357.72725480
1490000	1334164.81056592	1490000	1426837.57834097	1490000	1497061.08098646	1490000	1317592.54522237	1490000	1553805.69686050	1490000	1288767.96096139	1490000	1381347.98152882
1500000	1337392.38191288	1500000	1427699.36336686	1500000	1498567.67950281	1500000	1315299.33501302	1500000	1557201.53796655	1500000	1288596.63399875	1500000	1383345.24051938
1510000	1335836.55930268	1510000	1423479.92594832	1510000	1498778.11352553	1510000	1317820.51267120	1510000	1554694.20069224	1510000	1292672.25797229	1510000	1382392.31259579
1520000	1337478.93479775	1520000	1426589.34130311	1520000	1498618.17722508	1520000	1315325.73150791	1520000	1554210.48097678	1520000	1290744.04138877	1520000	1383966.62768635
1530000	1336457.65875394	1530000	1425815.79935526	1530000	1497467.78528894	1530000	1317056.34363339	1530000	1554686.07370768	1530000	1287857.68213850	1530000	1385301.30395293
1540000	1337933.37119327	1540000	1423430.49217677	1540000	1497878.07304834	1540000	1317241.20888582	1540000	1553999.42054331	1540000	1289762.59204533	1540000	1385271.63434999
1550000	1338815.61612922	1550000	1424403.08110992	1550000	1496962.01846714	1550000	1317577.28424356	1550000	1553762.69461398	1550000	1291838.33709669	1550000	1382571.63174196
1560000	1338218.72389391	1560000	1425215.10175257	1560000	1498365.12806246	1560000	1318011.69589332	1560000	1559837.62764147	1560000	1287945.14398869	1560000	1384013.55932241
1570000	1337592.19299469	1570000	1424617.60210281	1570000	1497366.17870865	1570000	1314494.87225333	1570000	1552309.95676773	1570000	1287466.39187836	1570000	1382457.60493954
1580000	1337457.74913309	1580000	1424377.02235290	1580000	1497765.91443725	1580000	1316209.63541612	1580000	1554273.29383079	1580000	1290207.02469108	1580000	1384916.79316462
1590000	1339715.73827535	1590000	1427602.82261075	1590000	1496941.98585158	1590000	1315917.38848146	1590000	1554504.39363077	1590000	1289871.53840136	1590000	1385924.59535186
1600000	1337722.59718011	1600000	1426073.30767894	1600000	1498149.00754410	1600000	1314325.41772776	1600000	1554983.19648634	1600000	1289170.02600923	1600000	1378104.75764213
1610000	1334507.26285506	1610000	1422288.79208366	1610000	1497429.42647309	1610000	1319082.20678746	1610000	1553959.08309202	1610000	1287732.30870262	1610000	1382253.54934413
1620000	1332727.17057343	1620000	1422268.71458888	1620000	1497016.82637114	1620000	1317761.72249733	1620000	1559349.31134327	1620000	1289302.13105619	1620000	1381418.63013554
1630000	1334627.09129138	1630000	1425834.86284159	1630000	1497363.59249437	1630000	1315407.12060761	1630000	1558114.35700587	1630000	1287842.80561908	1630000	1385104.61891400
1640000	1337538.43620347	1640000	1424224.12226491	1640000	1497401.58320049	1640000	1317793.14916036	1640000	1554031.41991817	1640000	1286154.70625974	1640000	1379923.74117464
1650000	1336385.82951415	1650000	1422297.45274375	1650000	1494826.33909240	1650000	1315382.76110578	1650000	1554970.72343174	1650000	1289351.71407054	1650000	1382778.53863953
1660000	1339002.51502704	1660000	1424279.75375306	1660000	1496329.19140072	1660000	1318724.78455681	1660000	1554375.97679320	1660000	1288150.44468431	1660000	1383085.91016566
1670000	1338917.31120741	1670000	1424043.85562286	1670000	1500498.35081872	1670000	1317071.99562720	1670000	1553686.09861660	1670000	1286580.97500403	1670000	1381402.90926849
1680000	1335097.85654858	1680000	1424447.43826449	1680000	1496419.22933198	1680000	1316537.53153919	1680000	1552621.33801991	1680000	1287388.93301588	1680000	1382015.90991662
1690000	1336607.93116163	1690000	1427213.10404406	1690000	1495626.67592517	1690000	1317137.69306190	1690000	1553948.17621801	1690000	1288344.92938338	1690000	1383602.45347449
1700000	1336486.67066972	1700000	1423771.18331819	1700000	1493096.00393881	1700000	1316742.04851532	1700000	1553739.86677073	1700000	1288197.26465134	1700000	1383803.98166475
1710000	1336438.25168459	1710000	1426313.48904360	1710000	1498378.47128070	1710000	1317019.04108537	1710000	1556920.91792695	1710000	1288218.70943298	1710000	1383812.85486581
1720000	1335258.57935968	1720000	1426714.39832768	1720000	1495248.12274779	1720000	1319010.83721182	1720000	1559409.77493887	1720000	1289149.77397327	1720000	1383927.93056800
1730000	1337421.69462180	1730000	1424876.46516169	1730000	1496703.81088506	1730000	1318218.49356535	1730000	1554432.40992026	1730000	1288956.64320819	1730000	1383806.78550433
1740000	1337631.70920932	1740000	1426380.93467829	1740000	1499636.36001402	1740000	1319180.32920022	1740000	1558207.68810163	1740000	1291751.18000585	1740000	1384237.45983016
1750000	1337761.52295253	1750000	1425311.89977479	1750000	1492109.11047862	1750000	1317151.57042851	1750000	1556449.14822538	1750000	1288018.51860390	1750000	1383091.99592620
1760000	1338744.82079718	1760000	1425323.02664119	1760000	1495673.48116183	1760000	1316953.51792928	1760000	1553383.90947842	1760000	1287845.31656736	1760000	1382989.16175767
1770000	1336161.73347884	1770000	1424266.02245621	1770000	1497035.84284935	1770000	1315279.93220258	1770000	1555671.62988986	1770000	1286224.95197558	1770000	1384384.80722864
1780000	1338510.41170060	1780000	1423828.63335694	1780000	1500308.51921705	1780000	1312874.76405392	1780000	1556542.19501578	1780000	1287167.02675143	1780000	1383167.97385753
1790000	1334209.39260121	1790000	1426283.76263668	1790000	1497136.29090980	1790000	1320838.77296430	1790000	1553880.81961360	1790000	1286252.53987497	1790000	1384037.91508747
1800000	1337561.35095680	1800000	1426934.36609406	1800000	1498020.05708652	1800000	1313783.36056898	1800000	1554753.78753249	1800000	1290689.40602975	1800000	1383566.21400369
1810000	1336288.16838386	1810000	1425585.09748719	1810000	1495904.20020124	1810000	1317680.01423106	1810000	1554319.90191376	1810000	1289114.79134861	1810000	1381856.00232286
1820000	1333588.34310828	1820000	1422776.12260841	1820000	1498931.06160881	1820000	1315536.92956319	1820000	1559108.62777446	1820000	1287310.52239648	1820000	1382573.56713485
1830000	1333261.26168881	1830000	1425342.19756697	1830000	1496450.26202937	1830000	1318828.17251908	1830000	1555713.00506461	1830000	1287962.72155131	1830000	1380338.35691564
1840000	1336123.43508821	1840000	1424934.62642735	1840000	1498182.44329461	1840000	1316219.53758017	1840000	1552353.24851220	1840000	1291372.91419258	1840000	1383053.45401646
1850000	1334687.90567377	1850000	1424401.82778083	1850000	1493799.41213489	1850000	1315607.03146005	1850000	1556944.55267317	1850000	1283367.43038853	1850000	1381147.22177272
1860000	1337588.44654764	1860000	1425027.98971614	1860000	1496342.49555275	1860000	1314296.37095074	1860000	1553103.46966401	1860000	1288976.77220213	1860000	1380681.16635218
1870000	1335908.96254422	1870000	1424893.08328606	1870000	1496185.97820915	1870000	1318418.90958565	1870000	1552512.00550398	1870000	1286576.93628591	1870000	1384335.27936538
1880000	1334538.80168123	1880000	1425224.49282508	1880000	1497825.08543214	1880000	1317766.42623562	1880000	1555263.80978636	1880000	1289494.94087334	1880000	1384191.14739357
1890000	1335101.75367731	1890000	1425603.97757143	1890000	1502289.30075391	1890000	1318822.64262433	1890000	1554444.27639761	1890000	1289447.82657189	1890000	1382345.50906516
1900000	1335576.47890120	1900000	1423832.48429849	1900000	1495069.39251122	1900000	1314649.50614437	1900000	1553304.90160464	1900000	1288449.81513591	1900000	1384115.12911499
1910000	1340181.23720787	1910000	1427767.34074514	1910000	1497037.29699380	1910000	1321935.25846478	1910000	1553291.94250041	1910000	1287907.93008127	1910000	1383709.49435500
1920000	1335433.11411471	1920000	1425137.94210781	1920000	1496073.84139225	1920000	1314811.03207738	1920000	1556567.59452588	1920000	1290788.78503496	1920000	1383505.79403553
1930000	1336003.27541110	1930000	1422182.28850959	1930000	1498659.39293896	1930000	1314998.07944004	1930000	1554024.06832650	1930000	1289836.47264195	1930000	1384977.41836359
1940000	1339838.93129364	1940000	1426040.69750485	1940000	1495969.65821321	1940000	1316807.50055852	1940000	1550349.89786404	1940000	1288150.69572041	1940000	1383823.05073995
1950000	1337397.00680721	1950000	1425241.31278102	1950000	1495570.32276043	1950000	1314902.75435561	1950000	1555104.36773959	1950000	1289932.93356175	1950000	1382844.06290306
1960000	1333091.33067406	1960000	1424251.38986784	1960000	1500816.29738348	1960000	1315774.10807744	1960000	1555285.37851295	1960000	1287312.46416344	1960000	1383477.69194749
1970000	1335113.57624431	1970000	1424066.05411712	1970000	1498730.77977260	1970000	1314178.83621576	1970000	1556624.16994115	1970000	1289096.95195161	1970000	1383237.55795611
1980000	1337570.17442786	1980000	1428276.19796837	1980000	1495414.87458519	1980000	1317548.80438201	1980000	1554701.88332296	1980000	1291533.66265050	1980000	1382783.55329840
1990000	1337282.57674889	1990000	1425747.32587158	1990000	1497495.46266608	1990000	1319434.68914497	1990000	1556980.21118856	1990000	1288729.18479373	1990000	1384219.99780083
2000000	1338446.65640960	2000000	1424816.72796530	2000000	1496881.26582829	2000000	1313214.33767092	2000000	1554199.27563502	2000000	1290201.63538014	2000000	1382064.95780604
2010000	1338333.87315354	2010000	1424911.68337949	2010000	1498148.33501133	2010000	1316449.40468771	2010000	1554667.25387977	2010000	1287741.13564414	2010000	1380606.15142411
2020000	1335815.52163587	2020000	1424915.82996204	2020000	1495845.37182304	2020000	1316713.56314333	2020000	1554472.25229477	2020000	1286729.92313703	2020000	1384208.13955378
2030000	1335451.32041275	2030000	1423813.92160565	2030000	1497179.80266948	2030000	1317148.95435345	2030000	1551730.10284823	2030000	1290333.72058333	2030000	1381189.95920473
2040000	1338128.33795064	2040000	1427631.80471512	2040000	1496306.82873647	2040000	1315010.02306302	2040000	1557182.60555863	2040000	1288533.85357841	2040000	1382733.32821264
2050000	1337148.75354169	2050000	1427433.80293432	2050000	1494392.72517244	2050000	1315115.15141566	2050000	1558358.66000401	2050000	1287890.48469123	2050000	1379920.11776265
2060000	1335758.58320480	2060000	1429257.91456151	2060000	1499308.68313052	2060000	1317418.74486180	2060000	1558374.16968670	2060000	1286852.28873198	2060000	1385616.33237711
2070000	1335796.41650501	2070000	1426179.04514577	2070000	1501726.31668020	2070000	1314119.33192168	2070000	1554948.13146190	2070000	1290206.31856189	2070000	1384193.08935397
2080000	1333543.89265846	2080000	1425578.08199489	2080000	1496928.75848957	2080000	1316559.14333102	2080000	1554812.35982247	2080000	1288049.38186321	2080000	1383863.45035523
2090000	1336561.26194219	2090000	1425486.09046471	2090000	1497813.20533972	2090000	1315506.32857030	2090000	1553044.35192657	2090000	1291805.55249486	2090000	1382998.90174767
2100000	1340696.09939223	2100000	1425566.79262075	2100000	1497036.78558263	2100000	1318417.10719979	2100000	1555899.79393305	2100000	1287065.98880913	2100000	1383451.08168208
2110000	1336556.79653015	2110000	1424998.93671006	2110000	1496670.99558148	2110000	1315862.43097666	2110000	1555232.19308192	2110000	1289569.79179213	2110000	1385233.63752136
2120000	1337999.25649286	2120000	1424694.48440622	2120000	1500983.11944016	2120000	1318318.58367966	2120000	1554717.61842093	2120000	1288721.63452462	2120000	1380774.76465671
2130000	1339853.07480636	2130000	1423730.92479745	2130000	1496325.99088211	2130000	1319091.13773215	2130000	1556577.79404237	2130000	1287398.69414188	2130000	1385026.36273022
2140000	1337102.88816373	2140000	1426577.73033001	2140000	1494597.67890357	2140000	1312383.38423258	2140000	1554901.44594670	2140000	1288760.45852988	2140000	1383288.15989006
2150000	1337010.72496884	2150000	1425530.13007223	2150000	1499669.98517715	2150000	1320632.38684023	2150000	1554036.27185845	2150000	1285470.18035305	2150000	1382217.23562134
2160000	1335152.01188855	2160000	1423981.97033950	2160000	1495878.40528619	2160000	1316563.15169492	2160000	1558280.95564504	2160000	1290113.27141258	2160000	1384950.62637091
2170000	1337026.54020828	2170000	1427572.93897070	2170000	1496887.45947659	2170000	1316312.06474307	2170000	1554405.19493922	2170000	1290939.90076004	2170000	1381920.74093334
2180000	1337829.67481577	2180000	1425304.95860970	2180000	1494226.27308528	2180000	1317056.53024595	2180000	1553743.92991259	2180000	1289494.90448199	2180000	1383182.62357983
2190000	1338210.67744239	2190000	1427639.52776318	2190000	1493709.20544949	2190000	1319677.52319102	2190000	1557023.90223926	2190000	1288948.41302419	2190000	1385949.68848087
2200000	1336633.76294408	2200000	1420442.46129085	2200000	1497318.62760017	2200000	1316848.53789148	2200000	1553975.25668333	2200000	1287752.23640899	2200000	1385530.15547011
2210000	1333938.34327412	2210000	1425638.89688905	2210000	1500435.16938340	2210000	1317020.11467707	2210000	1552270.91959858	2210000	1290703.08007652	2210000	1385750.46141887
2220000	1334787.32544953	2220000	1423804.67806256	2220000	1499018.08371656	2220000	1318398.89913211	2220000	1551669.97968014	2220000	1289211.69994103	2220000	1381136.73799475
2230000	1337946.63123258	2230000	1422528.59002490	2230000	1495366.69273813	2230000	1317607.19164565	2230000	1556689.87583818	2230000	1288479.61710771	2230000	1383434.66309599
2240000	1336704.26065732	2240000	1427804.24216454	2240000	1495540.63331225	2240000	1314359.51330911	2240000	1557036.11664924	2240000	1286094.36996585	2240000	1381301.49969967
2250000	1339322.00466307	2250000	1425960.19191781	2250000	1496475.73952395	2250000	1317008.38936336	2250000	1554529.61422239	2250000	1287190.52077776	2250000	1383608.55754388
2260000	1339493.90806000	2260000	1422956.28652719	2260000	1496275.33640286	2260000	1317480.83349859	2260000	1554917.41085171	2260000	1287861.30467986	2260000	1386374.19804969
2270000	1336980.51125616	2270000	1424588.24908558	2270000	1497182.18159481	2270000	1315565.62427041	2270000	1556488.34462887	2270000	1287955.44966642	2270000	1383686.04155499
2280000	1335703.71684770	2280000	1424822.19848622	2280000	1493228.65335329	2280000	1320396.30630126	2280000	1555040.11922014	2280000	1286211.62814653	2280000	1382135.32446687
2290000	1336420.43721053	2290000	1427035.44783035	2290000	1501425.47158366	2290000	1313864.85790077	2290000	1552515.98269372	2290000	1288506.48878739	2290000	1380438.38792575
2300000	1336688.82383229	2300000	1427584.73461802	2300000	1496286.85878434	2300000	1317207.85181794	2300000	1554241.61404284	2300000	1286915.31052673	2300000	1383589.66866392
2310000	1335161.26253075	2310000	1421692.32688956	2310000	1496386.96066390	2310000	1315965.89647414	2310000	1553657.50411102	2310000	1287873.41043645	2310000	1382984.18454168
2320000	1339827.02599617	2320000	1424518.09066878	2320000	1497464.23682985	2320000	1316481.85496391	2320000	1556200.28530662	2320000	1289352.66110191	2320000	1383387.40645257
2330000	1340140.83874404	2330000	1425846.26785848	2330000	1495862.92214839	2330000	1319347.55014863	2330000	1554665.97449597	2330000	1287911.82524135	2330000	1384349.65696144
2340000	1336357.95583714	2340000	1427485.97118410	2340000	1494615.27219330	2340000	1318789.59589224	2340000	1551837.06809561	2340000	1288331.10288095	2340000	1383983.39833969
2350000	1339305.07805611	2350000	1427099.86618463	2350000	1496187.13151120	2350000	1315413.16325989	2350000	1553015.59420638	2350000	1285885.29270497	2350000	1382836.23194664
2360000	1338065.31813600	2360000	1425235.07773694	2360000	1492822.23730548	2360000	1315313.75233857	2360000	1554436.07729139	2360000	1295451.07389403	2360000	1384100.21837880
2370000	1338385.21960185	2370000	1425859.94202902	2370000	1497740.15689800	2370000	1316153.10402101	2370000	1555850.04381543	2370000	1288729.29323414	2370000	1382873.02569965
2380000	1338584.84464988	2380000	1422854.48623475	2380000	1497066.60743035	2380000	1315249.61232051	2380000	1553383.84983497	2380000	1287927.59696896	2380000	1385551.54990601
2390000	1334042.99345671	2390000	1424105.02908544	2390000	1498405.52394234	2390000	1314872.41989106	2390000	1555303.74100116	2390000	1290628.02945253	2390000	1384134.56974127
2400000	1333295.34549790	2400000	1424427.86377284	2400000	1494917.71673451	2400000	1317551.58836667	2400000	1556147.35054546	2400000	1290574.85216289	2400000	1382548.75905278
2410000	1333091.82416727	2410000	1424633.36970084	2410000	1495925.83427613	2410000	1315445.76907305	2410000	1552816.36200173	2410000	1290752.81867757	2410000	1385264.62173015
2420000	1333405.10609280	2420000	1422529.00375600	2420000	1496570.42200268	2420000	1315455.84588771	2420000	1556084.40465970	2420000	1287389.35978129	2420000	1380723.35760944
2430000	1336085.50888205	2430000	1425622.62785637	2430000	1495413.09549179	2430000	1313996.10920804	2430000	1556203.49441621	2430000	1286557.30786850	2430000	1379607.90331806
2440000	1338925.72930019	2440000	1426139.37706972	2440000	1495733.78309718	2440000	1316678.53081634	2440000	1554670.21557023	2440000	1286039.45322870	2440000	1382445.03398622
2450000	1335397.39138656	2450000	1423006.08671786	2450000	1495111.09893423	2450000	1317253.50939894	2450000	1554165.89048385	2450000	1289194.10058818	2450000	1380640.91926488
2460000	1337137.71728026	2460000	1426504.68466391	2460000	1495777.45329430	2460000	1313197.25264597	2460000	1554019.33531200	2460000	1286084.05318933	2460000	1382514.68176531
2470000	1337858.58978232	2470000	1428551.57793150	2470000	1492945.79608233	2470000	1315706.93844609	2470000	1554767.58312003	2470000	1289742.38151498	2470000	1380316.28029865
2480000	1336447.80026061	2480000	1427389.46197734	2480000	1498456.79529563	2480000	1314775.53296847	2480000	1558328.15370612	2480000	1288719.08869708	2480000	1381657.27002003
2490000	1335359.14919421	2490000	1423379.36152858	2490000	1498610.48107754	2490000	1317172.48817167	2490000	1553171.97345492	2490000	1290700.44029428	2490000	1386337.60217606
2500000	1338455.39745695	2500000	1423024.18943070	2500000	1493991.98031076	2500000	1316473.91090264	2500000	1554670.90961638	2500000	1291142.33673557	2500000	1381910.92499367
2510000	1336279.28795314	2510000	1426085.61560123	2510000	1497430.40075016	2510000	1319650.14765065	2510000	1556167.26274629	2510000	1288368.95159720	2510000	1384083.79503013
2520000	1336845.45219853	2520000	1426863.50624480	2520000	1494535.59945159	2520000	1318764.75352330	2520000	1558215.01454249	2520000	1290195.52196598	2520000	1381953.55744117
2530000	1337539.70873697	2530000	1427518.69987607	2530000	1495727.81909393	2530000	1318028.15210292	2530000	1552245.06329864	2530000	1286346.27746416	2530000	1383321.90586416
2540000	1335386.85422488	2540000	1427388.65826673	2540000	1495474.92526481	2540000	1316479.65166948	2540000	1556710.26101340	2540000	1286214.91269125	2540000	1386326.56069209
2550000	1334103.07389473	2550000	1426744.95523743	2550000	1498345.23150035	2550000	1318067.95596501	2550000	1553267.78987972	2550000	1291418.15544901	2550000	1383078.43006244
2560000	1338740.67245826	2560000	1427585.54814668	2560000	1497438.37930097	2560000	1316296.43954506	2560000	1555365.22504884	2560000	1290066.75468894	2560000	1381754.64281207
2570000	1336025.25644521	2570000	1428080.83374036	2570000	1497066.77606519	2570000	1314942.36471490	2570000	1554954.15101202	2570000	1286941.44476352	2570000	1381722.34432006
2580000	1336147.00738486	2580000	1425586.19585393	2580000	1500163.40355389	2580000	1312969.00332454	2580000	1555244.55520905	2580000	1287989.69690424	2580000	1386136.63574500
2590000	1333923.87972408	2590000	1426818.80743228	2590000	1496612.82080724	2590000	1315785.90403935	2590000	1553444.23367717	2590000	1284987.26185318	2590000	1381507.34885794
2600000	1335749.46744915	2600000	1421816.33181078	2600000	1496300.07802961	2600000	1318938.81947411	2600000	1552181.26904399	2600000	1286189.96335817	2600000	1385533.71984686
2610000	1337447.84384350	2610000	1426233.27120803	2610000	1493521.59895138	2610000	1318307.02166781	2610000	1554820.08938297	2610000	1290258.42703526	2610000	1379413.43268671
2620000	1339596.11606376	2620000	1425942.90606242	2620000	1498800.64420860	2620000	1315006.11756868	2620000	1558824.94517673	2620000	1288250.23666525	2620000	1383908.00803425
2630000	1341765.53535239	2630000	1425262.18454779	2630000	1497652.75876645	2630000	1318286.90926080	2630000	1555614.49394487	2630000	1287713.13288766	2630000	1381224.25197609
2640000	1337543.25399265	2640000	1426532.97437011	2640000	1498923.63551053	2640000	1316223.41302165	2640000	1557157.07176011	2640000	1288203.12538643	2640000	1385332.17738584
2650000	1337066.76526996	2650000	1429017.24926980	2650000	1497472.59144223	2650000	1315476.49057162	2650000	1554742.35565660	2650000	1286816.56724517	2650000	1380147.01775995
2660000	1341228.06304560	2660000	1425035.35397696	2660000	1496312.18211879	2660000	1318798.59963562	2660000	1555964.16522611	2660000	1288824.59168527	2660000	1380436.00550537
2670000	1339421.46968526	2670000	1423545.31504904	2670000	1497491.11061536	2670000	1318031.95534903	2670000	1554300.82955630	2670000	1289806.49679516	2670000	1385258.51153149
2680000	1335834.10197260	2680000	1422029.59962762	2680000	1497134.22654896	2680000	1311973.66101019	2680000	1557507.46646699	2680000	1289501.83888890	2680000	1385432.81706204
2690000	1336319.88320573	2690000	1424129.55199647	2690000	1494816.40334760	2690000	1316221.83428445	2690000	1555479.95753776	2690000	1289925.92442182	2690000	1385964.72775908
2700000	1337009.09887705	2700000	1422811.62601667	2700000	1493826.94768435	2700000	1314307.52402967	2700000	1554677.28386708	2700000	1287986.32655589	2700000	1383715.81102721
2710000	1336781.56144236	2710000	1422552.28330096	2710000	1497774.36434750	2710000	1317007.36371713	2710000	1552490.06962392	2710000	1287244.10540631	2710000	1384843.26169125
2720000	1336377.48487102	2720000	1425340.91535366	2720000	1493784.59032201	2720000	1317868.83326938	2720000	1553385.95349609	2720000	1287495.95163274	2720000	1381610.56685167
2730000	1336770.73755130	2730000	1421526.46406372	2730000	1492610.23525527	2730000	1312441.21712247	2730000	1557014.56595020	2730000	1287063.33532589	2730000	1381602.57071130
2740000	1334599.84287218	2740000	1424758.18743717	2740000	1494878.94137867	2740000	1315779.21582498	2740000	1553383.24347569	2740000	1289799.13087378	2740000	1380519.91970481
2750000	1336337.40469447	2750000	1422554.20394066	2750000	1493309.95920993	2750000	1317754.61976472	2750000	1556577.40733294	2750000	1289787.76191076	2750000	1386015.09695033
2760000	1337890.64986879	2760000	1427238.60754116	2760000	1497066.02455560	2760000	1313005.83617257	2760000	1554210.07248575	2760000	1287892.64148349	2760000	1380756.55865970
2770000	1338265.88891813	2770000	1425342.72627496	2770000	1496924.73590677	2770000	1317004.57393730	2770000	1556842.12474711	2770000	1287187.03818688	2770000	1384335.51088945
2780000	1336225.71139842	2780000	1422758.53672173	2780000	1492274.93545617	2780000	1312611.92720660	2780000	1557007.18679620	2780000	1287400.06269693	2780000	1383314.05232416
2790000	1340200.75960265	2790000	1422989.91026689	2790000	1499990.45535795	2790000	1314923.92986402	2790000	1553433.16095666	2790000	1288891.93108341	2790000	1384698.74659903
2800000	1335243.99673444	2800000	1426760.70869654	2800000	1497902.97871132	2800000	1314763.89955248	2800000	1552587.92573056	2800000	1287694.48540543	2800000	1382692.13028637
2810000	1336940.14780321	2810000	1426600.67482920	2810000	1496928.14874645	2810000	1317056.22479255	2810000	1555802.27058291	2810000	1287030.05772947	2810000	1381132.35185656
2820000	1332850.08773074	2820000	1426103.34943525	2820000	1496516.21606549	2820000	1316539.43354907	2820000	1556635.40652247	2820000	1287524.61809062	2820000	1384126.81459559
2830000	1339356.20083723	2830000	1427745.54069979	2830000	1495443.11556584	2830000	1314373.24005381	2830000	1556252.93453632	2830000	1289072.10786356	2830000	1381619.24984474
2840000	1335051.60845908	2840000	1430460.99338148	2840000	1497463.92045743	2840000	1319779.68025042	2840000	1553548.10208430	2840000	1285600.09916330	2840000	1380979.47465480
2850000	1340448.99663287	2850000	1424052.22324133	2850000	1494798.49834252	2850000	1314070.34030848	2850000	1557513.30172509	2850000	1285705.42910618	2850000	1382153.14386360
2860000	1336376.34627323	2860000	1421206.76975129	2860000	1499148.51714479	2860000	1314983.16039224	2860000	1558337.09678937	2860000	1289739.21252080	2860000	1380708.91949945
2870000	1336637.88107088	2870000	1422390.30383523	2870000	1492186.20597634	2870000	1314220.20213407	2870000	1557723.54845140	2870000	1287601.86264926	2870000	1385947.74672414
2880000	1336607.00792068	2880000	1427721.95584639	2880000	1496766.34434363	2880000	1316119.82380835	2880000	1556624.89438434	2880000	1286255.66463590	2880000	1385407.59141229
2890000	1342218.57374380	2890000	1422742.41712772	2890000	1494642.64369433	2890000	1315687.37377252	2890000	1553085.72538004	2890000	1287859.55781928	2890000	1385766.01606732
2900000	1335519.26656537	2900000	1423562.12080368	2900000	1496258.76184277	2900000	1316388.71911773	2900000	1555993.12875639	2900000	1287736.58815144	2900000	1381078.45827470
2910000	1335768.50438299	2910000	1422046.27315733	2910000	1496419.19625539	2910000	1316719.04176220	2910000	1555011.76930644	2910000	1287091.04427482	2910000	1382266.74590813
2920000	1336832.52552121	2920000	1424325.20073990	2920000	1495291.56884818	2920000	1315233.02535674	2920000	1556008.78965139	2920000	1286164.75234946	2920000	1383097.64474914
2930000	1339554.55831358	2930000	1423733.11086668	2930000	1494630.45590371	2930000	1315806.18771966	2930000	1558805.89653015	2930000	1287040.12194232	2930000	1382329.09183588
2940000	1337295.90716912	2940000	1424123.60910581	2940000	1494572.89641305	2940000	1317126.40960900	2940000	1558563.30272348	2940000	1287839.94979597	2940000	1385145.89046416
2950000	1336960.14860618	2950000	1426149.39311335	2950000	1496604.11033280	2950000	1319318.89467430	2950000	1556253.20601613	2950000	1286926.21319355	2950000	1381571.16152626
2960000	1341434.64044829	2960000	1427468.26718053	2960000	1496810.90653313	2960000	1312782.80640375	2960000	1555182.06429411	2960000	1288880.66921280	2960000	1383540.29062178
2970000	1337236.33914758	2970000	1424710.63623725	2970000	1498050.62317657	2970000	1317461.60450182	2970000	1556912.49447137	2970000	1287603.72665128	2970000	1382602.26586823
2980000	1336855.31691999	2980000	1422521.04489128	2980000	1497511.01918596	2980000	1318604.80820592	2980000	1555437.18640388	2980000	1290919.92517855	2980000	1378429.80096682
2990000	1336489.32025102	2990000	1426124.54834898	2990000	1500550.18907316	2990000	1312403.96314634	2990000	1556641.42087897	2990000	1287373.28817336	2990000	1383524.98732593
3000000	1340610.93358837	3000000	1424764.70384361	3000000	1495493.79341186	3000000	1317434.69953243	3000000	1556532.08825752	3000000	1287027.45792447	3000000	1382654.81319656
3010000	1337823.00026862	3010000	1426298.58180858	3010000	1496309.21168693	3010000	1313894.33439789	3010000	1552551.90256336	3010000	1287646.45607356	3010000	1381942.44127490
3020000	1338259.18826636	3020000	1423051.64432371	3020000	1495517.79874482	3020000	1315128.41104401	3020000	1553018.60428925	3020000	1287721.03544209	3020000	1387627.43147043
3030000	1337936.29600785	3030000	1425483.30869100	3030000	1493351.60408779	3030000	1315975.55171012	3030000	1556871.15512139	3030000	1287354.87993200	3030000	1380307.26143858
3040000	1337930.06029231	3040000	1428168.36695971	3040000	1499097.75016414	3040000	1316291.61052199	3040000	1555275.56473382	3040000	1289163.18824905	3040000	1384069.29807133
3050000	1336979.47668872	3050000	1426492.09569570	3050000	1496939.18428365	3050000	1317016.18946696	3050000	1558201.20780623	3050000	1286671.05741023	3050000	1384116.12502658
3060000	1335878.23354833	3060000	1425368.20919688	3060000	1497188.72670914	3060000	1318738.09336981	3060000	1554273.98035051	3060000	1288444.81836611	3060000	1380645.12943538
3070000	1334999.86457842	3070000	1426515.17229879	3070000	1494786.74800485	3070000	1315410.05408761	3070000	1555119.70439508	3070000	1288063.02186932	3070000	1385116.71622231
3080000	1336571.92113140	3080000	1426461.10212132	3080000	1495773.67936691	3080000	1317770.94946897	3080000	1552951.61526654	3080000	1289344.65005903	3080000	1382066.26931672
3090000	1337971.88286772	3090000	1422561.65819394	3090000	1494744.66650627	3090000	1318853.56002808	3090000	1554247.69360400	3090000	1286880.24421252	3090000	1385440.25830966
3100000	1336955.13279855	3100000	1426071.23226063	3100000	1494708.77148921	3100000	1319586.54501805	3100000	1556078.34466976	3100000	1283870.14271086	3100000	1385302.73505305
3110000	1333535.48582774	3110000	1425397.77062037	3110000	1497326.76355464	3110000	1314924.16421519	3110000	1557817.79286657	3110000	1287603.67286676	3110000	1383055.04913361
3120000	1334621.20045405	3120000	1431968.90264714	3120000	1494199.21204167	3120000	1315283.82880687	3120000	1555115.35466774	3120000	1288329.96032344	3120000	1382620.58735062
3130000	1336743.16889974	3130000	1423986.59376392	3130000	1495275.83654218	3130000	1315858.83666637	3130000	1553481.40268203	3130000	1288508.44929894	3130000	1382836.13530730
3140000	1336959.71657821	3140000	1423071.54557962	3140000	1497620.01119536	3140000	1315813.06050042	3140000	1555520.31348347	3140000	1290735.00648146	3140000	1387456.62170219
3150000	1334425.55544083	3150000	1425450.82496573	3150000	1496571.55614134	3150000	1318041.63354743	3150000	1556408.11435889	3150000	1286608.98795117	3150000	1382488.13188976
3160000	1336279.05523037	3160000	1425430.96524913	3160000	1493418.68738768	3160000	1314886.67757685	3160000	1556240.36587944	3160000	1287939.86536888	3160000	1382065.03726875
3170000	1336951.20789597	3170000	1426986.56351794	3170000	1495279.19135040	3170000	1318688.30417509	3170000	1556597.42625915	3170000	1285429.77478818	3170000	1382219.58542436
3180000	1337187.48855384	3180000	1421018.28970910	3180000	1497060.80816118	3180000	1315419.68598293	3180000	1553189.91855243	3180000	1287043.30615985	3180000	1382781.95420245
3190000	1337796.13651736	3190000	1427298.78996171	3190000	1497590.38793337	3190000	1315345.93043813	3190000	1552928.95137225	3190000	1287254.63668351	3190000	1385377.45153131
3200000	1336403.67989979	3200000	1428325.14656593	3200000	1499270.91289542	3200000	1316363.92900214	3200000	1559718.97727171	3200000	1287710.38287790	3200000	1387696.58785152
3210000	1337650.30287409	3210000	1426247.00638605	3210000	1498228.14254997	3210000	1317868.78665492	3210000	1557921.72927034	3210000	1288799.15005692	3210000	1381306.49520297
3220000	1339843.01268982	3220000	1421956.47873805	3220000	1496511.36649659	3220000	1316533.12952124	3220000	1556801.84219429	3220000	1286133.95722961	3220000	1382826.17845107
3230000	1337052.36949232	3230000	1427194.25070068	3230000	1495625.23484852	3230000	1315721.23378337	3230000	1555603.57698953	3230000	1285724.46249148	3230000	1385641.62151108
3240000	1335700.89645971	3240000	1428071.03188250	3240000	1497504.32286705	3240000	1316550.98861781	3240000	1555688.12116176	3240000	1282246.81606964	3240000	1381682.75870465
3250000	1339231.29500359	3250000	1425835.77136197	3250000	1495800.20693409	3250000	1317196.08145448	3250000	1556696.91811655	3250000	1290996.13234548	3250000	1380721.64785363
3260000	1335898.64474443	3260000	1423605.65538354	3260000	1500917.44641032	3260000	1317423.70588723	3260000	1555258.13873051	3260000	1285217.76464404	3260000	1380658.93337916
3270000	1337870.70294577	3270000	1422894.60781791	3270000	1498647.46270121	3270000	1315087.12540631	3270000	1555978.84887328	3270000	1289849.19495037	3270000	1382570.41075301
3280000	1333088.67010669	3280000	1427288.68259410	3280000	1496769.12258487	3280000	1314705.88489799	3280000	1556204.08629533	3280000	1288611.47181128	3280000	1382557.77146069
3290000	1338094.97533611	3290000	1423590.51573471	3290000	1495727.25130170	3290000	1316710.25768092	3290000	1554066.94530604	3290000	1288312.02280841	3290000	1382981.61133232
3300000	1336700.41561396	3300000	1425268.80992158	3300000	1499335.64710414	3300000	1315132.18016477	3300000	1552667.73667184	3300000	1288331.44551623	3300000	1385436.93628354
3310000	1336479.13814942	3310000	1421738.30476134	3310000	1496638.38352867	3310000	1315998.29218812	3310000	1552366.34047804	3310000	1287640.49148396	3310000	1383698.91269472
3320000	1339146.57192403	3320000	1424508.92260554	3320000	1494311.73550199	3320000	1318559.54807924	3320000	1553695.78216656	3320000	1287324.47890634	3320000	1382058.17490191
3330000	1340094.01395269	3330000	1425671.21834415	3330000	1494332.43631929	3330000	1318079.75508844	3330000	1557561.98550867	3330000	1287979.62566198	3330000	1383409.67127552
3340000	1340821.75682295	3340000	1427518.32372658	3340000	1495563.61829781	3340000	1317290.52940806	3340000	1557836.63951477	3340000	1289843.84377062	3340000	1381007.80419433
3350000	1337747.72768719	3350000	1425377.98870906	3350000	1498605.42073556	3350000	1316381.14588117	3350000	1552572.27918865	3350000	1290366.22529605	3350000	1383149.88805382
3360000	1335989.07255334	3360000	1423280.38290105	3360000	1495552.48400750	3360000	1316141.04633378	3360000	1555717.91547063	3360000	1287088.15860122	3360000	1385568.52168259
3370000	1336583.16971299	3370000	1426150.31240712	3370000	1496883.02897470	3370000	1310901.42781415	3370000	1554033.57940623	3370000	1286560.87262465	3370000	1379372.46006257
3380000	1336797.49553482	3380000	1424119.93955918	3380000	1495204.76127116	3380000	1315010.95198765	3380000	1554780.56768461	3380000	1290404.84996812	3380000	1384592.24083346
3390000	1339567.58480064	3390000	1429504.28295518	3390000	1496628.45745203	3390000	1315333.07642091	3390000	1555964.35443273	3390000	1288192.59998898	3390000	1386572.51392733
3400000	1338699.80777280	3400000	1423846.48411752	3400000	1496850.91505211	3400000	1313376.71164411	3400000	1553764.59451755	3400000	1286683.41861876	3400000	1383732.43633970
3410000	1337678.73213942	3410000	1425262.28335319	3410000	1500783.06093110	3410000	1317986.73191252	3410000	1551914.12346928	3410000	1285162.21354747	3410000	1382268.85132451
3420000	1335725.42848667	3420000	1423871.75328763	3420000	1501225.17966218	3420000	1316566.49718503	3420000	1552954.22933164	3420000	1287127.99907032	3420000	1384913.02341933
3430000	1335105.81283904	3430000	1424967.31768960	3430000	1494830.28091764	3430000	1318336.14885819	3430000	1556589.92113400	3430000	1287200.33236889	3430000	1378896.80200373
3440000	1341557.06938585	3440000	1424242.14912045	3440000	1498801.79563152	3440000	1313175.08796268	3440000	1555861.27778161	3440000	1287216.87619309	3440000	1384805.47083767
3450000	1337661.25288456	3450000	1423775.32164593	3450000	1497648.72180457	3450000	1314167.66789193	3450000	1555187.56153060	3450000	1288651.15371074	3450000	1383874.63104330
3460000	1334019.53266332	3460000	1425002.10267732	3460000	1495691.83243355	3460000	1315430.79637059	3460000	1553891.16837047	3460000	1285745.70193216	3460000	1383435.39115040
3470000	1336284.59890625	3470000	1424479.76250093	3470000	1496862.77003092	3470000	1312443.85377754	3470000	1554118.47674222	3470000	1290610.85565021	3470000	1383343.48665368
3480000	1334557.16095289	3480000	1422600.90783692	3480000	1499169.50963177	3480000	1314811.06651540	3480000	1556144.26500609	3480000	1284478.55037163	3480000	1382581.21995546
3490000	1336441.46780042	3490000	1425181.18242734	3490000	1496156.01983758	3490000	1314497.97018721	3490000	1554855.70102608	3490000	1284905.86234693	3490000	1385028.51450957
3500000	1340238.04513274	3500000	1426228.02997181	3500000	1493134.43557214	3500000	1315477.94017766	3500000	1558025.93675291	3500000	1289284.82410040	3500000	1382969.21863093
3510000	1335952.73697161	3510000	1424480.27804916	3510000	1497232.66814070	3510000	1313813.34892441	3510000	1555538.83365019	3510000	1285869.43034219	3510000	1383992.83211593
3520000	1335332.73843008	3520000	1424934.81038762	3520000	1497006.10871888	3520000	1314688.51047018	3520000	1554326.59353751	3520000	1284421.31429474	3520000	1381420.31336121
3530000	1335575.55991244	3530000	1424675.43217703	3530000	1495460.96295187	3530000	1315221.03289264	3530000	1553475.35272193	3530000	1280895.51742167	3530000	1384653.63646867
3540000	1335400.31292358	3540000	1425930.78280218	3540000	1494373.36999260	3540000	1317013.66686770	3540000	1554867.33603535	3540000	1287021.09158762	3540000	1383789.12578102
3550000	1337689.49211193	3550000	1424599.55309100	3550000	1495628.25549194	3550000	1316936.92002402	3550000	1556985.59835763	3550000	1289640.78993811	3550000	1380342.67556538
3560000	1334414.77445341	3560000	1425602.87054626	3560000	1496460.06583484	3560000	1315745.03651290	3560000	1555244.50903475	3560000	1286836.90220930	3560000	1379769.72419683
3570000	1338466.76507093	3570000	1423166.56892629	3570000	1495536.49804871	3570000	1313519.62512196	3570000	1554597.27281294	3570000	1285026.72537789	3570000	1382864.48201593
3580000	1335568.82892551	3580000	1423872.55128248	3580000	1500709.26765136	3580000	1316530.70797729	3580000	1556748.74993121	3580000	1284475.46613222	3580000	1380026.99188842
3590000	1336321.16867478	3590000	1423777.35234763	3590000	1494661.57631625	3590000	1314761.69663577	3590000	1556892.37085737	3590000	1288675.68007264	3590000	1381429.15352259
3600000	1336300.88891583	3600000	1425692.72578983	3600000	1496723.96845463	3600000	1316350.07370110	3600000	1555091.60742845	3600000	1287332.47078447	3600000	1377300.30722902
3610000	1335223.14083583	3610000	1427074.73128157	3610000	1497066.23654021	3610000	1319018.56817319	3610000	1554380.45083169	3610000	1287881.66598642	3610000	1378398.88951225
3620000	1336210.11549675	3620000	1420786.16768366	3620000	1496039.86043491	3620000	1314019.67120307	3620000	1555163.63766752	3620000	1285860.51449310	3620000	1382797.43291548
3630000	1336408.15012392	3630000	1427004.51126497	3630000	1497525.81313072	3630000	1314798.29164381	3630000	1558557.98768016	3630000	1290369.34296830	3630000	1381730.86903298
3640000	1338531.43943091	3640000	1425281.77208559	3640000	1500193.45076037	3640000	1314775.75135893	3640000	1553896.54607269	3640000	1288063.85331849	3640000	1385359.52509981
3650000	1338633.35921420	3650000	1422200.73835361	3650000	1494406.85331296	3650000	1314265.63948820	3650000	1554559.10201949	3650000	1287921.88099380	3650000	1384667.29593607
3660000	1337136.74113198	3660000	1426742.00104630	3660000	1497853.26119276	3660000	1314063.19543166	3660000	1558889.96861210	3660000	1286150.20993355	3660000	1384439.83181868
3670000	1338155.46960966	3670000	1426549.62417852	3670000	1499759.11760168	3670000	1314293.05143704	3670000	1556403.05950902	3670000	1288893.81507742	3670000	1381933.36347223
3680000	1334772.97327404	3680000	1425731.35961877	3680000	1496245.86330210	3680000	1315399.08181737	3680000	1554721.35932404	3680000	1286363.54923122	3680000	1384846.73921337
3690000	1337686.49401246	3690000	1425867.26862016	3690000	1495152.43084410	3690000	1317194.53302771	3690000	1553230.96351187	3690000	1287094.87559053	3690000	1385114.36675216
3700000	1336382.73696056	3700000	1424378.30827249	3700000	1495802.52468325	3700000	1317298.81300719	3700000	1555255.93970158	3700000	1288834.57420146	3700000	1381363.54309255
3710000	1337144.85276956	3710000	1425534.67322406	3710000	1499604.57296301	3710000	1314055.79193516	3710000	1557969.22999033	3710000	1287504.53500290	3710000	1382080.65711747
3720000	1338193.56837578	3720000	1425723.63783329	3720000	1496141.61871927	3720000	1315459.88990465	3720000	1555410.44656725	3720000	1286593.07334751	3720000	1384062.56916896
3730000	1339829.25457720	3730000	1426336.55811030	3730000	1493523.05998361	3730000	1319612.76061999	3730000	1556619.34121944	3730000	1290004.30684901	3730000	1383783.43032323
3740000	1341225.97028867	3740000	1425172.18876668	3740000	1497906.45734649	3740000	1316234.99299739	3740000	1555672.63050552	3740000	1286735.55975220	3740000	1381927.88156288
3750000	1340002.79925815	3750000	1428356.29021624	3750000	1495913.53989283	3750000	1314501.20518152	3750000	1557034.30315350	3750000	1287813.26199358	3750000	1385587.47578531
3760000	1335804.15189708	3760000	1426003.32630659	3760000	1496819.97816422	3760000	1316606.50656441	3760000	1555439.26329704	3760000	1287219.21338466	3760000	1383386.64587169
3770000	1338680.89377176	3770000	1425120.82043920	3770000	1499271.59990864	3770000	1314420.86501685	3770000	1554506.52614286	3770000	1288256.94107661	3770000	1386439.63578309
3780000	1336608.59895621	3780000	1426584.34301564	3780000	1493265.73262173	3780000	1313541.49542080	3780000	1555745.27808340	3780000	1288412.28004970	3780000	1382364.68158514
3790000	1336019.36310253	3790000	1424884.41981863	3790000	1494982.94703792	3790000	1315641.76648660	3790000	1552998.45713673	3790000	1284800.00412645	3790000	1384868.50941008
3800000	1338093.02692417	3800000	1425295.82318740	3800000	1494714.74476521	3800000	1319368.72236233	3800000	1556222.89891502	3800000	1289048.43079587	3800000	1381438.68459362
3810000	1334550.93443176	3810000	1425244.09073240	3810000	1493606.86574323	3810000	1316866.68519377	3810000	1558072.83552943	3810000	1285176.98652239	3810000	1383385.30466268
3820000	1338942.37516764	3820000	1425450.27234094	3820000	1494404.38016981	3820000	1315448.65178655	3820000	1554403.46206829	3820000	1287408.69557986	3820000	1384526.76076368
3830000	1334783.61243487	3830000	1425832.39948602	3830000	1493006.95400029	3830000	1316373.06704031	3830000	1556138.53361838	3830000	1286987.45284829	3830000	1381245.82010739
3840000	1336342.45081630	3840000	1427758.71670646	3840000	1497130.68368327	3840000	1314321.09769407	3840000	1555032.79846996	3840000	1284310.26202274	3840000	1386037.00109493
3850000	1337123.12175955	3850000	1425605.11695477	3850000	1495727.53869784	3850000	1314436.43664522	3850000	1555246.78056117	3850000	1287797.70815854	3850000	1381623.93157408
3860000	1334151.94269997	3860000	1426558.78397473	3860000	1497755.31635707	3860000	1320078.36642086	3860000	1556193.76790272	3860000	1290145.52590851	3860000	1380405.79200624
3870000	1336503.77780790	3870000	1423367.01408046	3870000	1493946.75006210	3870000	1315468.93853186	3870000	1554395.40849395	3870000	1288805.44279755	3870000	1386651.27017166
3880000	1341055.39840511	3880000	1424323.57145394	3880000	1494458.57197234	3880000	1315803.09470586	3880000	1554538.81280757	3880000	1287455.85919386	3880000	1383090.70716363
3890000	1336673.72944470	3890000	1425452.97992333	3890000	1495965.58955877	3890000	1316621.96722781	3890000	1555273.19175052	3890000	1285690.13210053	3890000	1384053.16177267
3900000	1337211.48667932	3900000	1426208.32891520	3900000	1494487.11857172	3900000	1314628.41852099	3900000	1556914.95083599	3900000	1288756.88796622	3900000	1385777.13510533
3910000	1337172.56909859	3910000	1426550.56319024	3910000	1496072.60766919	3910000	1315556.89147100	3910000	1552696.39907221	3910000	1282964.60424830	3910000	1381846.31477208
3920000	1337864.95260799	3920000	1423263.87801047	3920000	1497670.81790810	3920000	1316655.48168454	3920000	1553997.83892622	3920000	1287583.64881590	3920000	1385881.55946935
3930000	1337382.52819399	3930000	1425154.69838536	3930000	1495802.78262306	3930000	1319950.65080077	3930000	1555189.77014118	3930000	1288347.09567067	3930000	1383713.56783432
3940000	1334634.04534681	3940000	1425339.71369860	3940000	1496314.37997768	3940000	1315329.91305146	3940000	1558935.48243580	3940000	1286767.77029581	3940000	1383804.83841971
3950000	1336021.14168091	3950000	1423766.37638604	3950000	1495733.91001189	3950000	1314425.73414901	3950000	1555292.52554622	3950000	1285765.73801214	3950000	1384408.20539526
3960000	1336572.13716936	3960000	1422909.85616423	3960000	1497368.39390798	3960000	1314096.09137273	3960000	1552568.98086994	3960000	1286763.02175484	3960000	1383691.02336043
3970000	1339899.37225110	3970000	1426343.20538855	3970000	1494857.45362236	3970000	1314928.18888051	3970000	1557100.02512960	3970000	1286834.88000476	3970000	1385298.51279394
3980000	1340923.58064028	3980000	1424975.04992441	3980000	1495700.92774574	3980000	1311618.66531338	3980000	1553404.24518179	3980000	1285967.49434329	3980000	1382455.70057074
3990000	1337207.85517471	3990000	1427372.63987081	3990000	1499415.75044837	3990000	1315127.46193009	3990000	1557349.87736952	3990000	1288618.67646813	3990000	1384038.33275895
4000000	1338932.10891566	4000000	1425699.59655257	4000000	1496494.14234737	4000000	1316034.67030791	4000000	1551872.07143376	4000000	1288107.61353344	4000000	1382735.02934219
4010000	1334152.73905204	4010000	1423509.35730282	4010000	1495670.42880079	4010000	1315698.23545118	4010000	1552658.52896769	4010000	1286466.26660911	4010000	1385070.15509077
4020000	1335543.45415180	4020000	1423794.40769902	4020000	1496350.64391925	4020000	1316215.62194456	4020000	1553218.70406427	4020000	1286667.74867338	4020000	1383781.59909783
4030000	1337544.23470846	4030000	1424165.83763187	4030000	1496589.95708253	4030000	1315010.55212079	4030000	1554980.50703106	4030000	1286945.95333643	4030000	1381485.40778495
4040000	1336857.65767634	4040000	1422096.07066215	4040000	1498287.70042520	4040000	1314898.54711169	4040000	1551187.90993798	4040000	1290226.89550605	4040000	1385767.68236893
4050000	1338157.94744644	4050000	1424885.20420283	4050000	1496236.24797912	4050000	1316515.22263578	4050000	1558405.42072204	4050000	1285333.24002922	4050000	1380356.76997383
4060000	1335991.39728224	4060000	1423962.53047498	4060000	1496267.29787509	4060000	1317672.09993625	4060000	1558572.98463874	4060000	1289871.26435246	4060000	1378961.65455166
4070000	1337142.77435143	4070000	1420909.26225249	4070000	1494646.37657760	4070000	1313485.79228163	4070000	1554524.86498488	4070000	1286849.39103318	4070000	1383111.57830868
4080000	1336991.46721541	4080000	1425226.10769889	4080000	1495385.76460642	4080000	1315561.32170594	4080000	1554356.94912888	4080000	1286669.40415079	4080000	1386558.49443228
4090000	1340236.25319447	4090000	1427929.66353161	4090000	1498294.77494501	4090000	1317931.92910309	4090000	1553542.70665073	4090000	1288328.45210787	4090000	1385317.19259962
4100000	1333942.52633980	4100000	1425057.32818899	4100000	1496896.45888175	4100000	1316346.89179014	4100000	1556080.16422916	4100000	1288003.06159605	4100000	1380430.69557716
4110000	1340971.18765313	4110000	1424435.31183811	4110000	1494553.17124267	4110000	1315969.86102161	4110000	1556563.75035574	4110000	1283196.28762772	4110000	1388495.44040503
4120000	1336488.42878676	4120000	1425360.81201540	4120000	1494674.59008216	4120000	1315304.31839959	4120000	1558291.17962857	4120000	1288191.35014264	4120000	1381591.49464618
4130000	1338943.71563935	4130000	1422614.22128669	4130000	1498220.33152367	4130000	1318314.20065399	4130000	1556809.72313172	4130000	1286880.37502677	4130000	1385395.48947006
4140000	1337494.11460242	4140000	1425501.57314459	4140000	1493568.76778792	4140000	1315741.85325595	4140000	1557778.82460336	4140000	1287173.22773304	4140000	1384740.90483415
4150000	1337078.29601933	4150000	1424979.02880120	4150000	1495577.26919342	4150000	1313883.33161716	4150000	1554010.81959750	4150000	1287811.99542421	4150000	1384419.70676969
4160000	1337625.98543021	4160000	1422570.42972499	4160000	1492249.17686078	4160000	1314962.03420310	4160000	1556600.16569279	4160000	1287821.07758556	4160000	1382880.57274459
4170000	1336978.79582327	4170000	1424958.53797741	4170000	1495709.05324825	4170000	1314537.78662314	4170000	1552388.24904686	4170000	1287978.93477707	4170000	1384181.86216948
4180000	1336595.75871008	4180000	1423774.94020414	4180000	1499494.11861727	4180000	1312906.14877311	4180000	1557233.89634244	4180000	1287096.27992845	4180000	1386097.79719567
4190000	1338923.48704026	4190000	1428805.62782980	4190000	1492344.55084265	4190000	1314912.87890900	4190000	1553455.08077290	4190000	1286344.90964156	4190000	1383766.14663935
4200000	1337335.86020779	4200000	1424921.06569352	4200000	1492469.83052614	4200000	1317581.17371808	4200000	1553355.17972674	4200000	1286206.27756745	4200000	1381550.90604721
4210000	1339301.10067853	4210000	1424736.11223094	4210000	1497462.80586933	4210000	1316450.29572641	4210000	1555843.11695574	4210000	1286199.45509601	4210000	1386541.79830746
4220000	1337650.84356379	4220000	1426736.47509458	4220000	1495466.52125850	4220000	1315018.02487577	4220000	1558004.13380810	4220000	1289148.28528345	4220000	1380620.72055248
4230000	1335855.34568838	4230000	1424040.54344128	4230000	1494587.20007978	4230000	1316410.87444897	4230000	1555008.53825266	4230000	1284596.73743672	4230000	1382301.06720657
4240000	1333377.07825119	4240000	1425709.38837268	4240000	1496423.75843433	4240000	1315208.02318533	4240000	1554794.94107276	4240000	1288701.59382124	4240000	1382676.89141794
4250000	1335673.25964710	4250000	1423209.93416448	4250000	1495659.53258918	4250000	1314306.86304801	4250000	1557080.36586749	4250000	1286611.19464584	4250000	1384995.32038820
4260000	1334987.10462349	4260000	1424016.31324141	4260000	1493534.89841109	4260000	1316982.73017346	4260000	1554119.28598927	4260000	1283669.09465677	4260000	1383787.45415809
4270000	1341222.41410955	4270000	1424699.35527805	4270000	1498625.77014668	4270000	1314164.65912793	4270000	1553620.40568128	4270000	1287947.18543442	4270000	1382061.82361201
4280000	1334106.32267901	4280000	1425943.91717455	4280000	1496976.39990537	4280000	1316068.68811000	4280000	1552160.97456066	4280000	1288381.49512956	4280000	1383842.68512784
4290000	1334342.57155193	4290000	1424749.10480469	4290000	1495631.96695293	4290000	1315009.36890239	4290000	1556905.99945489	4290000	1285439.23227929	4290000	1383042.94756403
4300000	1337413.98938234	4300000	1425134.56213967	4300000	1495811.73742025	4300000	1317084.70589629	4300000	1555529.75387517	4300000	1288041.86144199	4300000	1381087.78413364
4310000	1333647.36024982	4310000	1423628.07330354	4310000	1497756.54234725	4310000	1315010.47054799	4310000	1556806.32855998	4310000	1284380.16138076	4310000	1384669.09597513
4320000	1337986.53509026	4320000	1419046.75716945	4320000	1494530.95539275	4320000	1318880.45892659	4320000	1557550.85712092	4320000	1287305.23904500	4320000	1383404.19317817
4330000	1343252.42129028	4330000	1425224.66980457	4330000	1496218.36793558	4330000	1319882.53139832	4330000	1554739.24336597	4330000	1288337.15928967	4330000	1383443.78603061
4340000	1334415.17657058	4340000	1426582.89766671	4340000	1493378.38358760	4340000	1314961.64061546	4340000	1555467.51746729	4340000	1288507.52092733	4340000	1384967.13475224
4350000	1337523.44132410	4350000	1424305.12657593	4350000	1498760.36386488	4350000	1319522.53694131	4350000	1557412.16719303	4350000	1290077.91443727	4350000	1379360.95006722
4360000	1338388.37098729	4360000	1427647.51679744	4360000	1498439.08904844	4360000	1316472.47751555	4360000	1559321.87507822	4360000	1282823.41815427	4360000	1389189.65384205
4370000	1337634.07245675	4370000	1424305.19494373	4370000	1494687.26684891	4370000	1316508.32066860	4370000	1551430.92742736	4370000	1286003.10011581	4370000	1383149.55813144
4380000	1336012.34504959	4380000	1424079.08604544	4380000	1494137.34824984	4380000	1316185.02628338	4380000	1557244.20909293	4380000	1285965.81283242	4380000	1385505.32817304
4390000	1341694.88763018	4390000	1427306.04952214	4390000	1496462.13509764	4390000	1317028.44749001	4390000	1558188.08133661	4390000	1287248.82357514	4390000	1386314.30186352
4400000	1340340.78181359	4400000	1425941.86737524	4400000	1499402.08759524	4400000	1318616.87092498	4400000	1556248.03915552	4400000	1288214.60777436	4400000	1386088.88828171
4410000	1332880.03722322	4410000	1424363.78246795	4410000	1495823.08081429	4410000	1313999.33344670	4410000	1553316.37932879	4410000	1285500.58163896	4410000	1385477.61257584
4420000	1334566.87500407	4420000	1426680.48643218	4420000	1494952.56362115	4420000	1317643.21583411	4420000	1554574.49860939	4420000	1284725.25662371	4420000	1385636.28900410
4430000	1335472.24100136	4430000	1425098.84231194	4430000	1497943.70468742	4430000	1317244.56762309	4430000	1556723.88962003	4430000	1285770.78097036	4430000	1384239.66799692
4440000	1337211.67031279	4440000	1423059.84742124	4440000	1498411.13362333	4440000	1313137.89021185	4440000	1556085.87128058	4440000	1286476.70823128	4440000	1384940.26879954
4450000	1338284.13184444	4450000	1421218.24008953	4450000	1495575.85789069	4450000	1315821.33347587	4450000	1553838.39466328	4450000	1282022.82781208	4450000	1379919.88353610
4460000	1337092.16638489	4460000	1422339.72200468	4460000	1495227.47810066	4460000	1320605.92105274	4460000	1557747.96958167	4460000	1287163.33500727	4460000	1388344.35883249
4470000	1338770.09181725	4470000	1420743.77361132	4470000	1495330.69930678	4470000	1319364.61725883	4470000	1550418.86060489	4470000	1287903.86344285	4470000	1384110.33924631
4480000	1336235.07464097	4480000	1426126.91362708	4480000	1500611.76357597	4480000	1317451.85397151	4480000	1553835.22015095	4480000	1287463.71476970	4480000	1384773.66512578
4490000	1333911.20328122	4490000	1424668.28167127	4490000	1495266.36119422	4490000	1318462.80479377	4490000	1556600.60829331	4490000	1286845.92600216	4490000	1380600.86237379
4500000	1336362.03017833	4500000	1423409.90624082	4500000	1497129.04708672	4500000	1316408.70036162	4500000	1553049.43549896	4500000	1287690.13812814	4500000	1384883.31322498
4510000	1337440.94011676	4510000	1424422.82821108	4510000	1499464.67855222	4510000	1317037.56730436	4510000	1558479.44401749	4510000	1285396.68595791	4510000	1386998.94735926
4520000	1335402.56796351	4520000	1423851.96419195	4520000	1495345.29050383	4520000	1315837.66687696	4520000	1555008.59731741	4520000	1286149.47374188	4520000	1384255.76946966
4530000	1333181.44854380	4530000	1424872.91038213	4530000	1493661.58849382	4530000	1314949.26761725	4530000	1555721.15357266	4530000	1284132.58463668	4530000	1383738.78433966
4540000	1335994.80142429	4540000	1424897.34713362	4540000	1496050.75988038	4540000	1310228.15536059	4540000	1555891.64027550	4540000	1283978.44350335	4540000	1383857.45260671
4550000	1334162.55135064	4550000	1421905.65753645	4550000	1493272.31398174	4550000	1316089.53508335	4550000	1553065.78784464	4550000	1287378.93849430	4550000	1381475.97611230
4560000	1337069.49182506	4560000	1424483.72892033	4560000	1495865.52740820	4560000	1318167.06601369	4560000	1552560.89598943	4560000	1284248.67328089	4560000	1385050.32329399
4570000	1337128.42632388	4570000	1427883.97936646	4570000	1496511.21306986	4570000	1316871.52961424	4570000	1555051.35757352	4570000	1285211.00247909	4570000	1383620.64547372
4580000	1335094.51911397	4580000	1425768.84029908	4580000	1492817.92161185	4580000	1319534.85414314	4580000	1555884.50532705	4580000	1285175.47752263	4580000	1382634.12988843
4590000	1335617.55502059	4590000	1427588.88390269	4590000	1496160.99419544	4590000	1316169.68765672	4590000	1551536.94487667	4590000	1286474.94973768	4590000	1383367.54352683
4600000	1335454.74095206	4600000	1427585.38155546	4600000	1497595.76866824	4600000	1314525.79204594	4600000	1553987.56712944	4600000	1286369.99612861	4600000	1382802.87086039
4610000	1335948.11089976	4610000	1423144.12256300	4610000	1493846.00581346	4610000	1316605.59499547	4610000	1551595.38235554	4610000	1290526.72967495	4610000	1382725.63816605
4620000	1335929.51084325	4620000	1422873.91397293	4620000	1497277.42042567	4620000	1318025.85699141	4620000	1554637.67359543	4620000	1289450.14902798	4620000	1382835.54982586
4630000	1336534.68143530	4630000	1423501.92813355	4630000	1496352.83963220	4630000	1314535.56854537	4630000	1551859.71243731	4630000	1287749.40255444	4630000	1385119.37671918
4640000	1335526.47358730	4640000	1425988.55725505	4640000	1497211.98294962	4640000	1314659.48242290	4640000	1552336.63648580	4640000	1288598.31915347	4640000	1381741.40510102
4650000	1337346.90939146	4650000	1422398.45923256	4650000	1496953.64310950	4650000	1319347.33041846	4650000	1556533.79245188	4650000	1286245.81897996	4650000	1382376.84995352
4660000	1338912.56082969	4660000	1425677.98818566	4660000	1495440.80100242	4660000	1315811.99456086	4660000	1558917.65201525	4660000	1289097.91713220	4660000	1385851.85392386
4670000	1336165.99952708	4670000	1427600.57291206	4670000	1497886.99067831	4670000	1316897.82406304	4670000	1555406.20448224	4670000	1282140.84650996	4670000	1382786.80631122
4680000	1338691.79729750	4680000	1422670.26615654	4680000	1494976.19226263	4680000	1315020.73991360	4680000	1558445.44651368	4680000	1288733.67559950	4680000	1383132.82755677
4690000	1332037.89172042	4690000	1427587.64148262	4690000	1497762.78714795	4690000	1316330.99119961	4690000	1553442.18799587	4690000	1285940.46360437	4690000	1384267.73051916
4700000	1335819.19474531	4700000	1425944.61962373	4700000	1493174.78027673	4700000	1317750.41270864	4700000	1553036.18471842	4700000	1286293.28614862	4700000	1383644.14446193
4710000	1338566.53093057	4710000	1423706.80117569	4710000	1496400.21795485	4710000	1317298.67594629	4710000	1556171.17356631	4710000	1287459.93889307	4710000	1383524.80129316
4720000	1336448.92270210	4720000	1424709.99275621	4720000	1493015.35313033	4720000	1314403.67308527	4720000	1556228.78449149	4720000	1283530.35625267	4720000	1389592.42287816
4730000	1338901.82274139	4730000	1424623.28072718	4730000	1495837.83004287	4730000	1316300.55895752	4730000	1555403.54362269	4730000	1287592.73814001	4730000	1383767.68967060
4740000	1335949.35325500	4740000	1427739.35644652	4740000	1497500.86164168	4740000	1316365.75185481	4740000	1554910.41708742	4740000	1291656.68047900	4740000	1382379.69221035
4750000	1339889.35015305	4750000	1425221.18237671	4750000	1495765.68316455	4750000	1314415.11256064	4750000	1556152.27292851	4750000	1285175.14181221	4750000	1384414.88879455
4760000	1340274.08058364	4760000	1427496.38816636	4760000	1493906.91776696	4760000	1315585.25228798	4760000	1557008.19071884	4760000	1284048.37698817	4760000	1382377.44920884
4770000	1334494.92061284	4770000	1423772.80085839	4770000	1492439.73348261	4770000	1313754.05846030	4770000	1557623.28816455	4770000	1286686.23927993	4770000	1383933.92544623
4780000	1331286.15406003	4780000	1426363.25692489	4780000	1497659.85430807	4780000	1316420.29790253	4780000	1557431.33354482	4780000	1285956.72176991	4780000	1383834.99414904
4790000	1336166.09552314	4790000	1424460.40307005	4790000	1494171.78462412	4790000	1316066.10545809	4790000	1551210.45844833	4790000	1286955.81877470	4790000	1383738.23859744
4800000	1335134.12994848	4800000	1429662.26413245	4800000	1495588.84763317	4800000	1316147.45043275	4800000	1556697.05912360	4800000	1288801.78350950	4800000	1379996.32283361
4810000	1337047.42617616	4810000	1423952.03416811	4810000	1494890.19306561	4810000	1314011.76155065	4810000	1554735.85868368	4810000	1286420.33975925	4810000	1385092.98241441
4820000	1333983.25166991	4820000	1421890.34977248	4820000	1496791.77870045	4820000	1315542.03450568	4820000	1555454.80965896	4820000	1288157.36566242	4820000	1383508.69132500
4830000	1334742.21445210	4830000	1426264.09863354	4830000	1493203.81575241	4830000	1316137.55181232	4830000	1552660.65188532	4830000	1287700.46501331	4830000	1382351.85236563
4840000	1334599.67729272	4840000	1426862.88293602	4840000	1499620.35183266	4840000	1317327.37865725	4840000	1556284.59026478	4840000	1289594.73061252	4840000	1380150.01240457
4850000	1334638.94239696	4850000	1426845.22297947	4850000	1496855.83378088	4850000	1315260.54096466	4850000	1555260.91161116	4850000	1281307.67990412	4850000	1385452.31484953
4860000	1342133.55517963	4860000	1424535.21724813	4860000	1497717.12271334	4860000	1315789.90569412	4860000	1553877.15031671	4860000	1287417.18210928	4860000	1382822.79813168
4870000	1338012.13650396	4870000	1424261.12215390	4870000	1498014.01360458	4870000	1317610.60115310	4870000	1554053.41927918	4870000	1285907.99460831	4870000	1383796.84571975
4880000	1335777.50428107	4880000	1423135.75871787	4880000	1499461.92153028	4880000	1314596.99629907	4880000	1559482.56391340	4880000	1285775.34502239	4880000	1384679.28950992
4890000	1338935.63388687	4890000	1426051.45659281	4890000	1494089.99355138	4890000	1314976.73127674	4890000	1558486.05988963	4890000	1283573.49206401	4890000	1384698.57451757
4900000	1336074.57149311	4900000	1425479.46484418	4900000	1499598.52291883	4900000	1314941.17319573	4900000	1554424.37554094	4900000	1286814.47282156	4900000	1384969.92761282
4910000	1338438.75749507	4910000	1426418.75320688	4910000	1499019.16846935	4910000	1315617.24250677	4910000	1552850.37711781	4910000	1286882.08937114	4910000	1385115.57603163
4920000	1338110.98508883	4920000	1426241.26067979	4920000	1493971.32911209	4920000	1314841.29937697	4920000	1556689.34424271	4920000	1287734.49004988	4920000	1384765.36691308
4930000	1337992.97294098	4930000	1425546.70399213	4930000	1494913.10702951	4930000	1315950.97286750	4930000	1556093.89897871	4930000	1284079.76766309	4930000	1383184.46389118
4940000	1335233.41066618	4940000	1428657.12091849	4940000	1496553.48054082	4940000	1312501.79127445	4940000	1555602.58690659	4940000	1285033.20370059	4940000	1382836.49159682
4950000	1337421.86147217	4950000	1423852.42253286	4950000	1495929.18246156	4950000	1314887.33228975	4950000	1557152.78910623	4950000	1283948.41158542	4950000	1383998.50225311
4960000	1336719.49359562	4960000	1425379.94047168	4960000	1498765.78510784	4960000	1315370.98462323	4960000	1555849.24104048	4960000	1289465.26481048	4960000	1382934.27684063
4970000	1336794.69606402	4970000	1423070.47857615	4970000	1495461.65300163	4970000	1318918.99295192	4970000	1552306.67578267	4970000	1285640.47997354	4970000	1387979.37672083
4980000	1332615.37254046	4980000	1423059.63961038	4980000	1492611.47237159	4980000	1316034.60236074	4980000	1554199.33195939	4980000	1286538.73389976	4980000	1386487.53529237
4990000	1337677.29092022	4990000	1423836.06645963	4990000	1499305.80903386	4990000	1317204.41974757	4990000	1554038.21297763	4990000	1286402.81388025	4990000	1380635.02272011
5000000	1334298.97616895	5000000	1427086.88831281	5000000	1495424.93469168	5000000	1316777.30035023	5000000	1559303.08820669	5000000	1287183.40444060	5000000	1384462.76317196
