#	SIM_0		#	SIM_-10		#	SIM_-20		#	SIM_2		#	SIM_-30		#	SIM_4		#	SIM_-5	
1	183568890.449190	1	193153375.886040	1	202823902.824904	1	181679696.309491	1	212508061.002169	1	179661735.615722	1	188501119.412562
10000	174629166.838221	10000	182865443.927191	10000	188942472.705193	10000	172916180.964022	10000	193341902.189872	10000	170866189.367729	10000	178933014.919033
20000	174639147.357802	20000	182516305.015469	20000	188304252.107916	20000	172865053.529302	20000	192759901.126541	20000	171101345.444294	20000	178885243.624236
30000	174612613.037256	30000	182440282.515764	30000	188208114.154380	30000	172561177.314156	30000	192478633.933089	30000	170977058.790846	30000	178623444.866902
40000	174624204.972924	40000	182397782.459295	40000	187892943.508568	40000	172752150.032471	40000	192146449.012459	40000	170896622.785866	40000	178650263.821419
50000	174666673.650462	50000	182049678.930486	50000	187766536.696559	50000	172951802.288940	50000	192311290.032944	50000	170765546.160252	50000	178728747.382684
60000	174730457.845092	60000	182311865.554372	60000	187916213.131838	60000	172866164.968235	60000	192217997.560503	60000	170729954.481009	60000	178626739.208906
70000	174607930.927557	70000	182134856.289139	70000	187793326.697517	70000	172895662.032008	70000	192135634.268155	70000	171009761.319972	70000	178564776.204219
80000	174593483.530285	80000	182235449.579747	80000	187809226.254960	80000	172603669.974451	80000	192295547.637864	80000	170784433.715068	80000	178742241.669979
90000	174638726.139022	90000	181897744.089501	90000	187818634.848227	90000	172710567.511253	90000	192068965.011219	90000	170916371.744271	90000	178845432.870056
100000	174673661.962283	100000	182062387.975565	100000	187542043.292541	100000	172940021.767015	100000	192060932.465519	100000	170868186.239371	100000	178435665.268438
110000	174584364.862858	110000	182197240.856043	110000	187850029.042437	110000	172849685.251625	110000	191615310.356557	110000	171015412.226827	110000	178574185.527433
120000	174637454.767639	120000	181935180.141754	120000	187798606.625874	120000	172859861.869327	120000	191923577.587315	120000	170881166.614017	120000	178625302.822639
130000	174425597.770212	130000	182170680.644241	130000	187787383.627009	130000	172969209.455960	130000	191903817.542213	130000	170951926.155387	130000	178451721.896528
140000	174518526.552890	140000	182283438.439835	140000	187747140.218992	140000	173026792.067461	140000	191939073.379624	140000	170615955.320361	140000	178612635.343933
150000	174398886.919005	150000	181964032.158112	150000	187499357.767932	150000	172768889.944255	150000	191931631.477456	150000	170824612.428167	150000	178360412.563201
160000	174658701.087020	160000	182131018.389531	160000	187501174.124206	160000	172589929.808937	160000	191801839.361010	160000	170951648.730605	160000	178746356.375356
170000	174641230.869494	170000	181870635.910313	170000	187456329.892592	170000	172525515.523341	170000	191844410.279899	170000	170981147.831636	170000	178408269.340042
180000	174684991.507608	180000	181945897.296353	180000	187456271.343246	180000	172893389.619079	180000	191929446.056586	180000	170823733.229276	180000	178698161.547664
190000	174357127.584905	190000	181842324.035066	190000	187429838.692385	190000	172613377.848768	190000	191820827.643161	190000	170969867.556787	190000	178708868.628334
200000	174643590.927902	200000	181766283.557678	200000	187634362.064946	200000	172881005.664437	200000	191798610.165910	200000	170877609.660012	200000	178595766.192279
210000	174758671.000046	210000	182000493.548214	210000	187515274.304057	210000	172773755.036064	210000	191830321.666863	210000	171018339.312966	210000	178506353.352673
220000	174468827.940723	220000	181862733.344417	220000	187274855.508414	220000	172974770.785588	220000	191659788.803977	220000	170666072.775129	220000	178535421.005207
230000	174543306.893633	230000	181777842.218928	230000	187421994.188225	230000	172742130.937700	230000	191699483.500461	230000	170911212.410935	230000	178263831.015455
240000	174519948.719992	240000	181865048.939434	240000	187495838.364230	240000	172891686.201343	240000	191630786.015244	240000	170958976.978292	240000	178535058.259394
250000	174436737.441792	250000	182002319.396609	250000	187363627.873693	250000	172623594.054395	250000	191573427.139868	250000	170844923.226104	250000	178684486.677259
260000	174671070.195644	260000	181921911.087575	260000	187274054.066674	260000	172667461.483289	260000	191436654.314938	260000	170729677.777932	260000	178463837.476579
270000	174633490.729734	270000	181972615.006802	270000	187267828.292500	270000	172756056.135334	270000	191785410.655300	270000	170679943.359152	270000	178764489.458550
280000	174409548.457247	280000	181667804.039886	280000	187495176.817706	280000	172700151.483444	280000	191579992.547936	280000	170877545.893370	280000	178295591.331331
290000	174678689.357389	290000	181939731.555064	290000	187335872.270040	290000	172966635.899372	290000	191703225.885830	290000	170682791.435020	290000	178570069.387184
300000	174676579.787193	300000	181795298.368304	300000	187383676.525238	300000	172787894.062659	300000	191246263.342161	300000	170814936.179186	300000	178286805.001797
310000	174460317.078085	310000	181754630.004906	310000	187448733.063891	310000	172725500.726428	310000	191508921.952788	310000	170931128.057065	310000	178545198.213871
320000	174651966.132394	320000	181820554.979889	320000	187459354.995822	320000	172801621.105675	320000	191600363.460369	320000	170641645.565396	320000	178508060.839919
330000	174507915.889560	330000	182079385.503741	330000	187115946.859031	330000	172839787.419303	330000	191456367.271716	330000	170456508.952027	330000	178508380.730495
340000	174365928.631012	340000	182018418.809721	340000	187427760.112239	340000	172992783.213190	340000	191582657.742229	340000	170770212.648619	340000	178304912.007567
350000	174613220.761637	350000	181717090.088236	350000	187139660.529378	350000	172780387.609811	350000	191457790.122135	350000	170839220.521104	350000	178429417.862827
360000	174557101.247096	360000	181875808.250556	360000	187343978.102714	360000	172644208.283199	360000	191326275.583407	360000	171068082.917221	360000	178583165.263648
370000	174383755.709445	370000	181729913.260968	370000	187447733.299823	370000	172802681.693787	370000	191282339.464830	370000	170764052.325782	370000	178560775.161675
380000	174436982.539803	380000	181980116.482843	380000	187376211.831908	380000	172914603.099560	380000	191679083.880031	380000	170937965.216368	380000	178470283.797059
390000	174341049.901011	390000	181912298.816131	390000	187315740.766448	390000	172865238.098098	390000	191707359.918730	390000	170946915.747168	390000	178631146.450661
400000	174552950.122724	400000	181898895.803780	400000	187218952.686782	400000	172754707.640521	400000	191476705.375235	400000	170949393.734472	400000	178442647.754789
410000	174521744.437725	410000	181989096.699630	410000	187188312.595748	410000	172947262.124671	410000	191646388.171994	410000	170785406.622749	410000	178429679.214191
420000	174404433.745259	420000	181767840.908828	420000	187209855.196992	420000	172982213.352212	420000	191495378.013365	420000	170801640.545581	420000	178409150.236436
430000	174353641.443023	430000	181762085.283557	430000	187120398.824524	430000	172941771.506877	430000	191543754.780853	430000	170721304.577678	430000	178543937.738143
440000	174462151.185403	440000	181787043.199478	440000	187247314.367654	440000	172805318.541928	440000	191548285.767233	440000	170932248.766512	440000	178321292.107711
450000	174534627.447898	450000	181684272.719160	450000	187227621.438680	450000	172536610.180810	450000	191618459.631048	450000	170961371.544199	450000	178115004.611227
460000	174703995.490483	460000	181784070.224210	460000	187342553.896026	460000	172726298.964273	460000	191489796.256694	460000	170794233.554457	460000	178387599.313266
470000	174373919.119573	470000	181832064.460637	470000	187388043.172360	470000	172805084.933980	470000	191608932.184441	470000	170856161.734439	470000	178292064.031056
480000	174364554.398536	480000	181674299.005993	480000	187462292.847926	480000	172724366.537123	480000	191430895.118009	480000	170577003.766025	480000	178330661.943853
490000	174638506.580413	490000	181908048.749243	490000	187324732.176538	490000	172634443.302019	490000	191514558.733484	490000	170940240.198706	490000	178322218.759304
500000	174524184.342202	500000	181879936.412734	500000	187368955.145672	500000	172881573.648895	500000	191251836.557225	500000	170983148.544116	500000	178258818.559673
510000	174613658.601617	510000	181649073.503673	510000	187407097.497207	510000	172719078.764084	510000	191251848.252785	510000	171039783.570496	510000	178446216.278559
520000	174680638.924318	520000	181822872.040607	520000	187413737.515711	520000	172813340.240212	520000	191388929.816372	520000	170624822.742520	520000	178425716.747721
530000	174583310.357318	530000	181783271.825824	530000	187204564.885855	530000	172738458.348109	530000	191317852.698969	530000	170714431.642110	530000	178513829.026762
540000	174468796.047297	540000	181783165.745085	540000	187246853.586783	540000	172759521.917677	540000	191372513.534178	540000	170875614.631554	540000	178304504.164712
550000	174247328.421397	550000	181815347.562406	550000	187093921.404326	550000	172558879.430634	550000	191419491.266006	550000	170480923.271098	550000	178426687.372583
560000	174673163.840738	560000	181787637.792647	560000	187366463.308778	560000	172591829.041536	560000	191423042.817449	560000	170793188.321147	560000	178635419.133692
570000	174550849.203639	570000	181923878.670342	570000	187409582.072183	570000	172754433.635020	570000	191456271.326075	570000	170723088.919791	570000	178326102.531277
580000	174686910.044637	580000	181709630.511087	580000	187225891.909196	580000	172708017.590037	580000	191542722.286857	580000	170842822.135158	580000	178594999.469045
590000	174644810.260312	590000	181655365.169903	590000	186950691.642565	590000	172690642.446423	590000	191295619.111151	590000	170953303.458125	590000	178504817.466101
600000	174586893.502978	600000	181831240.014188	600000	187273593.257266	600000	172937319.635481	600000	191639586.844028	600000	170668755.864130	600000	178383364.189707
610000	174634331.142098	610000	181690254.970659	610000	187215695.205853	610000	172937716.513590	610000	191282687.297643	610000	170457211.226330	610000	178584651.091389
620000	174574511.824716	620000	181729998.655192	620000	187356887.126306	620000	172815941.014573	620000	191625067.287173	620000	170832445.337408	620000	178330482.256639
630000	174651067.830313	630000	181695707.844346	630000	187465349.211564	630000	172890948.932912	630000	191600359.143558	630000	170805789.455279	630000	178421640.731768
640000	174614422.226203	640000	181790084.187091	640000	187158321.177419	640000	172940186.531501	640000	191592133.826471	640000	170644223.460875	640000	178351635.608489
650000	174555915.807971	650000	181981886.659460	650000	187048466.257209	650000	172735912.949007	650000	191533566.070141	650000	170772052.073780	650000	178526831.258398
660000	174599234.197075	660000	181538958.991261	660000	187197556.393528	660000	172880156.802489	660000	191266683.814983	660000	170641309.724844	660000	178188619.494137
670000	174477094.301825	670000	181610241.679076	670000	187275873.599578	670000	172637336.438006	670000	191470262.431913	670000	170842003.721707	670000	178470449.300560
680000	174289406.403839	680000	181932392.721212	680000	187226140.451234	680000	172714084.608623	680000	191346734.848369	680000	170581236.693469	680000	178211375.919446
690000	174455771.756305	690000	181941306.297116	690000	187128368.246770	690000	172900943.659815	690000	191438029.236992	690000	170827617.317953	690000	178339327.008810
700000	174631086.137076	700000	181819073.698288	700000	187326232.584911	700000	172778707.490530	700000	191544568.661241	700000	170661956.380694	700000	178388640.301547
710000	174585289.211746	710000	181711065.784313	710000	187184153.002810	710000	172837840.984967	710000	191458693.342539	710000	171093333.863375	710000	178214140.798845
720000	174501229.881264	720000	181700149.376454	720000	187022685.364281	720000	172653311.332272	720000	191280084.806266	720000	170905622.514460	720000	178294617.190043
730000	174451284.801909	730000	181790254.799036	730000	187257782.044794	730000	172675091.930512	730000	191374842.806039	730000	170405893.846250	730000	178313865.255164
740000	174460878.296413	740000	181850998.946649	740000	187038398.913911	740000	172733089.133695	740000	191622420.844405	740000	170836062.702773	740000	178695304.041325
750000	174180549.803220	750000	181564059.263329	750000	187238707.081452	750000	172647100.574582	750000	191326272.645568	750000	170827044.017344	750000	178342703.953371
760000	174507256.572007	760000	181472117.426923	760000	187210146.582947	760000	172600942.971899	760000	191228383.550742	760000	170652757.309890	760000	178518959.714627
770000	174686680.816563	770000	181498494.921407	770000	187612751.415849	770000	172786947.858433	770000	191028069.060710	770000	170747871.727303	770000	178419969.634489
780000	174730342.494218	780000	181517383.813010	780000	187231104.376649	780000	172761372.175649	780000	191376218.016357	780000	170562197.488103	780000	178367593.206480
790000	174252757.831359	790000	182117009.899567	790000	187066846.416136	790000	172943168.838408	790000	191212882.753871	790000	170682409.345037	790000	178344386.254190
800000	174581126.517481	800000	181638947.639220	800000	187270871.660349	800000	172953095.835534	800000	191451119.537182	800000	170947940.765784	800000	178711627.614101
810000	174685212.955190	810000	181889247.144767	810000	187282297.036143	810000	172556762.348210	810000	191405232.213183	810000	170634217.109255	810000	178382602.781199
820000	174182786.440562	820000	181569928.346250	820000	187263035.959077	820000	172663521.061711	820000	191353907.001039	820000	170705123.337457	820000	178158183.315736
830000	174266923.080438	830000	181760345.638908	830000	186987255.257343	830000	172969299.531761	830000	191204647.285328	830000	170742781.094684	830000	178394752.679052
840000	174501437.524711	840000	181835523.355505	840000	187300627.865148	840000	172890012.805067	840000	191364283.990410	840000	170857877.985876	840000	178386516.400436
850000	174641555.171028	850000	181731685.461998	850000	187308228.511920	850000	172720475.775548	850000	191342049.682680	850000	170575651.396815	850000	178710796.273179
860000	174312461.635988	860000	181738252.010890	860000	187231973.792320	860000	172934107.864338	860000	191189345.798295	860000	170397653.235264	860000	178457368.945504
870000	174381961.341569	870000	181804585.279259	870000	187041754.122810	870000	173004550.581862	870000	191280035.830226	870000	170344709.835598	870000	178644397.492400
880000	174441840.951214	880000	181684365.813974	880000	187417848.011990	880000	172797398.786798	880000	191412945.281284	880000	170662333.680937	880000	178242332.543794
890000	174416172.745857	890000	181876623.861130	890000	187155094.229590	890000	172802332.961663	890000	191291995.294825	890000	170613366.274566	890000	178155053.333498
900000	174727213.252376	900000	181668876.340203	900000	186969338.105448	900000	172931606.777725	900000	191372977.951123	900000	170680622.429328	900000	178490044.755469
910000	174815559.159979	910000	181556576.597871	910000	187163405.872254	910000	172749749.362222	910000	191469776.258135	910000	170710695.646682	910000	178396790.993723
920000	174377053.430696	920000	181550868.925094	920000	187209205.304912	920000	172975821.372275	920000	191402920.207454	920000	170510498.622490	920000	178390004.527968
930000	174514452.066302	930000	181661336.619445	930000	187284679.856750	930000	172730969.693586	930000	191336561.363636	930000	170673972.143896	930000	178320972.954123
940000	174364449.878645	940000	181640386.183153	940000	187299816.773251	940000	172873418.352365	940000	191514418.389120	940000	170424383.313443	940000	178400079.531534
950000	174440820.122872	950000	181432888.343322	950000	187362286.511365	950000	172814182.163275	950000	191355709.290231	950000	170709489.132525	950000	178326013.989059
960000	174497007.530602	960000	181780404.736927	960000	186954232.849966	960000	172793342.126688	960000	191316783.560354	960000	170884496.779773	960000	178524528.678879
970000	174256212.088295	970000	181852995.024721	970000	187185513.707259	970000	172841222.860218	970000	191180027.167227	970000	170865508.140281	970000	178223308.779098
980000	174606840.278705	980000	181633438.449645	980000	187088158.415432	980000	172976042.141622	980000	191415590.006206	980000	170735843.587481	980000	178449385.032910
990000	174407776.477612	990000	181811782.924994	990000	187271110.650450	990000	172663585.170217	990000	191275339.055173	990000	170942473.477372	990000	178286908.879268
1000000	174291583.962229	1000000	181865692.791002	1000000	187248474.989942	1000000	172639253.099591	1000000	191262957.179536	1000000	170571373.591568	1000000	178145312.217297
1010000	174314243.120522	1010000	181549662.798170	1010000	187266135.482112	1010000	172861547.403354	1010000	191722410.985404	1010000	170781776.870841	1010000	178362465.193282
1020000	174497890.231065	1020000	181790336.166691	1020000	187130619.154960	1020000	172989897.195948	1020000	191323239.758211	1020000	170530677.797756	1020000	178426168.875105
1030000	174486104.369675	1030000	181847830.192275	1030000	187062816.519080	1030000	172668746.589383	1030000	191269729.003335	1030000	170749824.750163	1030000	178517751.984574
1040000	174356636.841399	1040000	181828509.745315	1040000	187177416.052579	1040000	172870470.164934	1040000	191577243.134637	1040000	170868782.920572	1040000	178340812.302540
1050000	174233201.943229	1050000	181570411.686542	1050000	187482322.245129	1050000	172753466.417139	1050000	191072681.746360	1050000	170579663.055601	1050000	178052235.665762
1060000	174456886.657239	1060000	181721288.249850	1060000	187253442.023672	1060000	172747292.559202	1060000	191485835.111187	1060000	170598749.171097	1060000	178096074.793671
1070000	174500929.093354	1070000	181718684.463869	1070000	187230945.640787	1070000	173060511.428925	1070000	191189313.780656	1070000	170622935.288110	1070000	178365231.812146
1080000	174329923.823420	1080000	181740503.547317	1080000	187100909.341106	1080000	172816327.508440	1080000	191160097.248793	1080000	170742510.996615	1080000	178355571.941721
1090000	174212139.333730	1090000	181637505.360978	1090000	187278335.593262	1090000	172756323.540850	1090000	191265005.929131	1090000	170913697.311155	1090000	178171157.239959
1100000	174445237.931587	1100000	181832428.175133	1100000	187338187.679866	1100000	172738492.068155	1100000	191377354.492678	1100000	170565820.890847	1100000	178451043.967557
1110000	174496263.880765	1110000	181540781.458319	1110000	187624549.619573	1110000	172918557.399555	1110000	191417698.359792	1110000	170546479.279264	1110000	178331316.381349
1120000	174596174.449413	1120000	181490300.239592	1120000	187492273.073539	1120000	172836438.724551	1120000	191260174.634188	1120000	170475393.457833	1120000	178279465.298500
1130000	174531350.048927	1130000	181839834.473217	1130000	187105534.617480	1130000	172523977.712114	1130000	191440061.950386	1130000	170682734.394711	1130000	178311029.133693
1140000	174262152.393571	1140000	181662189.454318	1140000	187215003.699719	1140000	172765274.472122	1140000	191480472.771181	1140000	170628452.115567	1140000	178394559.191326
1150000	174512656.105717	1150000	181607654.546023	1150000	187235329.270283	1150000	172852675.846766	1150000	191360723.963774	1150000	170531010.161786	1150000	178567828.195870
1160000	174622557.228750	1160000	181815869.061298	1160000	187018663.595461	1160000	172766215.271812	1160000	191454137.008944	1160000	170475487.172146	1160000	178591050.494911
1170000	174241095.922875	1170000	181585869.002925	1170000	187064915.009076	1170000	172969841.825835	1170000	191206309.230202	1170000	170784668.746814	1170000	178189899.540455
1180000	174484664.524361	1180000	181634243.433995	1180000	186987995.342890	1180000	172723258.319405	1180000	191278695.348782	1180000	170472374.192652	1180000	178323564.688658
1190000	174383958.557250	1190000	181665256.274201	1190000	187308120.516495	1190000	172502087.976243	1190000	191509394.881870	1190000	170622607.841992	1190000	178498749.374963
1200000	174598022.679908	1200000	181767578.151175	1200000	187264066.908968	1200000	172966804.218384	1200000	191221208.755428	1200000	170778923.596219	1200000	178238940.419259
1210000	174440932.300651	1210000	181686252.311195	1210000	187233009.487938	1210000	172859460.212982	1210000	191375507.633414	1210000	170446747.669797	1210000	178162211.245773
1220000	174481651.145566	1220000	181599224.547135	1220000	187176088.911341	1220000	172578158.052859	1220000	191120648.323811	1220000	170624600.649936	1220000	178506724.790737
1230000	174420222.440778	1230000	182001774.743613	1230000	187235907.837598	1230000	172824233.659886	1230000	191207304.922924	1230000	170544703.589205	1230000	178348812.179555
1240000	174482580.311492	1240000	181759735.861591	1240000	187190160.340268	1240000	172949328.953374	1240000	191286093.338511	1240000	170592645.707602	1240000	178527458.146505
1250000	174476356.464260	1250000	181505260.479554	1250000	187091157.370859	1250000	172768086.933179	1250000	191251346.105364	1250000	170612959.113404	1250000	178377495.441507
1260000	174386226.571464	1260000	181757775.281342	1260000	187317435.506372	1260000	172874229.767783	1260000	191229513.481816	1260000	170703239.423022	1260000	178235969.019783
1270000	174623286.151695	1270000	181754363.314488	1270000	187254200.595705	1270000	172863556.318198	1270000	191406125.739832	1270000	170723800.300774	1270000	178293899.328738
1280000	174521346.454214	1280000	181576330.461002	1280000	187245064.719706	1280000	172789825.697699	1280000	191341309.567439	1280000	170641957.842473	1280000	177971233.694591
1290000	174280242.113600	1290000	181575129.029275	1290000	187345328.717168	1290000	172765845.400157	1290000	191401924.668777	1290000	170661520.559765	1290000	178421469.711753
1300000	174303317.164347	1300000	181353195.954227	1300000	187385427.389802	1300000	173061195.345485	1300000	191282557.132330	1300000	170828882.074979	1300000	178480511.386309
1310000	174387287.000441	1310000	181539546.827420	1310000	187126088.612231	1310000	172727308.219528	1310000	191206240.334103	1310000	170447736.445718	1310000	178344749.752285
1320000	174401215.251893	1320000	181754459.564803	1320000	187224957.200474	1320000	172543143.245861	1320000	191177191.433105	1320000	170395093.571812	1320000	178044918.732773
1330000	174622749.404908	1330000	181646959.228830	1330000	187235747.481105	1330000	173079644.502864	1330000	191429395.333116	1330000	170543548.344950	1330000	178483180.570624
1340000	174694440.191476	1340000	181732532.151369	1340000	187292388.884781	1340000	172885558.328659	1340000	191425701.361196	1340000	170872248.044928	1340000	178132088.824897
1350000	174615737.656141	1350000	181703373.334657	1350000	187200695.198945	1350000	172773802.865106	1350000	191387807.835397	1350000	170578482.969751	1350000	178281575.767536
1360000	174401206.461551	1360000	181814397.544897	1360000	187217018.302594	1360000	172882930.403663	1360000	191159091.709228	1360000	170446891.687258	1360000	178302756.187481
1370000	174488990.573770	1370000	181570618.822961	1370000	187183905.858924	1370000	172989937.787177	1370000	191601377.383053	1370000	170740330.228676	1370000	178003130.185497
1380000	174397559.874922	1380000	181590022.171997	1380000	187269392.507849	1380000	172932625.484872	1380000	191039484.585853	1380000	170606079.327404	1380000	178613175.537732
1390000	174646407.935905	1390000	181766413.735055	1390000	187156991.842103	1390000	172759119.705001	1390000	191119129.909652	1390000	170704034.313185	1390000	178177718.822751
1400000	174351296.844905	1400000	181679652.619825	1400000	187117715.868863	1400000	172984416.365933	1400000	191468549.580285	1400000	170531800.522255	1400000	178148464.292961
1410000	174243779.982683	1410000	181513958.572227	1410000	187132556.751227	1410000	173012882.415010	1410000	191472125.406548	1410000	170399233.003745	1410000	178447575.011953
1420000	174577499.335854	1420000	181997526.902774	1420000	187283032.885773	1420000	172667793.280559	1420000	191141349.890402	1420000	170662350.788602	1420000	178140172.683436
1430000	174510400.102623	1430000	181560030.743943	1430000	187328950.253005	1430000	173014498.865946	1430000	191541055.427409	1430000	170735835.903193	1430000	178462621.295881
1440000	174628082.167484	1440000	181686452.594206	1440000	187248995.492336	1440000	172921602.364123	1440000	191275771.686670	1440000	170647718.629739	1440000	178475787.752019
1450000	174308040.060196	1450000	181731665.020638	1450000	187275710.677336	1450000	173018391.112306	1450000	191327808.678733	1450000	170658841.963964	1450000	178350294.003756
1460000	174638682.874680	1460000	181561231.611993	1460000	187003395.300628	1460000	172959987.166172	1460000	191208215.746859	1460000	170599960.789536	1460000	178305008.676472
1470000	174432432.542209	1470000	181619816.228170	1470000	187350118.392289	1470000	172695531.758934	1470000	191330633.504245	1470000	170557433.217271	1470000	178407850.469743
1480000	174619444.793319	1480000	181676079.809121	1480000	187034842.013607	1480000	172795112.805027	1480000	191556401.397762	1480000	170541286.418518	1480000	178290503.597137
1490000	174437887.214711	1490000	181812087.732575	1490000	187386789.324197	1490000	172922207.979273	1490000	191309179.590427	1490000	170690386.967858	1490000	178138516.840676
1500000	174346134.022232	1500000	181846987.904258	1500000	187185715.690741	1500000	172740390.983171	1500000	191464862.046260	1500000	170542311.069792	1500000	178149025.807513
1510000	174436757.483771	1510000	181601094.216065	1510000	187005128.839683	1510000	172728322.481257	1510000	191426549.169646	1510000	170640137.775746	1510000	178399280.068620
1520000	174558281.050894	1520000	181790410.691893	1520000	187146964.821709	1520000	172679275.636790	1520000	191413802.974205	1520000	170688184.387909	1520000	178403169.260977
1530000	174512263.591890	1530000	181697330.087166	1530000	187242948.668889	1530000	172712451.239828	1530000	191240897.009383	1530000	170325455.158388	1530000	178483546.914861
1540000	174191614.259234	1540000	181547138.578512	1540000	187317011.606265	1540000	172822889.162003	1540000	191262887.067235	1540000	170384286.877482	1540000	178089527.715450
1550000	174592482.244202	1550000	181625628.017362	1550000	187167158.931015	1550000	172778131.792833	1550000	191198423.209126	1550000	170627339.852579	1550000	178375470.611513
1560000	174421464.117270	1560000	181747300.002774	1560000	187113269.210288	1560000	173116840.472830	1560000	191359183.964154	1560000	170558072.530312	1560000	178097231.309480
1570000	174568371.885200	1570000	181720829.605236	1570000	187389782.507452	1570000	172626159.249873	1570000	191129239.619812	1570000	170299360.402906	1570000	178364856.352773
1580000	174548897.104942	1580000	181464693.552576	1580000	187329223.620061	1580000	172798079.524378	1580000	191195090.828390	1580000	170514365.972565	1580000	178338431.160625
1590000	174510359.501347	1590000	181685052.550616	1590000	187217400.138454	1590000	172720974.927294	1590000	191252511.656084	1590000	170747085.137698	1590000	178281842.187617
1600000	174727297.799935	1600000	181560900.505630	1600000	187384497.686388	1600000	172580846.167524	1600000	191388704.354137	1600000	170637793.531362	1600000	178193736.002173
1610000	174436860.078339	1610000	181762146.420021	1610000	187411788.066577	1610000	173013373.608595	1610000	191319239.467512	1610000	170514437.003400	1610000	178595066.727006
1620000	174317405.838894	1620000	181608899.330111	1620000	187470208.696995	1620000	172809113.713457	1620000	191499110.013168	1620000	170627958.277285	1620000	178162038.029718
1630000	174651893.993942	1630000	181641428.191966	1630000	187174388.524814	1630000	172460649.442993	1630000	191426925.566481	1630000	170354897.018683	1630000	178403032.550490
1640000	174421168.836877	1640000	181643387.974569	1640000	187293954.161725	1640000	172674643.896083	1640000	191425125.781348	1640000	170507278.499890	1640000	177951714.551318
1650000	174467606.058094	1650000	181715483.969739	1650000	187007916.365233	1650000	172741146.981337	1650000	191230778.952677	1650000	170546201.740990	1650000	178336633.671302
1660000	174527795.763877	1660000	181639530.167081	1660000	187244334.354898	1660000	172767226.840377	1660000	191315699.078121	1660000	170747467.307669	1660000	178274188.966664
1670000	174651906.187629	1670000	181600390.972892	1670000	187411210.436571	1670000	172908619.170797	1670000	191362378.115741	1670000	170411854.163739	1670000	178322674.996798
1680000	174359702.683836	1680000	181575380.700089	1680000	187121055.050789	1680000	172639210.679607	1680000	191222057.718692	1680000	170435003.726418	1680000	178238658.442912
1690000	174433487.053802	1690000	181927151.403316	1690000	187142855.008477	1690000	172790547.306823	1690000	191398651.018978	1690000	170501112.783310	1690000	178330466.829063
1700000	174358959.334458	1700000	181601690.547755	1700000	187130691.119051	1700000	172940841.725210	1700000	191070215.742493	1700000	170329382.681851	1700000	178172429.916409
1710000	174173893.639166	1710000	181609500.530256	1710000	187123572.172908	1710000	172861970.612802	1710000	191400016.579504	1710000	170693702.448695	1710000	178321791.246659
1720000	174363103.767165	1720000	181777911.587475	1720000	187195828.729314	1720000	172804370.556029	1720000	191609116.548592	1720000	170883318.038548	1720000	178227846.265869
1730000	174162202.347119	1730000	181612735.141539	1730000	187101895.267460	1730000	172720615.224319	1730000	191286250.673885	1730000	170449307.657184	1730000	178289228.533677
1740000	174414515.670963	1740000	181817569.995990	1740000	187285370.086761	1740000	172971456.965061	1740000	191271156.276692	1740000	170375130.880937	1740000	178420662.513849
1750000	174564293.156845	1750000	181731372.617906	1750000	186967754.862473	1750000	172816715.032221	1750000	191345490.826629	1750000	170553220.317684	1750000	178068854.301806
1760000	174495683.001125	1760000	181879428.992118	1760000	187001430.415294	1760000	172672526.968561	1760000	191484589.146719	1760000	170517910.958885	1760000	178215324.466967
1770000	174409546.543424	1770000	181592539.857612	1770000	187204855.961496	1770000	172668239.887089	1770000	191332816.729544	1770000	170329837.704926	1770000	178219254.385808
1780000	174480606.658056	1780000	181592633.152607	1780000	187269126.852626	1780000	172852734.410425	1780000	191394253.478223	1780000	170570071.904388	1780000	178268999.340286
1790000	174498317.414577	1790000	181628731.569157	1790000	187352871.074052	1790000	172808934.561391	1790000	191324213.079635	1790000	170658275.768067	1790000	178485325.277829
1800000	174620249.884452	1800000	181733193.124841	1800000	187093227.130072	1800000	172706034.169238	1800000	191350298.611961	1800000	170573051.295063	1800000	178441345.358049
1810000	174296322.047839	1810000	181626258.560245	1810000	186960436.864777	1810000	172883344.896160	1810000	191271609.618577	1810000	170395949.915173	1810000	178299808.783463
1820000	174770799.483668	1820000	181652653.324115	1820000	187129045.543850	1820000	172737958.417730	1820000	191636538.284173	1820000	170499995.072810	1820000	178284969.452924
1830000	174546295.218056	1830000	181733842.652840	1830000	187292393.620054	1830000	172751738.516218	1830000	191387603.486651	1830000	170385051.378620	1830000	178159794.242538
1840000	174440499.697462	1840000	181685687.710306	1840000	187355440.752042	1840000	172675041.098837	1840000	191241910.717792	1840000	170743341.640183	1840000	178514247.982744
1850000	174546674.527828	1850000	181404252.707755	1850000	187024007.053311	1850000	172611207.288054	1850000	191279015.002307	1850000	170384960.881015	1850000	178133222.365478
1860000	174562892.070296	1860000	181895773.113036	1860000	187004281.552115	1860000	172690376.263680	1860000	191322856.110620	1860000	170591305.292920	1860000	178179718.895205
1870000	174404824.521601	1870000	181635847.511514	1870000	187207852.869665	1870000	172784033.988609	1870000	191134677.560928	1870000	170318528.637040	1870000	178237980.219760
1880000	174373952.521347	1880000	181773712.062404	1880000	187275383.866002	1880000	172710332.296677	1880000	191055235.358210	1880000	170459054.203581	1880000	178440037.300694
1890000	174534796.997648	1890000	181774104.492202	1890000	187440458.663713	1890000	173008798.040752	1890000	191344755.989619	1890000	170517861.215793	1890000	178071522.983383
1900000	174381012.313829	1900000	181785872.611330	1900000	187196898.467997	1900000	172703595.868814	1900000	191286705.904992	1900000	170451738.522707	1900000	178511046.796547
1910000	174548973.392187	1910000	181715354.778630	1910000	187300634.099728	1910000	172853284.969141	1910000	191339598.582497	1910000	170450331.416949	1910000	178218729.263083
1920000	174256040.486638	1920000	181765446.030303	1920000	187215374.317023	1920000	172616576.960138	1920000	191326268.188696	1920000	170401112.891252	1920000	178398113.696349
1930000	174219231.550784	1930000	181424929.612363	1930000	187254198.027155	1930000	172605450.399986	1930000	191692406.838654	1930000	170421519.194874	1930000	178453196.627388
1940000	174573192.368944	1940000	181791708.166083	1940000	187219126.732909	1940000	172838338.776968	1940000	191117978.070999	1940000	170367286.776384	1940000	178436213.609543
1950000	174474405.186324	1950000	181588866.928702	1950000	187113760.196803	1950000	172723513.020765	1950000	191190946.903462	1950000	170452902.696165	1950000	178441480.704688
1960000	174120557.910762	1960000	181778818.349069	1960000	187586243.774663	1960000	172800286.776364	1960000	191291910.200094	1960000	170660178.889220	1960000	178534554.974037
1970000	174448443.734994	1970000	181540799.497074	1970000	187298937.015875	1970000	172711149.307456	1970000	191463896.659448	1970000	170425300.931634	1970000	178207026.287311
1980000	174308309.027643	1980000	181573595.155942	1980000	187327448.278975	1980000	172545076.125294	1980000	191332922.427486	1980000	170504561.580680	1980000	178305136.145212
1990000	174624593.033198	1990000	181756507.668704	1990000	187159293.037094	1990000	172923265.862148	1990000	191422644.229784	1990000	170624750.511525	1990000	178288800.898937
2000000	174265569.656762	2000000	181830148.528444	2000000	187153225.038945	2000000	172553885.184009	2000000	191129220.992163	2000000	170610851.146027	2000000	178231571.333050
2010000	174248315.883747	2010000	181514378.666750	2010000	187148892.679185	2010000	172649976.885344	2010000	191247462.013004	2010000	170360265.348611	2010000	178324720.934899
2020000	174201013.967094	2020000	181720655.059625	2020000	187193826.249552	2020000	172859017.307251	2020000	191297528.129630	2020000	170292379.345593	2020000	178382868.274532
2030000	174377384.619723	2030000	181497109.169299	2030000	187173323.958350	2030000	172858266.538313	2030000	191165041.161357	2030000	170617459.555872	2030000	178037614.973677
2040000	174307168.526185	2040000	181996469.844203	2040000	187220840.051578	2040000	172634932.642898	2040000	191512670.383120	2040000	170488011.192636	2040000	178194954.829219
2050000	174540826.935920	2050000	181822078.800115	2050000	187056254.841955	2050000	172725389.763425	2050000	191320234.254012	2050000	170451705.077678	2050000	178333329.603639
2060000	174357594.081661	2060000	181736630.621635	2060000	187140599.867832	2060000	172839615.482108	2060000	191406599.417762	2060000	170574621.236053	2060000	178203271.873186
2070000	174487867.966462	2070000	181595677.006967	2070000	187216833.490349	2070000	172844307.325440	2070000	191563463.912103	2070000	170695873.449737	2070000	178364593.441998
2080000	174334220.707801	2080000	181762505.574283	2080000	187140840.364340	2080000	172667734.933135	2080000	191273113.249960	2080000	170497956.610670	2080000	178136121.762380
2090000	174172066.839441	2090000	181508954.844709	2090000	187113999.946295	2090000	172752636.759187	2090000	191515951.508638	2090000	170730715.692780	2090000	178422684.610190
2100000	174495025.161701	2100000	181541257.105540	2100000	187132175.144117	2100000	172985891.561184	2100000	191443322.250371	2100000	170237471.553868	2100000	178340154.314251
2110000	174630626.549116	2110000	181698848.134656	2110000	187105595.291006	2110000	172819085.461746	2110000	191216184.752336	2110000	170217883.984912	2110000	178200660.168001
2120000	174562939.088689	2120000	181802642.586633	2120000	187481542.543028	2120000	172830686.611732	2120000	191099674.664362	2120000	170539903.973107	2120000	178353465.393185
2130000	174604305.192450	2130000	181751508.771010	2130000	187109919.135471	2130000	172830826.050286	2130000	191147017.188326	2130000	170449284.141443	2130000	178473382.423562
2140000	174405265.446685	2140000	181589195.751436	2140000	186987264.487603	2140000	172641018.617290	2140000	191485960.040931	2140000	170560776.265392	2140000	178257006.152906
2150000	174423828.705045	2150000	181646359.375520	2150000	187347120.580590	2150000	172908790.772470	2150000	190995174.524264	2150000	170403485.439634	2150000	178613377.338161
2160000	174468417.614327	2160000	181635468.790628	2160000	187098899.328022	2160000	173062439.517654	2160000	191316260.089647	2160000	170423280.670805	2160000	178335006.153375
2170000	174452516.718973	2170000	181780813.066438	2170000	187406444.795060	2170000	172900673.496069	2170000	191370332.063032	2170000	170678319.796180	2170000	178128767.196950
2180000	174374130.177806	2180000	181784716.539879	2180000	186904412.165644	2180000	172798643.389427	2180000	191175240.738704	2180000	170594331.969103	2180000	178261106.821193
2190000	174534889.630057	2190000	181733915.980601	2190000	187373253.521756	2190000	173224545.103967	2190000	191369921.407237	2190000	170557961.227276	2190000	178627670.373418
2200000	174489326.873458	2200000	181433235.964631	2200000	187359948.287772	2200000	172796936.191529	2200000	191306531.327962	2200000	170307446.625945	2200000	178534428.267467
2210000	174367013.630604	2210000	181667941.885099	2210000	187117669.447363	2210000	172785566.818202	2210000	191242332.481392	2210000	170546453.074664	2210000	178343980.143967
2220000	174423188.288284	2220000	181882879.082221	2220000	187434976.698077	2220000	172954390.639367	2220000	191200264.347861	2220000	170340196.825671	2220000	178322969.138576
2230000	174481855.899451	2230000	181475107.036903	2230000	187308541.819251	2230000	172862683.713954	2230000	191412503.832372	2230000	170502674.395443	2230000	178054043.067894
2240000	174306026.117124	2240000	181775490.843663	2240000	186998740.251950	2240000	172614254.238867	2240000	191379345.015048	2240000	170102756.180010	2240000	178270022.451904
2250000	174474790.791722	2250000	181688223.881151	2250000	187064699.461584	2250000	172577637.616314	2250000	191168557.082985	2250000	170381795.897909	2250000	178381091.476157
2260000	174623155.629449	2260000	181813451.900509	2260000	187245912.662606	2260000	172651559.587233	2260000	191278024.220342	2260000	170423008.667016	2260000	178458206.885941
2270000	174360470.138337	2270000	181767878.750421	2270000	187257607.858884	2270000	172582083.188431	2270000	191177953.440382	2270000	170422352.689656	2270000	178530723.457408
2280000	174348797.281852	2280000	181595634.200359	2280000	187260678.642496	2280000	172937074.658568	2280000	191367976.774433	2280000	170225293.976025	2280000	178297455.799903
2290000	174434790.098813	2290000	181622708.551283	2290000	187271452.459912	2290000	172701342.508218	2290000	191430374.682269	2290000	170339859.279806	2290000	178160132.585698
2300000	174276060.782015	2300000	181668849.543439	2300000	187265442.381535	2300000	172677236.225593	2300000	191246782.488237	2300000	170362157.517034	2300000	178180342.760130
2310000	174328297.673932	2310000	181662492.849573	2310000	187316261.839666	2310000	172629795.957261	2310000	191091623.708619	2310000	170494450.168423	2310000	178619911.553975
2320000	174490000.256093	2320000	181536020.107088	2320000	187106533.501759	2320000	172890267.670570	2320000	191403127.548370	2320000	170322966.639486	2320000	178270812.800755
2330000	174526616.456891	2330000	181490669.197366	2330000	187060562.212912	2330000	173073972.824181	2330000	191275344.183160	2330000	170513157.806840	2330000	178384188.352938
2340000	174437027.137808	2340000	181582380.279165	2340000	186882534.187377	2340000	172917744.710917	2340000	190996662.505260	2340000	170300122.738455	2340000	178410473.874856
2350000	174604695.511573	2350000	181648926.743170	2350000	187081149.441579	2350000	172785961.005563	2350000	191271600.009245	2350000	170240139.743051	2350000	178183308.916974
2360000	174467141.405146	2360000	181748040.135831	2360000	187219679.305926	2360000	172938938.070378	2360000	191269145.648623	2360000	170562523.535103	2360000	178310587.756554
2370000	174579769.858492	2370000	181872921.148338	2370000	187470883.700226	2370000	172548434.999685	2370000	191114242.179403	2370000	170577703.345002	2370000	178190785.543083
2380000	174622266.686941	2380000	181743384.311152	2380000	186939038.124746	2380000	172570399.532284	2380000	190969993.348480	2380000	170418309.776204	2380000	178393590.953582
2390000	174331818.269469	2390000	181656522.327667	2390000	187356167.972299	2390000	172558404.394618	2390000	191345479.383546	2390000	170711504.835695	2390000	178662959.918764
2400000	174132088.148770	2400000	181565542.001446	2400000	187056395.213855	2400000	172927555.749153	2400000	191583697.000245	2400000	170482673.134668	2400000	178276727.776580
2410000	174581287.828564	2410000	181575514.933691	2410000	187218880.574822	2410000	172653542.980883	2410000	191166755.692582	2410000	170363916.744107	2410000	178560601.496801
2420000	174238991.806684	2420000	181709700.602775	2420000	187027357.924139	2420000	172841080.377994	2420000	191135869.074967	2420000	170286748.246973	2420000	178207638.022414
2430000	174328301.355157	2430000	181567054.664894	2430000	187362413.207621	2430000	172616755.047072	2430000	191316173.209812	2430000	170406982.015477	2430000	178144539.711786
2440000	174544074.327220	2440000	181655094.664172	2440000	187144888.213246	2440000	172984223.059278	2440000	191307082.299435	2440000	170386371.452362	2440000	178323767.145120
2450000	174424437.850753	2450000	181540081.193267	2450000	187157094.043866	2450000	172801310.988913	2450000	191127878.124316	2450000	170446912.916287	2450000	178097278.841720
2460000	174398690.840532	2460000	181764965.590639	2460000	187112502.639566	2460000	172704505.036940	2460000	191232497.691294	2460000	170468101.202047	2460000	178500596.172550
2470000	174451895.437401	2470000	181950810.485274	2470000	187239773.054912	2470000	172760610.574086	2470000	191141950.617127	2470000	170428535.634289	2470000	178413517.384814
2480000	174113766.542673	2480000	181623379.540367	2480000	187002659.816836	2480000	172733170.256687	2480000	191526262.709486	2480000	170422737.479857	2480000	178099751.191849
2490000	174581986.153853	2490000	181692451.308814	2490000	187302221.302464	2490000	172898896.379925	2490000	191434695.570050	2490000	170595738.100721	2490000	178428579.099930
2500000	174327797.961872	2500000	181584278.999732	2500000	186837791.266669	2500000	172630364.827506	2500000	191137809.817297	2500000	170606999.482155	2500000	178297734.765372
2510000	174229845.458900	2510000	181870812.080893	2510000	187223271.701767	2510000	172792488.292330	2510000	191043757.990587	2510000	170432679.478763	2510000	178255322.658891
2520000	174501112.940380	2520000	181981590.526224	2520000	187161476.019730	2520000	172742045.408683	2520000	191562845.768417	2520000	170479531.305064	2520000	178189887.135559
2530000	174401357.229691	2530000	181795614.691193	2530000	187068595.990917	2530000	173004351.943833	2530000	191215535.156017	2530000	170358555.798249	2530000	178123618.944949
2540000	174513411.522599	2540000	181741884.119350	2540000	187163435.972594	2540000	172730638.698216	2540000	191555159.722909	2540000	170281013.684779	2540000	178285274.355062
2550000	174378112.608351	2550000	181897008.524060	2550000	187516034.600978	2550000	172996434.553224	2550000	191350593.454971	2550000	170447519.882906	2550000	178380629.011047
2560000	174306240.861783	2560000	181694882.249577	2560000	187173417.604347	2560000	172668926.722094	2560000	191232290.727328	2560000	170485463.276569	2560000	178193535.151702
2570000	174585571.798696	2570000	181958925.100814	2570000	187282020.737227	2570000	172782855.241461	2570000	191038680.593556	2570000	170378970.872068	2570000	178327974.450005
2580000	174512837.640439	2580000	181760078.950848	2580000	187619330.523109	2580000	172810799.877840	2580000	191083677.955422	2580000	170506603.294198	2580000	178598206.272653
2590000	174473436.559909	2590000	181825151.322790	2590000	187235727.737818	2590000	172779683.184047	2590000	191347324.627210	2590000	170528789.714726	2590000	178408773.617504
2600000	174445246.743357	2600000	181749168.578804	2600000	187240533.284633	2600000	172874775.649879	2600000	190952287.139099	2600000	170458977.900150	2600000	178299571.610617
2610000	174260466.102774	2610000	181549062.812670	2610000	187084767.034437	2610000	172904708.937455	2610000	191285914.371191	2610000	170556090.818467	2610000	178084277.875592
2620000	174457795.736169	2620000	181717015.920323	2620000	187134983.875991	2620000	172686023.939339	2620000	191519388.790678	2620000	170220744.960593	2620000	178468495.231416
2630000	174538804.884838	2630000	181555185.320467	2630000	187307522.525280	2630000	172941183.703241	2630000	191366862.393553	2630000	170467172.152418	2630000	178117737.409130
2640000	174561435.937769	2640000	181720512.053441	2640000	187267694.325852	2640000	172746429.160723	2640000	191394985.132103	2640000	170279513.061331	2640000	178326609.921152
2650000	174524752.794086	2650000	181726496.053704	2650000	187303830.023722	2650000	172686550.454314	2650000	191302687.500652	2650000	170185718.580209	2650000	178343792.892120
2660000	174593506.602293	2660000	181649538.853704	2660000	186999498.822395	2660000	172974526.444201	2660000	191241168.307291	2660000	170454315.374308	2660000	177992183.558113
2670000	174672243.674054	2670000	181640210.754062	2670000	187323495.380110	2670000	172851247.510260	2670000	191520786.055921	2670000	170367634.728628	2670000	178436080.278197
2680000	174585719.725670	2680000	181771467.367745	2680000	187170865.934185	2680000	172581347.245409	2680000	191140838.857571	2680000	170422592.400965	2680000	178513836.064987
2690000	174443471.581799	2690000	181483379.229364	2690000	187120771.584094	2690000	173057071.616798	2690000	191320180.950064	2690000	170423506.818356	2690000	178513407.036055
2700000	174375576.818986	2700000	181688817.855133	2700000	187190528.025540	2700000	172500196.362715	2700000	191387863.704700	2700000	170480466.917169	2700000	178366718.985645
2710000	174270192.066022	2710000	181502773.135866	2710000	187207824.955050	2710000	172720832.836118	2710000	191393903.377900	2710000	170421135.088276	2710000	178331351.751718
2720000	174550356.549438	2720000	181675205.911390	2720000	187186855.113243	2720000	172880442.130372	2720000	191240243.838276	2720000	170486323.437964	2720000	178208394.405202
2730000	174336579.985795	2730000	181660294.073754	2730000	186875352.687198	2730000	172782601.468768	2730000	191294599.847385	2730000	170502300.309596	2730000	178414447.373662
2740000	174478549.506844	2740000	181850420.170555	2740000	187225416.665186	2740000	172882892.601579	2740000	191268048.391461	2740000	170312768.492045	2740000	178289368.486695
2750000	174516955.191303	2750000	181532533.444981	2750000	187063054.336272	2750000	173125791.346696	2750000	191218728.976511	2750000	170664133.642893	2750000	178531155.886831
2760000	174388304.215999	2760000	181586887.551443	2760000	187185363.832064	2760000	172624912.173882	2760000	191348120.400749	2760000	170337645.804249	2760000	178520022.476001
2770000	174252530.824050	2770000	181923625.533967	2770000	187340579.955400	2770000	172765082.527955	2770000	191320726.992237	2770000	170408718.962648	2770000	178037060.107710
2780000	174431015.291097	2780000	181578319.718501	2780000	187256525.768356	2780000	172721954.581433	2780000	191346649.937062	2780000	170253391.039062	2780000	178191839.529107
2790000	174454837.042555	2790000	181625436.840155	2790000	187404329.673148	2790000	172708498.488918	2790000	191122532.683452	2790000	170489044.986909	2790000	178352438.167574
2800000	174476948.332894	2800000	181658582.032170	2800000	187160521.110121	2800000	172947295.887535	2800000	191154450.901170	2800000	170393444.365628	2800000	178032896.120455
2810000	174504347.104326	2810000	181611894.775668	2810000	187024634.734238	2810000	172909682.878172	2810000	191209890.957613	2810000	170356492.051333	2810000	178300620.445153
2820000	174313584.293207	2820000	181710814.337546	2820000	187271614.734811	2820000	172783703.974727	2820000	191748236.966018	2820000	170497285.403835	2820000	178268512.373254
2830000	174387939.595341	2830000	181796106.393600	2830000	186924004.351044	2830000	172830095.103409	2830000	191628357.941422	2830000	170561002.405651	2830000	178336011.764266
2840000	174498618.486214	2840000	181826140.677412	2840000	187408870.468642	2840000	172823484.715184	2840000	191359160.167810	2840000	170175835.503145	2840000	178043728.370878
2850000	174504231.909917	2850000	181795805.059501	2850000	187179840.981082	2850000	172859906.507917	2850000	191627789.471382	2850000	170375880.852859	2850000	178248171.509408
2860000	174391378.251366	2860000	181631865.399762	2860000	187328065.841692	2860000	172868776.108446	2860000	191056796.723970	2860000	170429606.736784	2860000	178165842.434643
2870000	174369599.467824	2870000	181571321.660419	2870000	187248883.608179	2870000	172690916.198772	2870000	191160382.439021	2870000	170216575.414019	2870000	178477023.382499
2880000	174586618.957288	2880000	181788751.585577	2880000	187243688.323422	2880000	172636843.817295	2880000	191445584.020737	2880000	170256877.381631	2880000	178362269.503531
2890000	174684622.254158	2890000	181477302.880586	2890000	187060503.226099	2890000	172559322.736296	2890000	191267939.470829	2890000	170134850.453316	2890000	178456898.182704
2900000	174477011.547370	2900000	181648774.427534	2900000	187196079.597676	2900000	172838139.772361	2900000	191128241.750917	2900000	170507230.659898	2900000	178316380.982714
2910000	174510339.643648	2910000	181558208.537799	2910000	187266273.910952	2910000	172929396.013197	2910000	191350033.302714	2910000	170408657.333709	2910000	178125543.686468
2920000	174475446.807367	2920000	181676785.301287	2920000	187078546.760031	2920000	172741502.042391	2920000	191587820.207790	2920000	170212000.243189	2920000	178301434.053105
2930000	174612640.563838	2930000	181589192.785254	2930000	187150347.593611	2930000	172710491.021954	2930000	191537293.446570	2930000	170349490.679789	2930000	178236323.722614
2940000	174466152.292623	2940000	181741100.974779	2940000	187041157.897844	2940000	172913691.452513	2940000	191279839.133486	2940000	170457585.081892	2940000	178171690.640460
2950000	174462351.743122	2950000	181712340.108204	2950000	187257862.484589	2950000	172982232.418547	2950000	191649604.783804	2950000	170278840.991352	2950000	178490757.896397
2960000	174634105.403874	2960000	181900342.750600	2960000	187520036.143098	2960000	172688492.440219	2960000	191360256.787452	2960000	170264554.190453	2960000	178442405.745816
2970000	174596932.936633	2970000	181583426.972017	2970000	187200816.910672	2970000	173008503.076207	2970000	191711020.099436	2970000	170345326.899256	2970000	178245348.768758
2980000	174409238.322897	2980000	181733509.542109	2980000	187408485.407010	2980000	172878840.583508	2980000	191279077.959562	2980000	170417354.396173	2980000	177872059.685791
2990000	174531779.237568	2990000	181553890.407688	2990000	187326879.280438	2990000	172535305.239226	2990000	191237048.696793	2990000	170344293.944297	2990000	178210151.781272
3000000	174592773.857709	3000000	181799355.955956	3000000	187058187.197048	3000000	172721293.833868	3000000	191222554.077324	3000000	170335908.836264	3000000	178159117.235286
3010000	174354132.962922	3010000	181659271.477689	3010000	186974182.949611	3010000	172742433.361515	3010000	191627623.011328	3010000	170229525.293461	3010000	178185202.786545
3020000	174351141.530609	3020000	181724211.037841	3020000	187162755.343507	3020000	172732192.008149	3020000	191251422.112706	3020000	170456122.945823	3020000	178638795.198910
3030000	174480187.247016	3030000	181561861.402194	3030000	186911153.702190	3030000	172869168.899382	3030000	191491974.705258	3030000	170600085.336034	3030000	178117858.871054
3040000	174525912.681668	3040000	181786020.000460	3040000	187194400.262558	3040000	172974780.685880	3040000	191321693.681578	3040000	170344501.978464	3040000	178347018.444133
3050000	174353565.480457	3050000	181820425.457830	3050000	187396214.993751	3050000	172810491.291684	3050000	191126873.133448	3050000	170481876.092694	3050000	178274739.581158
3060000	174391681.710323	3060000	181860437.027792	3060000	187378088.456498	3060000	172991604.844672	3060000	191429255.285735	3060000	170332580.117716	3060000	178140549.094348
3070000	174432716.363721	3070000	181819328.126448	3070000	186964308.843670	3070000	172820593.183643	3070000	191461185.525996	3070000	170524417.304081	3070000	178261668.224894
3080000	174427585.482726	3080000	181576876.991870	3080000	187182055.385076	3080000	172821222.944720	3080000	191371434.455213	3080000	170313715.650819	3080000	178389820.992614
3090000	174419586.509208	3090000	181651284.773233	3090000	187151896.037269	3090000	172946699.225533	3090000	191243144.157419	3090000	170355006.752646	3090000	178255815.971543
3100000	174425869.588688	3100000	181885663.249787	3100000	187250350.123306	3100000	172884323.089194	3100000	191505277.633044	3100000	170341636.050697	3100000	178477928.733059
3110000	174352133.044629	3110000	181688093.419447	3110000	187119782.372382	3110000	172730992.768354	3110000	191455550.373125	3110000	170451132.308826	3110000	178239459.691400
3120000	174356723.135268	3120000	181967974.286988	3120000	187158181.383464	3120000	172698380.297805	3120000	191244335.558343	3120000	170366036.390846	3120000	178369667.744931
3130000	174658789.797966	3130000	181695038.589247	3130000	187113756.395082	3130000	172889455.917529	3130000	191169820.244664	3130000	170380265.037181	3130000	178241343.625202
3140000	174647821.889269	3140000	181738957.825227	3140000	187060638.227694	3140000	172514460.231760	3140000	191412631.095513	3140000	170335770.917848	3140000	178457131.818983
3150000	174271338.901462	3150000	181497638.981999	3150000	187161770.358313	3150000	172901729.321021	3150000	191233987.469012	3150000	170120403.354229	3150000	178126931.537647
3160000	174388421.340888	3160000	181925159.997129	3160000	187095513.754057	3160000	172691381.180092	3160000	191494085.113984	3160000	170468704.126256	3160000	178325715.214538
3170000	174567646.399688	3170000	181628265.319374	3170000	187075862.570391	3170000	172740396.670660	3170000	191283854.066063	3170000	170104191.317542	3170000	178463393.107486
3180000	174347295.145773	3180000	181400022.625396	3180000	187156883.849793	3180000	172832724.246549	3180000	191115064.004844	3180000	170334725.359014	3180000	178205598.754595
3190000	174569738.535329	3190000	181804156.292230	3190000	187383563.689678	3190000	172770746.210877	3190000	191215232.898866	3190000	170405713.716007	3190000	178164871.868433
3200000	174306561.418417	3200000	181833791.825883	3200000	187135216.214639	3200000	172785226.025081	3200000	191492080.238574	3200000	170341655.635327	3200000	178545408.317106
3210000	174396843.918515	3210000	181649965.883793	3210000	187414714.049287	3210000	172619575.321838	3210000	191312321.920350	3210000	170337062.880808	3210000	178309668.185937
3220000	174495265.369854	3220000	181863539.830127	3220000	187164154.481390	3220000	172842157.083726	3220000	191641062.058264	3220000	170302440.946617	3220000	178330240.189685
3230000	174567615.963481	3230000	181667770.177364	3230000	187110643.548066	3230000	172790994.249959	3230000	191205624.053076	3230000	170263328.774347	3230000	178350560.775307
3240000	174435820.038966	3240000	181740553.551726	3240000	187199102.133198	3240000	172901911.087679	3240000	191357059.300149	3240000	170342104.015035	3240000	178545031.730994
3250000	174330649.100393	3250000	182090199.707361	3250000	187397256.613945	3250000	172776902.038117	3250000	191534446.943496	3250000	170160835.729790	3250000	178052172.805090
3260000	174497641.830003	3260000	181712369.412847	3260000	187529475.637727	3260000	172693670.583828	3260000	191474525.976277	3260000	170398955.399929	3260000	178380411.716151
3270000	174540139.014610	3270000	181498318.811934	3270000	187110680.783886	3270000	172658389.732596	3270000	191389063.976541	3270000	170229481.951456	3270000	178385977.111496
3280000	174269674.056599	3280000	181667065.601526	3280000	187170862.855782	3280000	172800658.976002	3280000	191401582.540275	3280000	170120004.562948	3280000	178163224.901886
3290000	174353708.526671	3290000	181756687.973234	3290000	186908631.093924	3290000	172910036.822631	3290000	191419693.864705	3290000	170398686.831893	3290000	178308750.040192
3300000	174284939.839890	3300000	181900019.119059	3300000	187131179.890614	3300000	172834759.443872	3300000	191274119.622307	3300000	170319217.341238	3300000	178362865.808411
3310000	174548379.192589	3310000	181743601.667685	3310000	187350467.725815	3310000	172797795.721660	3310000	191375684.098645	3310000	170467829.943235	3310000	178082907.898742
3320000	174439935.262315	3320000	181701940.751261	3320000	187189614.204282	3320000	172866585.035870	3320000	191328773.258067	3320000	170360900.964367	3320000	178075279.344563
3330000	174462045.074317	3330000	181642149.247469	3330000	187059053.014714	3330000	172969778.488233	3330000	191463519.085019	3330000	170550805.739316	3330000	178366469.948550
3340000	174637257.216679	3340000	181669237.154881	3340000	187003853.119747	3340000	172956542.717491	3340000	191396461.684687	3340000	170323365.098590	3340000	178424235.227851
3350000	174345708.342577	3350000	181578468.196316	3350000	187172118.946205	3350000	172910920.059134	3350000	191246968.141216	3350000	170683100.855290	3350000	178401272.158676
3360000	174536110.519886	3360000	181664163.009428	3360000	187195664.571723	3360000	172820654.718031	3360000	191378003.202136	3360000	170332511.252748	3360000	178280919.277753
3370000	174478049.687739	3370000	181636433.883306	3370000	187114147.807704	3370000	172619836.217093	3370000	191419846.635320	3370000	170378880.529689	3370000	178241593.571464
3380000	174446787.900121	3380000	181845506.518049	3380000	187128380.176050	3380000	172735165.964715	3380000	191271586.183191	3380000	170389433.553254	3380000	178631211.405389
3390000	174453490.934246	3390000	181628361.196564	3390000	187159277.982270	3390000	172776742.884320	3390000	191353693.637821	3390000	170518149.561873	3390000	178443357.223879
3400000	174331992.193395	3400000	181640696.048983	3400000	187150127.185388	3400000	172647133.003303	3400000	191399218.182137	3400000	170092905.215045	3400000	178205025.769189
3410000	174353239.480180	3410000	181796714.286882	3410000	187399072.858102	3410000	172951081.791770	3410000	191223673.304180	3410000	170165691.363212	3410000	178302207.172409
3420000	174547835.210023	3420000	181769506.914409	3420000	187523633.189735	3420000	172915900.256093	3420000	191190936.260682	3420000	170595325.909742	3420000	178563774.766659
3430000	174513751.362283	3430000	181831715.748985	3430000	187121449.366997	3430000	172788857.277174	3430000	191281530.709419	3430000	170421167.146042	3430000	178200580.850210
3440000	174561181.530071	3440000	181784756.448015	3440000	187337615.366522	3440000	172701740.546219	3440000	191374294.216675	3440000	170310225.606465	3440000	178397998.088305
3450000	174502525.375888	3450000	182073938.696122	3450000	187378909.635438	3450000	172673051.424975	3450000	191298204.956203	3450000	170371562.635305	3450000	178329856.994807
3460000	174020695.572999	3460000	181836352.641591	3460000	187261542.250419	3460000	172643378.392818	3460000	191250384.614572	3460000	170233236.994480	3460000	178405053.127257
3470000	174290381.592031	3470000	181764693.520797	3470000	187290105.296849	3470000	172814205.830979	3470000	191294935.210299	3470000	170423543.587193	3470000	178425003.888963
3480000	174443771.818383	3480000	181666385.844309	3480000	187379547.520381	3480000	172944370.344943	3480000	191500790.079723	3480000	170232848.870441	3480000	178269110.637003
3490000	174356329.498740	3490000	181773963.968267	3490000	187244845.246542	3490000	172664426.655033	3490000	191148817.663430	3490000	170149008.271911	3490000	178364776.569380
3500000	174650354.717214	3500000	181396837.144177	3500000	187162733.696860	3500000	172667867.073589	3500000	191516722.288423	3500000	170559651.835251	3500000	178329408.353906
3510000	174281282.490523	3510000	181474849.501941	3510000	187200278.440333	3510000	172753968.380773	3510000	191434479.371862	3510000	170236747.615851	3510000	178301757.255011
3520000	174581899.470373	3520000	181685605.707883	3520000	187258536.598747	3520000	172842309.444199	3520000	191251453.314667	3520000	170225258.116255	3520000	178485143.886238
3530000	174300384.175046	3530000	181493199.728722	3530000	187124751.346031	3530000	172754966.163296	3530000	191351300.454692	3530000	170070159.124597	3530000	178520340.567435
3540000	174291002.776390	3540000	181691599.420263	3540000	187141002.979963	3540000	172795704.279770	3540000	191381458.644380	3540000	170187145.403835	3540000	178380631.497238
3550000	174094376.991038	3550000	181639002.779035	3550000	187005494.485157	3550000	172987156.345768	3550000	191484351.464693	3550000	170207648.674460	3550000	178154999.688917
3560000	174219538.610071	3560000	181895581.962004	3560000	187362911.124646	3560000	172954182.272884	3560000	191422725.211153	3560000	170256860.061129	3560000	178297233.597410
3570000	174244697.264208	3570000	181860470.156013	3570000	187135755.929630	3570000	172954689.493540	3570000	191256714.583424	3570000	170342182.648291	3570000	178258790.705231
3580000	174328180.148444	3580000	181895874.983160	3580000	187549690.771647	3580000	172894235.307214	3580000	191246561.727895	3580000	170253783.111553	3580000	178149275.700788
3590000	174502051.488989	3590000	181370799.952792	3590000	187180892.975556	3590000	172851294.391166	3590000	191456071.938600	3590000	170454723.640992	3590000	178354064.661158
3600000	174355825.432050	3600000	181909975.188513	3600000	186993563.442234	3600000	172699684.999108	3600000	191394854.528222	3600000	170280056.703391	3600000	178188558.614836
3610000	174312244.099888	3610000	181837549.145045	3610000	187202397.829614	3610000	173075132.710770	3610000	191248317.801954	3610000	170490267.147289	3610000	178259970.824300
3620000	174548564.314511	3620000	181519723.221499	3620000	187152671.953397	3620000	172880505.360052	3620000	191276407.154245	3620000	170342950.525461	3620000	178328293.466027
3630000	174471223.529915	3630000	181483948.302072	3630000	187161449.125462	3630000	172675337.709256	3630000	191392197.443777	3630000	170294715.560523	3630000	178301365.931889
3640000	174288211.412553	3640000	181592820.963079	3640000	187238630.567905	3640000	172749505.215186	3640000	191187891.084824	3640000	170256554.519020	3640000	178514186.293490
3650000	174539936.423272	3650000	181678909.082751	3650000	187013230.391949	3650000	173025181.370983	3650000	191516999.364404	3650000	169919547.821967	3650000	178455804.994527
3660000	174427390.706914	3660000	181700166.091776	3660000	187402931.532311	3660000	172568376.702679	3660000	191417664.914889	3660000	170160493.834053	3660000	178365127.594822
3670000	174582968.847983	3670000	181729211.032756	3670000	187271266.112168	3670000	172533311.558653	3670000	191129405.701951	3670000	170409060.852529	3670000	178322069.913653
3680000	174617447.200418	3680000	181732622.374856	3680000	187273218.922939	3680000	172812253.873404	3680000	191306313.181941	3680000	170307045.805688	3680000	178209497.431989
3690000	174465271.971595	3690000	181753654.168891	3690000	187202558.549071	3690000	172867938.340126	3690000	191293602.708922	3690000	170470792.692977	3690000	178323329.632338
3700000	174352785.242973	3700000	181544998.683374	3700000	187295487.910845	3700000	172738269.415176	3700000	191566069.066271	3700000	170496275.779280	3700000	178486601.319262
3710000	174736276.587504	3710000	181585141.427209	3710000	187241054.510237	3710000	172752833.743125	3710000	191431044.587584	3710000	170400632.073771	3710000	178536439.805521
3720000	174427431.611545	3720000	181540179.507743	3720000	187271333.050255	3720000	172642416.170373	3720000	191325297.132234	3720000	170244322.142315	3720000	178420307.043225
3730000	174596121.074882	3730000	181687936.584484	3730000	187046456.978895	3730000	173080806.782252	3730000	191368882.068508	3730000	170442631.765380	3730000	178521536.512801
3740000	174383591.385340	3740000	181617339.914148	3740000	187199038.093452	3740000	172871047.269314	3740000	191519815.481567	3740000	170407490.472312	3740000	178244821.330388
3750000	174480981.813916	3750000	181796678.614001	3750000	187102937.791408	3750000	172833103.954824	3750000	191434026.471986	3750000	170449589.751342	3750000	178422695.622966
3760000	174464125.063121	3760000	181762811.915085	3760000	187172404.973247	3760000	172805196.889678	3760000	191442462.867278	3760000	170126361.719751	3760000	178329627.447227
3770000	174638336.623841	3770000	181387579.250557	3770000	187414039.909190	3770000	172868536.472263	3770000	190980994.637490	3770000	170446527.167068	3770000	178513293.459872
3780000	174557541.310287	3780000	181689986.570652	3780000	187193843.476003	3780000	172593889.832986	3780000	191183102.375389	3780000	170292589.358094	3780000	178452017.904594
3790000	174308845.282240	3790000	181664628.658427	3790000	187179293.718904	3790000	172854078.026829	3790000	191396052.439707	3790000	170296038.991901	3790000	178397400.191313
3800000	174576888.041807	3800000	181532298.262283	3800000	187351441.217629	3800000	173123154.133060	3800000	191352678.321913	3800000	170466478.815447	3800000	178069791.757658
3810000	174588113.876383	3810000	181595390.012108	3810000	187183874.019310	3810000	172746184.371357	3810000	191423385.823408	3810000	170140917.622808	3810000	178309140.870313
3820000	174642485.330427	3820000	181686590.436413	3820000	186840949.061053	3820000	172861506.298791	3820000	191022102.521046	3820000	170326773.334996	3820000	178308703.116923
3830000	174463008.606996	3830000	181562027.848999	3830000	187082478.441270	3830000	172623845.796356	3830000	191330253.841954	3830000	170290794.339759	3830000	178204497.459056
3840000	174449367.615558	3840000	181589372.522092	3840000	187008233.580896	3840000	172706952.424813	3840000	191240914.238434	3840000	170170358.228287	3840000	178138878.336229
3850000	174256472.299132	3850000	181823259.863782	3850000	186980968.198821	3850000	172671109.884084	3850000	191128919.365744	3850000	170290202.628691	3850000	178137611.365274
3860000	174363230.226353	3860000	181611751.050097	3860000	187385794.232478	3860000	172946969.452499	3860000	191266610.698083	3860000	170375853.920430	3860000	178244045.842416
3870000	174524021.270646	3870000	181605174.791768	3870000	187210062.980502	3870000	172867411.358586	3870000	191264295.104945	3870000	170456607.015012	3870000	178477111.049913
3880000	174555856.215933	3880000	181540490.233077	3880000	187151620.545741	3880000	172690103.598675	3880000	191481149.626189	3880000	170344540.934449	3880000	178208240.898916
3890000	174537753.283244	3890000	181739955.145654	3890000	187279831.503426	3890000	173017265.351124	3890000	191263651.962582	3890000	170352203.411803	3890000	178327251.853036
3900000	174248653.601169	3900000	181658772.385305	3900000	186854495.313619	3900000	172904971.142781	3900000	191301117.199083	3900000	170314851.246370	3900000	178444625.371378
3910000	174131333.454033	3910000	181815497.993380	3910000	187410593.377010	3910000	172699939.757352	3910000	191346426.093384	3910000	170073998.585118	3910000	178253438.879945
3920000	174488236.847415	3920000	181641297.889306	3920000	187290559.882998	3920000	172822163.510378	3920000	191333601.919590	3920000	170598816.380202	3920000	178763838.508465
3930000	174365612.463735	3930000	181819064.849550	3930000	187203193.602311	3930000	172946835.096753	3930000	191252044.625007	3930000	170437398.129323	3930000	178135362.281686
3940000	174095956.066457	3940000	181679628.830341	3940000	187313250.220445	3940000	172735201.848751	3940000	191334037.261052	3940000	170195976.519271	3940000	178242205.893569
3950000	174351522.197708	3950000	181478662.354742	3950000	187068250.768451	3950000	172663613.620581	3950000	191372091.743460	3950000	170173956.343143	3950000	178532981.181421
3960000	174397262.794070	3960000	181425816.876964	3960000	187349162.907145	3960000	172717511.873133	3960000	191173785.809132	3960000	170462667.329348	3960000	178298458.940550
3970000	174443342.076099	3970000	181608543.204635	3970000	187200131.609778	3970000	172708176.890828	3970000	191204670.346890	3970000	170350148.697009	3970000	178343322.071766
3980000	174498352.800742	3980000	181802273.731414	3980000	187067825.726050	3980000	172759074.266604	3980000	191253292.128701	3980000	170286490.059152	3980000	178295835.535717
3990000	174413570.359725	3990000	181854874.673740	3990000	187294905.400679	3990000	172686592.217141	3990000	191316922.902729	3990000	170511634.666671	3990000	178222639.670397
4000000	174665494.342337	4000000	181608910.674368	4000000	187095277.125057	4000000	172825321.110307	4000000	191167769.831328	4000000	170333499.084308	4000000	178130512.416140
4010000	174279523.738424	4010000	181600200.972954	4010000	187095841.587271	4010000	172962574.007630	4010000	191227245.401914	4010000	170309935.083662	4010000	178392382.339716
4020000	174330270.039117	4020000	181468651.548582	4020000	187113525.133433	4020000	172650777.133140	4020000	191294404.086633	4020000	170320578.847558	4020000	178133094.161130
4030000	174518006.381558	4030000	181590116.686897	4030000	187350945.680389	4030000	173016236.954161	4030000	191294792.120790	4030000	170282902.136872	4030000	178271405.883389
4040000	174566988.456946	4040000	181765676.556538	4040000	187234725.913091	4040000	172784969.378101	4040000	191146838.619280	4040000	170290848.262255	4040000	178420976.360310
4050000	174399214.120918	4050000	181739673.570738	4050000	187303948.290429	4050000	172950163.395424	4050000	191600999.138053	4050000	170176382.653348	4050000	178221582.084638
4060000	174183006.824043	4060000	181455295.374951	4060000	186951796.888534	4060000	172997610.136773	4060000	191188199.374774	4060000	170407000.805841	4060000	178224089.906029
4070000	174347834.564873	4070000	181646539.577068	4070000	187182269.720889	4070000	172803636.973583	4070000	191297237.755816	4070000	170203144.998841	4070000	178320570.247846
4080000	174554128.052227	4080000	181721350.575658	4080000	187143653.667036	4080000	172769432.204684	4080000	191471717.442049	4080000	170387123.953867	4080000	178420997.393902
4090000	174688857.284499	4090000	181694985.179597	4090000	187500211.246004	4090000	173093060.237345	4090000	191273050.574028	4090000	170233370.549001	4090000	178308118.707776
4100000	174332563.609650	4100000	181686572.685297	4100000	187187658.814556	4100000	172863261.410638	4100000	191493016.649941	4100000	170247543.887097	4100000	178452544.816598
4110000	174603989.915246	4110000	181779705.389261	4110000	187241602.944962	4110000	172742032.302479	4110000	191034065.039833	4110000	170382310.359694	4110000	178386012.633749
4120000	174475469.875808	4120000	181506974.333547	4120000	187194188.425212	4120000	172958477.828101	4120000	191264507.982095	4120000	170362514.497518	4120000	178348683.269241
4130000	174457500.395024	4130000	181420008.434702	4130000	187159040.409910	4130000	172879135.325845	4130000	191143558.493710	4130000	170001341.828135	4130000	178513253.464731
4140000	174466328.472041	4140000	181886359.379717	4140000	187341371.535318	4140000	172887118.746587	4140000	191502473.068821	4140000	170361770.429667	4140000	178341111.170578
4150000	174276864.805719	4150000	181697527.455013	4150000	187058533.939240	4150000	172485074.136970	4150000	191230007.708212	4150000	170275010.273485	4150000	178264952.448985
4160000	174169331.537010	4160000	181151979.623527	4160000	186952722.608778	4160000	173017633.312178	4160000	191291960.278018	4160000	170432640.922819	4160000	178365514.676546
4170000	174234948.308177	4170000	181595469.759939	4170000	187176631.512139	4170000	172964690.578646	4170000	191190953.356077	4170000	170485577.894222	4170000	178196746.437032
4180000	174269423.593924	4180000	181722821.279666	4180000	187099517.045544	4180000	172828101.701424	4180000	191325609.171398	4180000	170040670.096562	4180000	178418701.852116
4190000	174353704.783767	4190000	181787889.000148	4190000	187174036.723444	4190000	172886439.532117	4190000	191386550.547006	4190000	170181051.620049	4190000	178257296.150078
4200000	174216425.345217	4200000	181720254.481405	4200000	187102789.448101	4200000	172888388.097496	4200000	191407068.430227	4200000	170190224.536140	4200000	178327353.584443
4210000	174551573.595688	4210000	181591632.273672	4210000	187086993.397660	4210000	172928060.863847	4210000	191605445.066836	4210000	170457960.670664	4210000	178307770.677119
4220000	174405136.560090	4220000	181826291.475219	4220000	187151877.034016	4220000	172685055.397023	4220000	191319278.607373	4220000	170488445.840829	4220000	178419227.100217
4230000	174609718.097980	4230000	181656327.677408	4230000	187025530.193379	4230000	172843993.494257	4230000	191561327.090937	4230000	170186760.140772	4230000	178367692.246201
4240000	174287432.134745	4240000	181812429.679429	4240000	187376916.885806	4240000	173011323.326545	4240000	191361251.541810	4240000	170210485.084576	4240000	178235939.870219
4250000	174515894.010851	4250000	181555931.651197	4250000	187094618.656602	4250000	172877518.730893	4250000	191348863.157342	4250000	170557639.037742	4250000	178203680.223307
4260000	174318255.530469	4260000	181882204.809140	4260000	187099708.570986	4260000	172678168.781791	4260000	191170319.831027	4260000	170412477.273709	4260000	178492354.724041
4270000	174547458.214358	4270000	181666204.897125	4270000	187265829.844917	4270000	172848367.422866	4270000	191356848.883395	4270000	170318269.591689	4270000	178053934.535132
4280000	174497462.093570	4280000	181734117.627721	4280000	187120069.741988	4280000	172826305.898765	4280000	190957502.698330	4280000	170488964.940869	4280000	178464844.734597
4290000	174383499.412346	4290000	181432511.537717	4290000	186910743.418782	4290000	172773065.471640	4290000	191234156.799849	4290000	170329456.423168	4290000	178204790.354130
4300000	174464629.545912	4300000	181702822.855274	4300000	187258540.657465	4300000	172916878.936100	4300000	191468374.140044	4300000	170408460.650795	4300000	178294932.271321
4310000	174267868.391135	4310000	181832870.778195	4310000	187291702.383585	4310000	172886092.843960	4310000	191459843.484962	4310000	170135510.083900	4310000	178421625.170957
4320000	174571007.543436	4320000	181640662.462948	4320000	187308277.112226	4320000	172827389.624954	4320000	191642334.302864	4320000	170089423.095162	4320000	178301645.536791
4330000	174649561.449472	4330000	181639092.200925	4330000	186994453.187873	4330000	172879665.718775	4330000	191328025.357384	4330000	170355663.584378	4330000	178374334.080217
4340000	174490571.001739	4340000	181484322.314488	4340000	186978217.459605	4340000	172793028.905635	4340000	191301376.066554	4340000	170492046.094718	4340000	178113591.431795
4350000	174570317.459737	4350000	181684196.629331	4350000	187106701.954730	4350000	172994282.073323	4350000	191130193.898551	4350000	170515609.945358	4350000	178136217.665321
4360000	174194494.952303	4360000	181742767.621626	4360000	187680069.455038	4360000	172820428.937744	4360000	191394947.535122	4360000	169966950.639590	4360000	178252399.249587
4370000	174575864.353949	4370000	181486081.049301	4370000	187193041.612224	4370000	172797387.494183	4370000	191189431.021254	4370000	170368921.684886	4370000	178629660.321875
4380000	174366182.923048	4380000	181852769.876089	4380000	187120129.862226	4380000	172944963.399970	4380000	191514950.432414	4380000	170278386.319001	4380000	178509930.569530
4390000	174678253.888431	4390000	181865276.633710	4390000	187306425.150435	4390000	172649262.278197	4390000	191482924.761056	4390000	170310503.350543	4390000	178406550.301224
4400000	174329792.086767	4400000	181768708.377804	4400000	187345454.293509	4400000	172853205.084326	4400000	191397096.145069	4400000	170338335.919831	4400000	178346277.536306
4410000	174260978.452949	4410000	181671734.051993	4410000	187203839.960196	4410000	172909343.108227	4410000	191263110.742153	4410000	170097178.496470	4410000	178407412.054498
4420000	174476437.819477	4420000	181838307.051302	4420000	187278115.401934	4420000	172892328.579441	4420000	191320034.194300	4420000	170114256.628826	4420000	178385669.238981
4430000	174344977.701664	4430000	181796979.798525	4430000	186932650.412603	4430000	172871871.417770	4430000	191669592.023802	4430000	170132264.608901	4430000	178171105.971672
4440000	174474393.807329	4440000	181655568.810597	4440000	187434995.802336	4440000	172625072.526637	4440000	191356348.500767	4440000	170190325.091561	4440000	178443114.031212
4450000	174476742.503534	4450000	181914244.296591	4450000	187127976.600732	4450000	172714675.878255	4450000	191087198.490060	4450000	170178750.805275	4450000	178597470.524891
4460000	174466078.859483	4460000	181709237.067003	4460000	186982119.527818	4460000	172851790.871427	4460000	191402266.359094	4460000	170371534.084221	4460000	178322031.057248
4470000	174404854.420129	4470000	181349033.255853	4470000	187044201.424615	4470000	173049749.510729	4470000	191182456.705233	4470000	170254588.636421	4470000	178475010.360817
4480000	174556421.895559	4480000	181724214.477056	4480000	187427724.628491	4480000	172747642.788438	4480000	191231352.795404	4480000	170284876.252047	4480000	178060520.492785
4490000	174339782.803338	4490000	181573159.688088	4490000	187111914.835877	4490000	172912809.777673	4490000	191307636.366769	4490000	170391684.239969	4490000	178288927.121752
4500000	174138917.289321	4500000	181631379.710589	4500000	187198361.062556	4500000	173054848.091797	4500000	191276628.044959	4500000	170339030.721291	4500000	178218096.579142
4510000	174420942.749107	4510000	181554103.510612	4510000	187141992.192824	4510000	172948070.951138	4510000	191209413.314115	4510000	170526713.207061	4510000	178400350.461987
4520000	174432016.087270	4520000	181723384.257670	4520000	186951504.185100	4520000	172983381.056881	4520000	191290012.926382	4520000	170405148.128193	4520000	178081619.919403
4530000	174407517.329761	4530000	181709152.331932	4530000	187176316.724174	4530000	172735482.132445	4530000	191368711.223523	4530000	170073974.601187	4530000	178198293.485556
4540000	174519626.425843	4540000	181529344.822561	4540000	187336618.343616	4540000	172745621.135438	4540000	191403013.835773	4540000	170141744.095936	4540000	178299822.049956
4550000	174317370.831999	4550000	181278106.861986	4550000	186921599.910564	4550000	173042822.556614	4550000	191115025.021247	4550000	170286920.542094	4550000	178283909.205405
4560000	174616397.416618	4560000	181516955.821856	4560000	187104927.646802	4560000	172760378.636036	4560000	191435341.009193	4560000	170285140.926411	4560000	178400863.209460
4570000	174591344.840568	4570000	181840405.821797	4570000	187068199.748848	4570000	172675588.225079	4570000	191295077.098761	4570000	170123483.565246	4570000	178285461.381481
4580000	174068577.715696	4580000	181813869.277994	4580000	187296672.814482	4580000	172958627.161208	4580000	191503175.329252	4580000	170251153.573461	4580000	178123281.786781
4590000	174397000.861530	4590000	181860072.111063	4590000	187008214.431677	4590000	172766349.512712	4590000	191416726.573939	4590000	170419478.179404	4590000	178017210.783762
4600000	174550425.826028	4600000	181956012.142259	4600000	187167178.665424	4600000	172801929.930018	4600000	190939067.003802	4600000	170429227.331409	4600000	178443408.656924
4610000	174390526.510060	4610000	181650725.738043	4610000	187112311.730960	4610000	173058908.443663	4610000	191288067.188350	4610000	170538652.742826	4610000	178202833.995082
4620000	174408773.716932	4620000	181886434.380603	4620000	187175105.758236	4620000	172845153.540620	4620000	191019183.994965	4620000	170351120.980646	4620000	178443134.880000
4630000	174496174.985850	4630000	181607837.627068	4630000	186996756.473367	4630000	172740931.869455	4630000	191184418.597620	4630000	170285777.689573	4630000	178416970.337096
4640000	174178441.639852	4640000	181568482.531053	4640000	187089243.089580	4640000	172855414.756547	4640000	191255056.322233	4640000	170530750.091593	4640000	178393457.583389
4650000	174319658.340550	4650000	181736838.436442	4650000	187337566.888781	4650000	172898025.835882	4650000	191653691.257522	4650000	170375836.701094	4650000	178158039.033495
4660000	174485876.870544	4660000	181449600.555174	4660000	187007628.151968	4660000	172790479.808267	4660000	191426700.925810	4660000	170365714.986383	4660000	178356327.266626
4670000	174257855.199227	4670000	181732051.289027	4670000	187214456.800787	4670000	172920730.588637	4670000	191153339.008361	4670000	170296737.674464	4670000	178394087.570497
4680000	174460351.171498	4680000	181684904.906025	4680000	187048829.647928	4680000	172800044.223224	4680000	191422979.518323	4680000	170358512.654338	4680000	178710111.357566
4690000	174329589.704711	4690000	181868752.674596	4690000	187300498.076958	4690000	173017739.308021	4690000	191134381.688620	4690000	170120633.775151	4690000	178542459.920435
4700000	174487629.847422	4700000	181513069.784717	4700000	187200857.632330	4700000	172960425.741319	4700000	191307228.451521	4700000	170327657.644663	4700000	178356860.469503
4710000	174438615.711666	4710000	181715699.401834	4710000	187216395.242890	4710000	172697131.105694	4710000	191197785.096933	4710000	170189491.160616	4710000	178311711.305087
4720000	174329660.643307	4720000	181768299.391449	4720000	187128900.209751	4720000	173050633.259626	4720000	191360233.152216	4720000	170261964.390273	4720000	178553216.259972
4730000	174489365.289932	4730000	181737191.921940	4730000	187274822.371329	4730000	173019731.512920	4730000	191304417.750617	4730000	170542415.946860	4730000	178363996.643155
4740000	174168356.899465	4740000	181662265.077659	4740000	186961563.115728	4740000	172773472.069809	4740000	191331470.618709	4740000	170313954.197523	4740000	178268233.866758
4750000	174701785.750658	4750000	181491952.962573	4750000	187310641.977120	4750000	173019450.885627	4750000	191318180.936793	4750000	170291212.942646	4750000	178416563.712859
4760000	174791957.391195	4760000	181902634.280255	4760000	187196842.230907	4760000	172896975.316495	4760000	191204876.475990	4760000	170075099.932246	4760000	178177877.855754
4770000	174340709.187811	4770000	181610326.984869	4770000	187038250.728187	4770000	172786651.926179	4770000	191413694.932049	4770000	170236883.364844	4770000	178101660.237114
4780000	174414572.155088	4780000	181783828.500345	4780000	187304240.152450	4780000	172718922.344157	4780000	191316038.107203	4780000	170265985.549394	4780000	178459853.895964
4790000	174440701.321164	4790000	181706816.048002	4790000	187134311.397389	4790000	173056145.637800	4790000	191119423.157584	4790000	170375109.368235	4790000	178534320.046015
4800000	174377886.620954	4800000	181589681.145111	4800000	187141118.982850	4800000	172812318.032471	4800000	191440121.445229	4800000	170349587.589393	4800000	178247190.980446
4810000	174510378.468448	4810000	181675558.722393	4810000	187018997.765053	4810000	172837224.221410	4810000	191560496.783602	4810000	170315338.563683	4810000	178416292.546979
4820000	174395265.483686	4820000	181759798.125983	4820000	187143894.235817	4820000	172908922.066411	4820000	191168537.200954	4820000	170159300.907643	4820000	178526199.270596
4830000	174454669.417218	4830000	181740839.858591	4830000	187061775.105164	4830000	172885076.168361	4830000	191137690.942414	4830000	170354913.029561	4830000	178140320.350452
4840000	174296941.683407	4840000	181710610.659651	4840000	187107616.865393	4840000	172913912.996281	4840000	191347493.396954	4840000	170356124.500200	4840000	178345530.234954
4850000	174276764.883742	4850000	181758068.494976	4850000	187260911.071855	4850000	173084135.586099	4850000	191022908.478452	4850000	169946636.772463	4850000	178601969.318535
4860000	174326615.553016	4860000	181530572.007127	4860000	187150795.700936	4860000	172795080.784478	4860000	191219451.809867	4860000	170257855.802524	4860000	178307060.897864
4870000	174579186.141492	4870000	181640594.410028	4870000	187307340.205490	4870000	172851693.936134	4870000	191096852.995378	4870000	170182337.825496	4870000	178367270.985132
4880000	174478604.327879	4880000	181875618.486474	4880000	187497957.588798	4880000	172814720.427759	4880000	191272826.892337	4880000	170472230.954156	4880000	178422361.142045
4890000	174446575.766777	4890000	181644732.279715	4890000	187261896.841931	4890000	172545102.114573	4890000	191449388.254991	4890000	170548637.680318	4890000	178416946.527734
4900000	174527955.542208	4900000	181776389.678552	4900000	187270862.808315	4900000	172820652.512609	4900000	191340083.465327	4900000	170191951.835024	4900000	178222429.890976
4910000	174403132.686825	4910000	181379633.670596	4910000	187228777.601710	4910000	172907581.815770	4910000	191380664.954823	4910000	170340192.460914	4910000	178514625.766375
4920000	174377741.633853	4920000	181767437.962498	4920000	187205638.474874	4920000	172697709.383091	4920000	191320272.459013	4920000	170328871.539831	4920000	178435157.749623
4930000	174377462.643351	4930000	181703318.513975	4930000	187245614.511752	4930000	172889199.982210	4930000	191240688.460413	4930000	170207926.770399	4930000	178206452.547303
4940000	174288827.229150	4940000	181756855.090025	4940000	187208766.579347	4940000	172656536.189218	4940000	191314415.164509	4940000	170211205.710194	4940000	178230869.832029
4950000	174363435.979571	4950000	181482279.315286	4950000	187192642.953300	4950000	172832309.745465	4950000	191277441.901112	4950000	170207704.869125	4950000	178435696.341675
4960000	174133333.941792	4960000	181577348.280178	4960000	187220441.203803	4960000	172939973.168944	4960000	191155715.303356	4960000	170245771.710818	4960000	178264687.185928
4970000	174501823.159493	4970000	181641329.050048	4970000	187187889.264727	4970000	172838366.377158	4970000	191376332.646023	4970000	170303700.791577	4970000	178454850.117033
4980000	174278286.212563	4980000	181590173.836734	4980000	187140903.278453	4980000	172740148.529285	4980000	191408533.639836	4980000	170488474.739712	4980000	178456675.484476
4990000	174242331.943728	4990000	181773471.683410	4990000	187386331.195371	4990000	173092188.795982	4990000	190989136.033636	4990000	170510461.492609	4990000	178261127.170009
5000000	174371118.900000	5000000	181712479.805522	5000000	187258028.613538	5000000	172954786.106533	5000000	191327908.824389	5000000	170227573.985031	5000000	178393968.642799
