#	SIM_0		#	SIM_-10		#	SIM_-20		#	SIM_2		#	SIM_-30		#	SIM_4		#	SIM_-5	
1	184292513.792400	1	190626456.803004	1	197046123.460772	1	182996752.123544	1	203451636.391915	1	181679400.011993	1	187637273.283847
10000	176268858.852403	10000	182137552.763368	10000	186038057.153131	10000	175045380.212093	10000	189334689.928925	10000	173629709.652411	10000	179073520.222256
20000	176240880.372736	20000	181592321.929740	20000	185845915.817460	20000	175098299.110569	20000	189114728.796571	20000	173853235.598318	20000	179204244.091701
30000	176071551.049582	30000	181722824.988788	30000	185726161.949312	30000	174812687.682346	30000	188721960.320993	30000	173809063.852829	30000	179159355.976364
40000	176095365.719021	40000	181836583.297477	40000	185494354.596028	40000	175173571.664345	40000	188586858.555713	40000	173617876.165394	40000	179033111.753920
50000	176231688.150054	50000	181178975.235234	50000	185522261.983848	50000	175168450.380186	50000	188462243.484272	50000	173596846.378293	50000	178709288.278272
60000	176321158.294084	60000	181739974.434767	60000	185341069.661574	60000	175051256.250291	60000	188793688.348919	60000	173761808.915592	60000	178756294.468788
70000	176248395.909168	70000	181305700.143285	70000	185191427.867996	70000	174984708.761219	70000	188550604.556049	70000	173733673.787021	70000	178807213.011456
80000	176141536.802128	80000	181457164.225621	80000	185176388.955711	80000	174794586.961570	80000	188681780.232252	80000	173757663.744791	80000	178966103.738349
90000	176134965.679890	90000	181220750.567457	90000	185212074.992312	90000	175031534.823411	90000	188300966.676773	90000	173356240.963179	90000	178859135.485753
100000	175992378.362631	100000	181320784.354374	100000	184823878.192481	100000	174911356.198245	100000	188594317.102649	100000	173383099.761306	100000	178678966.390167
110000	176046283.148737	110000	181483970.616761	110000	185135924.118421	110000	175079261.192132	110000	187874425.520499	110000	173810814.333953	110000	178884653.797393
120000	176177570.051009	120000	181147624.692791	120000	185385612.614691	120000	174890502.922179	120000	188555667.268241	120000	173526866.088149	120000	178877491.580898
130000	176116053.000700	130000	181430667.347586	130000	185394239.837126	130000	175161462.280395	130000	188336671.937409	130000	173684940.004992	130000	178724014.685009
140000	176170434.632789	140000	181592234.646140	140000	185126286.736242	140000	175210816.882795	140000	188385421.515762	140000	173248614.257850	140000	178719171.310557
150000	176214988.794624	150000	181081644.139267	150000	185143653.412323	150000	174919790.916815	150000	188192857.255662	150000	173525847.691838	150000	178617006.329996
160000	176498039.072498	160000	181163771.730347	160000	184797852.712370	160000	174779618.343059	160000	188301591.135163	160000	173540032.732328	160000	179056678.353496
170000	176343282.730795	170000	181266828.693102	170000	185064083.225438	170000	174927930.684913	170000	188251046.415162	170000	173781468.386043	170000	178592052.115330
180000	176346988.244256	180000	181174408.118240	180000	184974952.977648	180000	175146140.369234	180000	188486309.713148	180000	173386077.971728	180000	179079228.474923
190000	176014296.416707	190000	181178355.181139	190000	184955520.883673	190000	174926780.872495	190000	188238493.783970	190000	173699181.560445	190000	178951220.515692
200000	176323179.706500	200000	180972097.860002	200000	185042773.510179	200000	175203188.253256	200000	188112070.735083	200000	173500569.669888	200000	179062065.495990
210000	176146737.275514	210000	181160608.214206	210000	185272893.922764	210000	175137330.679937	210000	187970887.850589	210000	173756867.228857	210000	178624450.947183
220000	176145630.321848	220000	181033940.030122	220000	184601737.044384	220000	175285671.322603	220000	188086384.103377	220000	173498370.664495	220000	179137088.708397
230000	176126350.867631	230000	180977239.334070	230000	185126930.428282	230000	174932924.354156	230000	187936639.839528	230000	173569807.258464	230000	178642711.870228
240000	176222701.019511	240000	181232681.488938	240000	185168506.499957	240000	174993099.409618	240000	188239408.427837	240000	173520970.752612	240000	178807316.489615
250000	175873196.108833	250000	181105546.393761	250000	184882904.580791	250000	174952352.568051	250000	188027545.333040	250000	173463597.887443	250000	179072731.471844
260000	176305701.152786	260000	181076689.000624	260000	184783561.803603	260000	174900818.312570	260000	187835043.283925	260000	173486587.798857	260000	178766639.093557
270000	176365992.832018	270000	181209724.116288	270000	184806822.369799	270000	174915480.123379	270000	188202012.025364	270000	173330582.227860	270000	179031209.569427
280000	176297087.492123	280000	180914814.878857	280000	185214037.511887	280000	174968558.269650	280000	187981865.975693	280000	173277638.950229	280000	178627659.071362
290000	176325577.155031	290000	181053846.470752	290000	184967488.342398	290000	175109089.035335	290000	188003296.109766	290000	173493499.045596	290000	178898179.004619
300000	176212179.046167	300000	180782899.993832	300000	184985030.617319	300000	175131008.071335	300000	187543324.868784	300000	173470389.147996	300000	178646918.141767
310000	176025660.624334	310000	181057203.041261	310000	185229965.927843	310000	175130593.836546	310000	187931273.423415	310000	173658304.280722	310000	178776843.806719
320000	176333544.148905	320000	180936826.135110	320000	185285479.802135	320000	175069530.399655	320000	187988350.750326	320000	173175311.090450	320000	179097849.376589
330000	176411785.962280	330000	181057341.812906	330000	184643005.607626	330000	174844647.257597	330000	187979193.252480	330000	173018472.931774	330000	178851109.706440
340000	175979540.120327	340000	181015775.716929	340000	184909414.688273	340000	175190339.900410	340000	188099637.993484	340000	173188713.450457	340000	178972417.256622
350000	176273831.808800	350000	181056630.470841	350000	184817350.818369	350000	175002275.460484	350000	187924973.319529	350000	173230114.286151	350000	178887021.625291
360000	176174021.599977	360000	181163824.568745	360000	185167721.158011	360000	175056830.628890	360000	187885386.537621	360000	173488678.362844	360000	179042466.423245
370000	176146144.968772	370000	180871374.105062	370000	185026207.828287	370000	174953209.762936	370000	187957491.803536	370000	173077506.681006	370000	178823533.524264
380000	176090411.225806	380000	181169746.877533	380000	184830336.769165	380000	175006091.498917	380000	188244024.324938	380000	173108308.288568	380000	178840679.417154
390000	176201208.794826	390000	181134710.207796	390000	184894970.307346	390000	175057602.777074	390000	188140266.105175	390000	173179010.213428	390000	178847486.096218
400000	176150697.086969	400000	181077412.813712	400000	184641381.938238	400000	174850673.877506	400000	188011292.996829	400000	173281495.714535	400000	178907428.641869
410000	176319825.239081	410000	181301146.492494	410000	184529387.480654	410000	175152407.512291	410000	187991544.267684	410000	173037911.325009	410000	178715007.684139
420000	176161922.089384	420000	180972737.288937	420000	184734035.902559	420000	175222316.243110	420000	187887090.934225	420000	173087478.774922	420000	178871931.407123
430000	176052207.218341	430000	181013747.148061	430000	184826343.556690	430000	175472390.691394	430000	188071624.405964	430000	172949227.148395	430000	178909977.362947
440000	176189546.092760	440000	181236812.736206	440000	184859346.328396	440000	174956894.615979	440000	187952271.533961	440000	173293488.205668	440000	178802315.773656
450000	176304796.438735	450000	181016102.887994	450000	184851528.879682	450000	174640464.135635	450000	187945872.002478	450000	173086406.942017	450000	178708891.289629
460000	176573647.947525	460000	180876106.351119	460000	184716662.276457	460000	174795073.975800	460000	187715576.005838	460000	173010021.326093	460000	178804533.885501
470000	176025670.727778	470000	181064471.970798	470000	184932959.278474	470000	175170167.747111	470000	188234366.508998	470000	173184864.653738	470000	178575465.578976
480000	176030318.328764	480000	181059475.179601	480000	185063159.275095	480000	174826574.806837	480000	187669242.936948	480000	172721550.312619	480000	178768201.441683
490000	176268368.200952	490000	181099449.403916	490000	184987151.888177	490000	174758175.533831	490000	187996348.278205	490000	173150745.356948	490000	178430744.390503
500000	176183932.580668	500000	180981917.228909	500000	185005272.205136	500000	175155465.393897	500000	187437850.955767	500000	173134028.184826	500000	178858524.920006
510000	176330532.573659	510000	181124245.775343	510000	185061356.150719	510000	174995356.296602	510000	187663576.186465	510000	173141797.592023	510000	178867472.117642
520000	176488663.909245	520000	180813112.816859	520000	184981869.556972	520000	175039105.342392	520000	188103580.148291	520000	172675951.429524	520000	178825499.492072
530000	176285223.769669	530000	181174076.977815	530000	184657741.094593	530000	174918313.270702	530000	187748620.576635	530000	173109629.926003	530000	178801514.877690
540000	176073451.122334	540000	180827503.480805	540000	184764454.185137	540000	175110036.962785	540000	187853476.712207	540000	173206131.079603	540000	178495865.061305
550000	175864520.454637	550000	181193927.631413	550000	184598221.811133	550000	174945922.723311	550000	187720493.898946	550000	172403018.425739	550000	178962288.863465
560000	176292629.962119	560000	181169897.737345	560000	184837068.297545	560000	174806753.169464	560000	187830739.444029	560000	172814157.077705	560000	179035056.370093
570000	176266789.624099	570000	181364849.422897	570000	185065446.648860	570000	174958885.046929	570000	187706351.631403	570000	172790987.338044	570000	178767880.430234
580000	176347536.324261	580000	181103510.133795	580000	184698783.929457	580000	174549126.543993	580000	187833957.316978	580000	173197661.040096	580000	178977468.303165
590000	176449407.575937	590000	180976092.169435	590000	184794164.354925	590000	174869375.007920	590000	187900367.270215	590000	172947524.850854	590000	178925580.960416
600000	176300610.859557	600000	181271258.312135	600000	184788748.162703	600000	175098951.202713	600000	187833310.492386	600000	172810176.714974	600000	178436898.825425
610000	176266756.345368	610000	181009118.569930	610000	184513753.195862	610000	175233344.859538	610000	187331909.176337	610000	172687364.170519	610000	178938084.059700
620000	176400281.056589	620000	181228835.463820	620000	184846125.735833	620000	175048594.596865	620000	187704684.732473	620000	173074291.251926	620000	179087088.089115
630000	176446255.500061	630000	180935611.332075	630000	184956854.423326	630000	175031861.925485	630000	187778784.449935	630000	172890255.782425	630000	178791600.719865
640000	176337210.616929	640000	181127570.240564	640000	184712021.795234	640000	175246011.528308	640000	187993923.352407	640000	172662435.096875	640000	178541916.932433
650000	176238762.364195	650000	181009949.991317	650000	184586088.230163	650000	174888210.685093	650000	187793070.715189	650000	172819919.541552	650000	178808700.502191
660000	176440194.834090	660000	180942720.583978	660000	184712044.915122	660000	175040493.331247	660000	187732377.010669	660000	172363119.953793	660000	178594336.183317
670000	176246162.826327	670000	181168390.566978	670000	184951295.559068	670000	174784743.981761	670000	187944066.744542	670000	172833282.995436	670000	179100124.786898
680000	176221713.904484	680000	181091198.480171	680000	184741854.281107	680000	174890659.971399	680000	188129536.903819	680000	172386807.580247	680000	178547898.333948
690000	176308256.242565	690000	181133427.758391	690000	184626860.269380	690000	175127574.301202	690000	187843164.112905	690000	172948855.187501	690000	178803711.665049
700000	176420601.929308	700000	181025321.107100	700000	184756875.199685	700000	175022964.893070	700000	188060596.067240	700000	172689913.475027	700000	178850751.921142
710000	176188650.615617	710000	181060630.102148	710000	184936217.532793	710000	175137261.817348	710000	188090777.812581	710000	173043706.153205	710000	178751131.890909
720000	176029372.343525	720000	180882128.078848	720000	184529803.174600	720000	174762092.526802	720000	187747389.054359	720000	172380639.059965	720000	178550707.283062
730000	176169596.781129	730000	181033113.056777	730000	184902040.908531	730000	174963670.953263	730000	187663007.801479	730000	172323356.025818	730000	178766303.594576
740000	176257113.835728	740000	181229646.208862	740000	184613371.655021	740000	175042727.870247	740000	187979464.912790	740000	172552742.188593	740000	179004355.641042
750000	176034420.007994	750000	181166566.214064	750000	185003217.391643	750000	174978870.639799	750000	187825310.751831	750000	172872519.245491	750000	178809868.942008
760000	176213493.978155	760000	180977744.139438	760000	184565427.051163	760000	174828454.104910	760000	187675362.116084	760000	172672482.040171	760000	178904198.473319
770000	176497001.901224	770000	180631014.613612	770000	184970183.244528	770000	174950687.848795	770000	187575327.661882	770000	172408830.131237	770000	178772176.710310
780000	176569594.547014	780000	180876849.418610	780000	184904493.599851	780000	174915010.678098	780000	188151392.053544	780000	172446522.809408	780000	178679011.678503
790000	176025533.629956	790000	181357602.682155	790000	184496745.681660	790000	174957965.347457	790000	187509084.001734	790000	172595454.783924	790000	178564835.295777
800000	176094011.874062	800000	180920451.682165	800000	184648956.841611	800000	175194952.949784	800000	188144147.129180	800000	172802438.778067	800000	179165789.538285
810000	176525524.394615	810000	181281776.313938	810000	184959048.046022	810000	174875426.798807	810000	187807045.628646	810000	172505547.700895	810000	178895871.465043
820000	175859314.894327	820000	181106860.169967	820000	184704481.341823	820000	174894084.829585	820000	187844237.701060	820000	172708840.556094	820000	178651468.520710
830000	176070336.345069	830000	181110999.851234	830000	184528791.361889	830000	175293852.981094	830000	187554764.033597	830000	172593817.608812	830000	178923665.148898
840000	176328903.948814	840000	180965118.809223	840000	184621520.543648	840000	175161134.148953	840000	187742008.978475	840000	172621654.914716	840000	178885214.054716
850000	176366408.436664	850000	181125636.263316	850000	185012659.199828	850000	175058703.854078	850000	187557589.016522	850000	172348864.151052	850000	179177890.147799
860000	176241859.119249	860000	181166380.411353	860000	184726467.290524	860000	175125575.957030	860000	187861468.447051	860000	172195930.157370	860000	178924243.228541
870000	176172111.413739	870000	181080821.787351	870000	184649342.615023	870000	175137405.498729	870000	187653838.082074	870000	172331466.000097	870000	179060058.066451
880000	176294944.649733	880000	180949513.399367	880000	184803138.601090	880000	175002394.078264	880000	187825996.237244	880000	172579457.559400	880000	178811097.860007
890000	176272504.350700	890000	181153939.481468	890000	184608542.705168	890000	175051520.930974	890000	187778538.724042	890000	172593769.423475	890000	178682551.840730
900000	176513731.344884	900000	181094417.275869	900000	184646555.605021	900000	175391924.893658	900000	187687586.583052	900000	172491870.591782	900000	178831281.913554
910000	176596112.871776	910000	180704217.397778	910000	184780528.893119	910000	174979559.061333	910000	187635995.058822	910000	172532081.485566	910000	178992600.050176
920000	176222416.471231	920000	180882053.475129	920000	184572101.310270	920000	174960089.518319	920000	187797061.040979	920000	172221266.178891	920000	178638110.716117
930000	176082467.772708	930000	181067811.711783	930000	184872944.685121	930000	175109985.083743	930000	187824772.320027	930000	172529135.508343	930000	178858389.871713
940000	176251388.653304	940000	180848147.528983	940000	184731476.607781	940000	175133162.880592	940000	188015069.429581	940000	172398084.208473	940000	178665329.775154
950000	176336240.076329	950000	180844044.076755	950000	184734568.176279	950000	175041345.926779	950000	187536626.861061	950000	172667176.495355	950000	178999791.629606
960000	176142293.622960	960000	181209495.521657	960000	184489123.343378	960000	174823023.739085	960000	187778570.623990	960000	172680992.989587	960000	178940980.902518
970000	176528534.837032	970000	181100783.453835	970000	184622680.004804	970000	175072074.675819	970000	187837386.996811	970000	172626499.389346	970000	178803471.900185
980000	176462982.085508	980000	181029341.117658	980000	184613089.706603	980000	175052127.181033	980000	187673037.001981	980000	172218375.795269	980000	178925593.180995
990000	176326256.675067	990000	180975625.142218	990000	184917182.035802	990000	174820161.983292	990000	187539637.221753	990000	172735070.911440	990000	178774263.647190
1000000	176275551.089121	1000000	181015140.903054	1000000	184906232.336482	1000000	174795731.874160	1000000	187633232.255585	1000000	172048414.239310	1000000	178914989.503328
1010000	176564063.005369	1010000	180842298.984291	1010000	184886242.517918	1010000	175447157.026161	1010000	188248683.577700	1010000	172510367.902377	1010000	178849732.129813
1020000	176320480.484292	1020000	181156278.141341	1020000	184764224.967793	1020000	175323597.519954	1020000	187828347.048238	1020000	172232245.089747	1020000	178720076.588509
1030000	176328527.447901	1030000	181276704.682682	1030000	184636802.692021	1030000	174740443.264179	1030000	187919639.256580	1030000	172362002.866395	1030000	179000143.018764
1040000	176211864.064312	1040000	181447019.568768	1040000	184658860.780798	1040000	174916739.950480	1040000	188130507.628889	1040000	172402842.461993	1040000	178673351.388172
1050000	176040754.231324	1050000	181207021.040924	1050000	185045889.367797	1050000	175039890.081214	1050000	187765163.129792	1050000	172449444.141148	1050000	178430972.008764
1060000	176246698.543807	1060000	180834317.822647	1060000	184717156.689656	1060000	174730446.777397	1060000	187771560.849031	1060000	172345873.873403	1060000	178521122.590568
1070000	176263461.165617	1070000	181018353.694260	1070000	184635464.023392	1070000	175121546.813742	1070000	187611782.462657	1070000	172525216.229201	1070000	178837938.209846
1080000	176171394.784690	1080000	181023350.294892	1080000	184547092.238361	1080000	175064852.428559	1080000	187602774.603843	1080000	172788394.541334	1080000	178897070.405736
1090000	175994900.988799	1090000	181109665.156644	1090000	184949593.232506	1090000	174954514.045622	1090000	187850478.816404	1090000	172476663.743619	1090000	178790656.746168
1100000	176335870.029080	1100000	180935803.471735	1100000	185031717.768906	1100000	174751638.773675	1100000	187772207.845473	1100000	172431366.440817	1100000	178787223.002384
1110000	176492235.747653	1110000	180968629.182275	1110000	184978159.003943	1110000	174938820.890158	1110000	187787198.235329	1110000	172345706.359002	1110000	178663515.062813
1120000	176388112.174830	1120000	180860466.048033	1120000	184912066.662274	1120000	175038318.671222	1120000	187486946.217072	1120000	172367789.921214	1120000	178837499.123490
1130000	176260535.646524	1130000	181048067.679544	1130000	184658362.508400	1130000	174646552.833726	1130000	187681363.847619	1130000	172302523.322942	1130000	178705734.313773
1140000	176205010.766826	1140000	181293556.193788	1140000	184437898.370230	1140000	174996708.466863	1140000	187962957.382822	1140000	172440216.526181	1140000	178747841.048735
1150000	176045269.888335	1150000	180957221.284284	1150000	184613124.144179	1150000	174880854.663645	1150000	187851988.659368	1150000	171971670.433412	1150000	179050075.294184
1160000	176339496.069164	1160000	181047686.067222	1160000	184613457.758994	1160000	175247587.536958	1160000	187860480.261580	1160000	172275791.907320	1160000	178909375.435665
1170000	176011622.080063	1170000	180986001.687759	1170000	184768122.043496	1170000	175095481.186268	1170000	187703853.403873	1170000	172543991.763472	1170000	178446942.669013
1180000	176106031.107345	1180000	181012284.407361	1180000	184568047.789768	1180000	175030227.032598	1180000	187980646.255160	1180000	172112060.854947	1180000	178911369.623000
1190000	176255475.588866	1190000	180924776.462848	1190000	184765587.099725	1190000	174788354.265393	1190000	187826608.318209	1190000	172425210.096626	1190000	179050180.840875
1200000	176409268.884326	1200000	180918249.368279	1200000	184841727.538909	1200000	175366979.688895	1200000	187608092.806571	1200000	172447675.158944	1200000	178982786.904976
1210000	176297368.563069	1210000	180891027.103156	1210000	184639888.433077	1210000	175074947.134078	1210000	187803901.061376	1210000	172144056.292253	1210000	178542998.061922
1220000	176477078.337090	1220000	180962842.949510	1220000	184644840.195605	1220000	174784122.964683	1220000	187518050.706578	1220000	172362498.161218	1220000	178722338.424832
1230000	176043924.729373	1230000	181376960.300525	1230000	184993267.808818	1230000	174936039.952822	1230000	187701353.625773	1230000	172082163.545489	1230000	178713518.540029
1240000	176291089.905179	1240000	181189309.317229	1240000	184722995.337794	1240000	175161168.669362	1240000	187795434.236910	1240000	172626197.796648	1240000	178978548.708687
1250000	176206638.329779	1250000	180915669.099434	1250000	184627513.961977	1250000	175088532.288504	1250000	187740667.421931	1250000	172383526.207736	1250000	178801125.552398
1260000	176254116.463817	1260000	181214455.231800	1260000	184927428.062267	1260000	175257186.138112	1260000	187714623.197006	1260000	172338531.998999	1260000	178778464.363659
1270000	176450483.909377	1270000	181207500.229160	1270000	184828582.096860	1270000	175149684.725221	1270000	187986769.042155	1270000	172199655.814860	1270000	178686398.011848
1280000	176568074.840620	1280000	180770508.415152	1280000	184745708.432337	1280000	175413292.742227	1280000	187704161.470140	1280000	172389465.853306	1280000	178302584.795984
1290000	176246464.626360	1290000	180935061.248017	1290000	185026533.882736	1290000	174923103.061992	1290000	187811283.189011	1290000	172222195.578761	1290000	178741192.853489
1300000	176165976.928367	1300000	180461839.045449	1300000	184842844.814216	1300000	175325622.544599	1300000	187848432.524375	1300000	172590702.688899	1300000	178839706.620039
1310000	176216318.026395	1310000	180751398.592738	1310000	184833522.951841	1310000	174922657.022798	1310000	187667647.748205	1310000	172173139.603351	1310000	178827404.966943
1320000	176300415.074118	1320000	181091487.146602	1320000	184526044.529301	1320000	174774303.564890	1320000	187662403.476267	1320000	172078010.640102	1320000	178774984.759203
1330000	176469474.036437	1330000	180932306.308138	1330000	184926893.350314	1330000	175212161.983601	1330000	187923343.415058	1330000	172114420.114527	1330000	178806197.410440
1340000	176425218.374353	1340000	180987156.173323	1340000	184680204.248519	1340000	174863180.005004	1340000	187678478.776709	1340000	172501553.565781	1340000	178560844.948237
1350000	176532697.632964	1350000	180948708.512455	1350000	184581813.703120	1350000	175064344.732886	1350000	187586039.462256	1350000	172215565.389172	1350000	178894850.756697
1360000	176226168.767468	1360000	181336831.100485	1360000	184847168.777909	1360000	175059600.159159	1360000	187631579.553597	1360000	172040424.214462	1360000	178753837.692280
1370000	176321214.614205	1370000	180810721.873733	1370000	184631657.210403	1370000	175044306.867988	1370000	187971238.800555	1370000	172594420.165373	1370000	178578882.302191
1380000	176214507.415633	1380000	181113812.895931	1380000	184770371.222427	1380000	175061438.794030	1380000	187473320.694900	1380000	172532789.802538	1380000	179146757.326911
1390000	176508844.964708	1390000	181211715.805246	1390000	184810369.798593	1390000	174963323.125180	1390000	187596823.195990	1390000	172532326.411406	1390000	178695057.571486
1400000	176198686.137499	1400000	181066881.398907	1400000	184846236.852437	1400000	175177839.706493	1400000	187929609.067310	1400000	171965476.284721	1400000	178663096.046009
1410000	176383726.500919	1410000	181100231.886322	1410000	184889189.891490	1410000	175025015.387837	1410000	187817730.907712	1410000	172057116.772606	1410000	178799042.929701
1420000	176240257.208456	1420000	181340074.489180	1420000	184997589.880648	1420000	174942526.299204	1420000	187544809.058149	1420000	172588114.171705	1420000	178749608.731416
1430000	176181030.408697	1430000	181032354.709572	1430000	184918865.839397	1430000	175341382.785068	1430000	188157330.492254	1430000	172323700.225329	1430000	178914668.000181
1440000	176503571.566675	1440000	181191984.374932	1440000	185093551.948677	1440000	174918391.690145	1440000	187656401.119503	1440000	172328298.284261	1440000	178955973.617618
1450000	176147424.850283	1450000	180796358.469132	1450000	184900446.458773	1450000	175063770.465265	1450000	187877111.323755	1450000	172204794.797169	1450000	178698758.494661
1460000	176343350.329217	1460000	181082591.689193	1460000	184428261.721256	1460000	175163665.475334	1460000	187538860.431102	1460000	172153996.711053	1460000	178749780.962279
1470000	176359569.558001	1470000	181084144.917250	1470000	184975703.322009	1470000	174797099.771799	1470000	187719936.120463	1470000	172297848.420663	1470000	178680918.068136
1480000	176406349.587812	1480000	181025954.681866	1480000	184557529.184816	1480000	174924303.958154	1480000	187932370.796980	1480000	172368020.612955	1480000	178495524.201134
1490000	176486851.629497	1490000	181053410.009672	1490000	184589100.579407	1490000	175101638.112500	1490000	187777830.039309	1490000	172361019.229513	1490000	178616757.517570
1500000	176176400.435517	1500000	180978636.158843	1500000	184556723.047807	1500000	174858708.531690	1500000	188034621.623379	1500000	172158066.831550	1500000	178705080.162102
1510000	176136051.647787	1510000	180809558.525808	1510000	184624531.774575	1510000	175114911.023433	1510000	187766532.983175	1510000	172166495.102234	1510000	178779677.734317
1520000	176400394.247229	1520000	181199262.085643	1520000	184571729.404964	1520000	174924030.922455	1520000	187952730.522727	1520000	172415069.353957	1520000	178704257.866565
1530000	176455147.412588	1530000	181016814.036385	1530000	184808825.081446	1530000	174969352.939749	1530000	187787204.622459	1530000	172048353.097466	1530000	178899633.091125
1540000	176131391.094852	1540000	180976612.861208	1540000	184817949.704616	1540000	175194903.163417	1540000	187706325.975841	1540000	172019555.063956	1540000	178722128.225281
1550000	176316211.559914	1550000	181059497.026113	1550000	184898910.008736	1550000	174890351.798793	1550000	187660000.284755	1550000	172072416.692037	1550000	178784517.679535
1560000	176296142.022110	1560000	181223509.230888	1560000	184726172.320393	1560000	175343840.808872	1560000	187889567.400004	1560000	172239141.534860	1560000	178691270.064575
1570000	176479476.607635	1570000	180969665.954493	1570000	184998043.025995	1570000	174776780.286153	1570000	187934366.825185	1570000	171671014.397678	1570000	178762727.943360
1580000	176422672.330428	1580000	180851543.947504	1580000	185056044.396579	1580000	175004703.225337	1580000	187956844.955290	1580000	172097996.331198	1580000	178880085.443680
1590000	176462836.350732	1590000	181211112.153880	1590000	184916367.433049	1590000	175075299.180006	1590000	187640035.163730	1590000	172504291.427818	1590000	178807456.500740
1600000	176652322.051682	1600000	180960595.950339	1600000	184838719.901293	1600000	174812735.693468	1600000	187538247.209109	1600000	172356251.710561	1600000	178690405.021747
1610000	176088484.714646	1610000	180893071.460250	1610000	184903051.201896	1610000	175108500.269505	1610000	187660683.492372	1610000	172131271.949285	1610000	178846505.161823
1620000	176308343.468360	1620000	181043124.291122	1620000	184839190.101950	1620000	174918970.888441	1620000	188034798.661931	1620000	172190595.630191	1620000	178481595.977955
1630000	176329978.026900	1630000	181062629.383283	1630000	184608286.571989	1630000	174658232.167443	1630000	187959155.255363	1630000	171918662.590999	1630000	178881904.963305
1640000	176387783.433964	1640000	181085106.173091	1640000	184792768.420547	1640000	174889767.102764	1640000	187655928.521792	1640000	172122105.007857	1640000	178647937.599395
1650000	176402030.234163	1650000	180894013.277100	1650000	184732522.337484	1650000	174806704.600754	1650000	187500886.786901	1650000	172029304.352800	1650000	178785113.783065
1660000	176193730.076536	1660000	180908760.012585	1660000	184788228.801463	1660000	175055622.595069	1660000	187756346.169406	1660000	172242786.466943	1660000	178870569.836413
1670000	176279751.810750	1670000	180869407.728911	1670000	184877800.029843	1670000	174920657.603016	1670000	187798145.133210	1670000	172031363.416187	1670000	178841379.385287
1680000	176075333.743840	1680000	181020692.226291	1680000	184702226.429636	1680000	174811808.449286	1680000	187713813.681700	1680000	172254920.483942	1680000	179126157.512317
1690000	176304240.619559	1690000	181115474.162103	1690000	184667032.278558	1690000	174711649.831202	1690000	187913091.829326	1690000	172294055.360745	1690000	178893814.465386
1700000	176199957.415953	1700000	181333556.981348	1700000	184592416.889754	1700000	174972449.135813	1700000	187717246.141322	1700000	171918664.928415	1700000	178515209.993758
1710000	176069986.857537	1710000	180918277.837585	1710000	184801730.669652	1710000	175138577.167217	1710000	187944267.206520	1710000	172302936.296848	1710000	178706617.555214
1720000	176335732.702950	1720000	181120808.206786	1720000	184788690.186162	1720000	175062422.639565	1720000	188074506.426844	1720000	172432738.357850	1720000	178392733.352588
1730000	176330757.541331	1730000	180968754.095393	1730000	184701069.937927	1730000	174918119.707783	1730000	187726613.248499	1730000	171915433.454278	1730000	178712426.674868
1740000	176070219.448845	1740000	181070941.610808	1740000	185237064.038127	1740000	175042418.800334	1740000	187808423.075188	1740000	172193890.919858	1740000	178999676.867740
1750000	176440396.702371	1750000	180899437.022220	1750000	184701893.581633	1750000	174673490.511832	1750000	187863868.669181	1750000	172299460.606617	1750000	178632038.824425
1760000	176482824.632503	1760000	180953068.046766	1760000	184367726.825564	1760000	174891520.761993	1760000	187816901.421185	1760000	172406795.888255	1760000	178895286.134428
1770000	176406428.481462	1770000	180926176.581147	1770000	184758182.508476	1770000	174952587.921869	1770000	187775154.932753	1770000	171985924.298621	1770000	178541852.656934
1780000	176050467.095402	1780000	180854718.292287	1780000	184944217.252220	1780000	175007330.152177	1780000	187777685.406273	1780000	171990894.751512	1780000	178804134.274959
1790000	176425027.770985	1790000	180780915.428671	1790000	184836353.476908	1790000	175134618.786572	1790000	187792780.369167	1790000	172466173.563547	1790000	179099251.353321
1800000	176395985.586796	1800000	181165844.560987	1800000	184849656.355976	1800000	175094773.980966	1800000	187687910.142308	1800000	172289943.458080	1800000	178897796.546089
1810000	176288809.041160	1810000	181012304.796758	1810000	184691581.592271	1810000	175151254.359504	1810000	187680716.921923	1810000	171906381.729457	1810000	179100137.623716
1820000	176513630.991836	1820000	181018134.200746	1820000	184631294.959743	1820000	174971591.415372	1820000	188007314.787383	1820000	171907792.849765	1820000	179024452.842392
1830000	176439911.029767	1830000	181077063.824062	1830000	184660510.908961	1830000	174716275.911358	1830000	187782516.578094	1830000	171977259.419875	1830000	178827660.859607
1840000	176481086.487624	1840000	180913076.209585	1840000	185050313.380332	1840000	174916267.623940	1840000	187551702.456827	1840000	172550230.948286	1840000	178963235.274818
1850000	176435286.032008	1850000	180557481.299477	1850000	184597502.959503	1850000	174787897.771709	1850000	187735176.091910	1850000	172147905.304452	1850000	178560967.416030
1860000	176715028.231561	1860000	181319269.040679	1860000	184512009.379111	1860000	174746220.503977	1860000	188151796.986094	1860000	172169092.410118	1860000	178782369.271861
1870000	176471142.950607	1870000	180894793.343007	1870000	184846203.648980	1870000	174818579.313268	1870000	187706270.736890	1870000	171999982.853243	1870000	178805009.634357
1880000	176083878.240232	1880000	180901933.246239	1880000	185004184.849303	1880000	174934712.324906	1880000	187582623.654706	1880000	172072385.097076	1880000	179147852.875195
1890000	176326201.005874	1890000	181083758.308043	1890000	185329246.736944	1890000	175306179.571886	1890000	187638363.254763	1890000	172205495.906133	1890000	178609595.725136
1900000	176366942.965847	1900000	181198434.258337	1900000	184890948.740803	1900000	175020090.912846	1900000	187412576.533175	1900000	172298596.109937	1900000	178904643.479564
1910000	176515762.895629	1910000	181101597.568811	1910000	184696135.466261	1910000	175009087.924965	1910000	187663220.834829	1910000	171697000.160137	1910000	178939131.935620
1920000	176442740.410743	1920000	181092746.714089	1920000	184772400.392111	1920000	174843870.283780	1920000	187939703.774341	1920000	172100873.645298	1920000	178983780.322889
1930000	176156430.583850	1930000	180780692.137870	1930000	184862348.539604	1930000	174813747.267944	1930000	188011264.059269	1930000	171993677.836050	1930000	179031228.885270
1940000	176255988.732098	1940000	181154139.283761	1940000	184694021.824173	1940000	174874407.338096	1940000	187502382.968087	1940000	172196708.784842	1940000	179017380.271484
1950000	176244476.299426	1950000	180776998.793381	1950000	184655571.961244	1950000	174678695.682761	1950000	187763961.846491	1950000	171977615.328460	1950000	178666716.981991
1960000	176132522.813164	1960000	181340389.827363	1960000	185086126.016933	1960000	174997892.560447	1960000	187837789.759878	1960000	172237428.447039	1960000	178955006.423587
1970000	176325366.485438	1970000	180776798.380938	1970000	184727530.265406	1970000	175078270.053002	1970000	187975698.294509	1970000	171985406.941789	1970000	178615548.323239
1980000	176104614.482968	1980000	180768266.039286	1980000	184927815.266350	1980000	174790127.143408	1980000	187621558.879087	1980000	172139964.427796	1980000	178554941.170367
1990000	176360375.556134	1990000	181120994.378605	1990000	184793461.610970	1990000	174839764.460996	1990000	187863411.519814	1990000	171997070.993957	1990000	178629791.996174
2000000	176213409.689338	2000000	181273316.428001	2000000	184748941.056003	2000000	174938845.021527	2000000	187739613.160228	2000000	171940685.060448	2000000	178589132.564852
2010000	176086233.489016	2010000	180914160.778470	2010000	184968411.688714	2010000	174880724.392341	2010000	187850158.691903	2010000	172206280.088277	2010000	178713924.688734
2020000	176164903.801943	2020000	181088301.910278	2020000	184566108.656116	2020000	174901415.912262	2020000	187585825.073529	2020000	172043353.319130	2020000	178732961.961110
2030000	176146160.789460	2030000	180802415.550348	2030000	184921902.691212	2030000	175144379.218634	2030000	187654534.644339	2030000	172400077.979529	2030000	178694057.712833
2040000	176232328.184072	2040000	181351089.550697	2040000	184816557.757623	2040000	174786869.872791	2040000	187910295.468363	2040000	172199029.921321	2040000	178713698.558305
2050000	176335965.792141	2050000	181009485.396257	2050000	184659755.812011	2050000	175124106.391957	2050000	187819489.952348	2050000	172151524.356344	2050000	178607348.834530
2060000	176136885.912444	2060000	181068498.451892	2060000	184641148.822698	2060000	175065604.602419	2060000	187841498.487598	2060000	172283406.963642	2060000	178954753.395605
2070000	176246447.132687	2070000	181024758.761508	2070000	184623790.750240	2070000	175011612.963850	2070000	187822540.282204	2070000	172230096.727004	2070000	178942335.769814
2080000	176029324.208952	2080000	180936129.700897	2080000	184723424.544649	2080000	174844111.071340	2080000	187630529.071993	2080000	172004567.658388	2080000	178876691.088543
2090000	176201524.543812	2090000	181108704.740233	2090000	184718964.007040	2090000	174949749.073694	2090000	187957109.569203	2090000	172471148.518943	2090000	178820104.440359
2100000	176431629.593659	2100000	180764738.932390	2100000	184673232.405699	2100000	175158231.902678	2100000	188004027.358897	2100000	171914572.612606	2100000	178897445.597983
2110000	176504011.472289	2110000	181145581.388371	2110000	184505846.430201	2110000	175040165.958006	2110000	187834196.676331	2110000	171726254.063691	2110000	178869936.744416
2120000	176341874.165412	2120000	181034099.014236	2120000	185164524.824472	2120000	175049327.158977	2120000	187491872.632904	2120000	172247753.292184	2120000	178724563.661299
2130000	176626015.198491	2130000	180918137.243050	2130000	184668231.401476	2130000	174952720.592643	2130000	187784081.062650	2130000	171754167.093072	2130000	179012421.351939
2140000	176274723.659052	2140000	181008394.459238	2140000	184675998.370885	2140000	174891604.043946	2140000	187856501.509742	2140000	171986697.629079	2140000	178807292.998456
2150000	176315119.516046	2150000	181051806.623901	2150000	184959155.036774	2150000	174916319.151996	2150000	187513871.250734	2150000	172078071.932554	2150000	179098042.311395
2160000	176156796.148818	2160000	180985207.989555	2160000	184792319.708196	2160000	175101953.741798	2160000	187848963.572572	2160000	171641739.919025	2160000	178937277.827683
2170000	176394871.676814	2170000	181123315.336166	2170000	184926648.963039	2170000	175077601.044132	2170000	187796694.957418	2170000	172294846.407484	2170000	178864170.545120
2180000	176231964.742070	2180000	181190195.916453	2180000	184548226.002052	2180000	174881377.354735	2180000	187688967.607302	2180000	172214998.382526	2180000	178652243.002725
2190000	176330413.298604	2190000	181050510.163165	2190000	184604977.432934	2190000	175517720.070513	2190000	187948527.733784	2190000	172106724.552474	2190000	178957854.948680
2200000	176415485.929378	2200000	180839208.102954	2200000	184922523.057018	2200000	174798645.341451	2200000	187922994.154396	2200000	171781869.335616	2200000	178751250.592550
2210000	176020113.527415	2210000	181194862.494284	2210000	184670401.588644	2210000	175097029.962727	2210000	187708940.523274	2210000	171988198.162219	2210000	178885239.740417
2220000	176313586.206764	2220000	180963386.635801	2220000	184875076.333614	2220000	174986993.528839	2220000	187634025.059271	2220000	172055835.013077	2220000	178875671.893392
2230000	176118534.375070	2230000	181001457.868098	2230000	184872691.786276	2230000	174902607.678122	2230000	188019609.246412	2230000	172102038.448159	2230000	178954854.272540
2240000	176019719.939978	2240000	181152518.513301	2240000	184417586.544127	2240000	174751227.049095	2240000	188313093.997882	2240000	171779921.819213	2240000	178577584.366622
2250000	176542507.685440	2250000	180958716.105677	2250000	184794361.718622	2250000	174606275.745751	2250000	187559727.473281	2250000	171925692.092410	2250000	178656992.379065
2260000	176535615.169284	2260000	181091880.078623	2260000	184653452.360462	2260000	175015397.347126	2260000	187629372.254660	2260000	172126633.166102	2260000	179157151.933986
2270000	176074143.145656	2270000	181061253.836924	2270000	184716435.187864	2270000	174429347.412704	2270000	187472201.442310	2270000	171969268.310963	2270000	178936163.267991
2280000	176140536.002451	2280000	180690813.473554	2280000	184711025.976309	2280000	175199387.128895	2280000	187619510.883022	2280000	171777249.707447	2280000	178833584.468616
2290000	176312822.887488	2290000	180909951.744912	2290000	184804055.453980	2290000	174827749.784460	2290000	187799970.940628	2290000	172026960.163382	2290000	178761193.361302
2300000	176194786.631657	2300000	180868024.724901	2300000	184670564.012322	2300000	174785506.770530	2300000	187884027.165560	2300000	171802651.222977	2300000	178763638.312896
2310000	176101524.000247	2310000	181034052.475814	2310000	184656263.173084	2310000	174917703.387800	2310000	187378597.034851	2310000	172048113.065792	2310000	178831372.503883
2320000	176403851.643389	2320000	180862218.745210	2320000	185004684.075344	2320000	174977599.997155	2320000	187722137.736120	2320000	171775269.819009	2320000	178892289.897671
2330000	176421564.303123	2330000	181058054.697941	2330000	184671190.131492	2330000	174971588.724468	2330000	187848372.325055	2330000	172088256.362533	2330000	178935939.015389
2340000	176359834.206799	2340000	180874416.536102	2340000	184554736.206253	2340000	175004326.617188	2340000	187244131.505376	2340000	171926999.665350	2340000	178872710.740315
2350000	176199845.587171	2350000	180846971.440984	2350000	184807171.962266	2350000	175042300.981202	2350000	187829314.292470	2350000	171851483.804293	2350000	178881847.067650
2360000	176648175.496537	2360000	181056792.507147	2360000	184517432.259508	2360000	175134267.150670	2360000	187595799.576771	2360000	172137842.138732	2360000	178875914.454946
2370000	176290165.983965	2370000	181072310.072909	2370000	185228939.642604	2370000	174734908.829547	2370000	187756490.722157	2370000	172215747.283525	2370000	178636480.059188
2380000	176358146.257329	2380000	180538288.125432	2380000	184386554.065996	2380000	174893210.731608	2380000	187273552.606867	2380000	171803875.364785	2380000	179036453.930409
2390000	176173574.612297	2390000	181005929.694896	2390000	185003623.697042	2390000	174571833.471085	2390000	187500424.869539	2390000	172178342.461051	2390000	179126635.519864
2400000	175937374.012361	2400000	180963524.729235	2400000	184485631.926970	2400000	174992661.729144	2400000	187942090.700592	2400000	172196221.044020	2400000	178725450.405796
2410000	176548509.953144	2410000	181108258.580043	2410000	184741766.975671	2410000	174811229.250110	2410000	187730085.742247	2410000	171907686.538723	2410000	178944359.425570
2420000	176277490.696549	2420000	181017026.808406	2420000	184685758.534661	2420000	175111227.578997	2420000	187558665.113667	2420000	172133020.016191	2420000	178510851.020368
2430000	176559839.101043	2430000	180850141.134593	2430000	185080652.329528	2430000	174555505.034037	2430000	187860050.292941	2430000	172043238.863886	2430000	178747595.836780
2440000	176453134.293038	2440000	180902877.539541	2440000	184803075.762900	2440000	175012138.549475	2440000	187819059.138481	2440000	171919865.339359	2440000	178842190.833202
2450000	176398807.263938	2450000	180843768.647195	2450000	184870806.912381	2450000	174738359.068079	2450000	187635079.304317	2450000	172140905.198350	2450000	178491701.116226
2460000	176313979.687038	2460000	181278067.459575	2460000	184882927.613847	2460000	174824748.199743	2460000	187697159.476364	2460000	171822387.063164	2460000	178865088.136452
2470000	176132840.427020	2470000	181292476.322614	2470000	184727635.661058	2470000	174762524.769724	2470000	187608612.160109	2470000	172235003.127526	2470000	178706261.833479
2480000	176026769.122314	2480000	180966971.569532	2480000	184524395.754933	2480000	174770732.568508	2480000	187933274.062030	2480000	172012532.201440	2480000	178705593.707503
2490000	176316381.776287	2490000	180856935.316853	2490000	184869733.893810	2490000	175140153.922218	2490000	187811384.368083	2490000	172146980.076364	2490000	178982480.493763
2500000	176347583.504562	2500000	180839988.822176	2500000	184529053.089158	2500000	174871356.031209	2500000	187590639.693397	2500000	172419346.075424	2500000	178798660.621066
2510000	176353948.135209	2510000	181305369.817377	2510000	184987418.447190	2510000	175047375.837623	2510000	187755801.541515	2510000	171978448.680769	2510000	178763499.907428
2520000	176475119.078940	2520000	181202992.093001	2520000	184986835.593465	2520000	174769911.849278	2520000	188008365.032458	2520000	172105599.872354	2520000	178503428.459709
2530000	176432633.969462	2530000	181250444.256420	2530000	184554043.542569	2530000	175229904.851169	2530000	187935914.481605	2530000	171913533.149854	2530000	178653806.548597
2540000	176660805.069855	2540000	181374036.090150	2540000	184508910.447472	2540000	174895895.498766	2540000	188093774.879267	2540000	171943828.922369	2540000	178714877.546133
2550000	176296262.411389	2550000	181215564.865395	2550000	184960184.986973	2550000	174982826.197750	2550000	187862866.208510	2550000	172179581.528206	2550000	179005429.514483
2560000	175986740.270511	2560000	181153166.419034	2560000	185018110.714657	2560000	174676053.369096	2560000	187538108.031252	2560000	172043193.395320	2560000	178605292.762253
2570000	176581665.842786	2570000	181033778.401107	2570000	184734426.738845	2570000	175019321.199977	2570000	187472363.226303	2570000	171812097.130145	2570000	178859911.279065
2580000	176376801.756250	2580000	181259515.320608	2580000	185185949.099423	2580000	175118201.627332	2580000	187705812.396901	2580000	171925068.667163	2580000	179443162.413285
2590000	176270309.419611	2590000	181009292.310300	2590000	184752828.203332	2590000	174737698.518590	2590000	187815028.469264	2590000	172190361.219978	2590000	178840092.296991
2600000	176256362.964009	2600000	180963202.052207	2600000	184732988.521695	2600000	174948797.830711	2600000	187453270.066885	2600000	172159577.178999	2600000	178829630.284998
2610000	176217504.039528	2610000	181191900.888327	2610000	184702313.273811	2610000	175213533.549488	2610000	187878006.736982	2610000	172094215.114513	2610000	178429846.939948
2620000	176414843.192006	2620000	181004897.073584	2620000	184517917.751720	2620000	174894522.867990	2620000	188074057.783065	2620000	171847566.203959	2620000	178872092.278781
2630000	176337408.146070	2630000	180825924.459850	2630000	184666983.030450	2630000	175136545.305781	2630000	187697988.843561	2630000	172215341.519853	2630000	178482759.056432
2640000	176378455.895534	2640000	181144451.006737	2640000	184860115.956821	2640000	174871273.787906	2640000	187965504.723256	2640000	171799595.387478	2640000	178981800.522177
2650000	176410547.720700	2650000	181115188.218841	2650000	184840280.338163	2650000	174775156.515458	2650000	187672789.155068	2650000	171568876.182053	2650000	178915470.894428
2660000	176542980.364318	2660000	181038385.878653	2660000	184630365.110372	2660000	175142805.503154	2660000	187812501.568065	2660000	171972849.429843	2660000	178478962.342933
2670000	176678323.593748	2670000	180636117.731485	2670000	184717066.336147	2670000	175197180.669289	2670000	187849162.487476	2670000	172053469.743998	2670000	179107014.806973
2680000	176400730.434804	2680000	181021850.699450	2680000	184726029.131687	2680000	174967012.627514	2680000	187536427.720116	2680000	172165115.477632	2680000	179045126.516670
2690000	176338193.732103	2690000	180814406.520721	2690000	184874280.856501	2690000	175335847.424335	2690000	187788376.129923	2690000	172169310.102521	2690000	178976631.586747
2700000	176192049.188849	2700000	181202013.902163	2700000	184669817.663269	2700000	174706490.269643	2700000	187942632.782161	2700000	171988936.667100	2700000	179135370.647109
2710000	175995527.405710	2710000	180746703.907639	2710000	184820735.819677	2710000	174910584.437187	2710000	187899874.957732	2710000	172038262.421896	2710000	178865119.190326
2720000	176563353.503888	2720000	180832982.506532	2720000	184947183.062964	2720000	175143484.421968	2720000	187372737.395703	2720000	172149086.963158	2720000	178640915.665650
2730000	176186146.499889	2730000	180982472.580974	2730000	184629615.112161	2730000	174820557.661635	2730000	187654118.065991	2730000	171947899.333753	2730000	178798496.866887
2740000	176491551.190761	2740000	181030190.384086	2740000	184577672.479113	2740000	174939521.847648	2740000	187702432.892840	2740000	171659727.877503	2740000	178924965.046971
2750000	176110751.848878	2750000	181027299.320703	2750000	184457610.013940	2750000	175173035.496158	2750000	187703836.401513	2750000	172287685.602450	2750000	179020820.814824
2760000	176170307.158483	2760000	181053166.951893	2760000	184951359.522863	2760000	174843892.601757	2760000	187744553.083765	2760000	171988718.028855	2760000	178892539.856371
2770000	176284387.058620	2770000	181092683.129305	2770000	185009360.548777	2770000	174966583.207021	2770000	187888888.838509	2770000	171625792.952700	2770000	178875694.938448
2780000	176538357.073283	2780000	180949628.892883	2780000	184985112.710152	2780000	174738503.755207	2780000	187723815.059319	2780000	171739013.221014	2780000	178585106.483676
2790000	176283319.907091	2790000	180840924.716870	2790000	184754505.908181	2790000	174873654.644838	2790000	187525747.444240	2790000	171959977.020361	2790000	178599856.562601
2800000	176224151.249317	2800000	181161067.171489	2800000	184841773.418692	2800000	175323665.024700	2800000	187427373.657932	2800000	171924129.289114	2800000	178588983.823503
2810000	176496955.086346	2810000	180926048.534049	2810000	184520480.009724	2810000	174987372.063674	2810000	187547872.548373	2810000	172086218.312373	2810000	178706859.425196
2820000	176130736.148901	2820000	180953211.041329	2820000	185116689.225976	2820000	174848615.885639	2820000	188258624.976743	2820000	172003234.850711	2820000	178771041.724479
2830000	176126368.396948	2830000	181319914.285559	2830000	184522491.733998	2830000	175013450.736339	2830000	188076264.861974	2830000	172117267.248975	2830000	179061640.584780
2840000	176561377.616088	2840000	181051737.515673	2840000	185080237.422305	2840000	174923822.372991	2840000	187804304.327453	2840000	171636249.972765	2840000	178449980.184156
2850000	176538826.159503	2850000	180930662.180748	2850000	184702554.249302	2850000	174939857.810596	2850000	188038089.928600	2850000	172152464.618686	2850000	178815684.895968
2860000	176265866.605211	2860000	180845919.675992	2860000	184891737.590445	2860000	174889357.155370	2860000	187582894.091895	2860000	172165964.424943	2860000	178763711.627721
2870000	176248155.921644	2870000	181079667.311525	2870000	184766849.979277	2870000	174858474.580300	2870000	187859910.265944	2870000	171992863.227833	2870000	178809034.894029
2880000	176299989.642568	2880000	180955016.086294	2880000	184891319.436010	2880000	174626099.518419	2880000	187695588.579195	2880000	171833915.350389	2880000	179017889.682194
2890000	176562849.416413	2890000	180886600.045388	2890000	184510405.103368	2890000	174678748.512893	2890000	187633402.593572	2890000	171790404.478878	2890000	178679194.726258
2900000	176318415.316876	2900000	181000487.305728	2900000	184638009.916282	2900000	174913138.899702	2900000	187638633.539407	2900000	172087396.042680	2900000	178806733.351399
2910000	176380318.818061	2910000	180879800.501871	2910000	184822076.802783	2910000	174673246.889569	2910000	187556979.712224	2910000	171711511.644617	2910000	178683981.672764
2920000	176546633.443347	2920000	180827502.790397	2920000	184971373.482623	2920000	174848887.926144	2920000	187996630.440619	2920000	171906717.549873	2920000	178604508.695754
2930000	176494065.716728	2930000	181073270.072137	2930000	184599921.232223	2930000	174852825.946039	2930000	187964391.278508	2930000	172036146.800995	2930000	178810129.918049
2940000	176250266.492024	2940000	180981316.006135	2940000	184772207.235205	2940000	175052636.119055	2940000	187863478.641985	2940000	172004740.624857	2940000	178870954.951264
2950000	176315651.703943	2950000	181094476.268168	2950000	184944113.928462	2950000	175204742.870090	2950000	187831466.274412	2950000	171720198.503975	2950000	179049811.615888
2960000	176645576.401495	2960000	181193178.274713	2960000	185169696.831979	2960000	174776979.314552	2960000	187590410.378804	2960000	171854303.431595	2960000	178683676.616205
2970000	176558947.419718	2970000	180751612.222790	2970000	184812839.267239	2970000	175363555.702665	2970000	187879844.446450	2970000	171805912.006662	2970000	178711866.710258
2980000	176480539.706167	2980000	180897909.630572	2980000	185006570.670990	2980000	175018858.897497	2980000	187803358.571141	2980000	172157297.368291	2980000	178485997.199442
2990000	176566754.464907	2990000	180957817.726666	2990000	184696054.785270	2990000	174604670.569691	2990000	187803927.223570	2990000	172072514.331422	2990000	178721596.741732
3000000	176459265.917780	3000000	180931704.533164	3000000	184483016.106812	3000000	174936617.036447	3000000	187957377.060416	3000000	171954725.943854	3000000	178550534.311176
3010000	176161438.695121	3010000	181067056.396681	3010000	184756500.082128	3010000	175018680.497659	3010000	188044446.785470	3010000	171809358.133503	3010000	178818530.654267
3020000	176280298.597913	3020000	180972511.276730	3020000	184564452.939578	3020000	174757076.143731	3020000	187723543.002465	3020000	171911567.882895	3020000	179101336.675907
3030000	176444034.220140	3030000	181107194.789105	3030000	184470364.779341	3030000	174995050.042042	3030000	187942969.496419	3030000	172032464.303455	3030000	178633761.465162
3040000	176444800.021665	3040000	181067408.050954	3040000	185050595.653044	3040000	175298542.199194	3040000	187651182.114439	3040000	172220991.732926	3040000	178823143.439469
3050000	176022869.378076	3050000	181187688.101601	3050000	184802528.889683	3050000	174970033.222077	3050000	187693486.558981	3050000	172031768.912552	3050000	178904020.742407
3060000	176184401.221487	3060000	181115239.627942	3060000	184944766.708570	3060000	174993339.279589	3060000	187892331.293650	3060000	171943178.921953	3060000	178699619.936635
3070000	176386037.869869	3070000	180822984.221155	3070000	184445557.082309	3070000	174770408.063818	3070000	187942126.864944	3070000	172213162.325171	3070000	178784082.046882
3080000	175962373.135743	3080000	180999070.231725	3080000	184572562.254570	3080000	174849417.188630	3080000	187786102.866655	3080000	172026303.679278	3080000	178715985.730002
3090000	176183745.567196	3090000	180940274.437886	3090000	184533801.773210	3090000	174830018.546338	3090000	187768696.258826	3090000	172055639.799163	3090000	178812073.235226
3100000	176220674.756373	3100000	181049160.259000	3100000	184650140.318361	3100000	175203206.171003	3100000	187872983.626335	3100000	171965822.465176	3100000	178787144.766930
3110000	176197334.247080	3110000	181093514.038326	3110000	184429789.946985	3110000	175048231.903264	3110000	187878325.030987	3110000	172102461.086169	3110000	178650509.285337
3120000	176298118.681133	3120000	181187627.543931	3120000	184827695.883903	3120000	174750457.459008	3120000	187539874.443727	3120000	172018253.835461	3120000	178824124.092796
3130000	176712232.639357	3130000	181087143.982002	3130000	184450550.425863	3130000	174837925.059622	3130000	187496760.618282	3130000	172063748.663651	3130000	178771021.533896
3140000	176543982.525080	3140000	181018032.599972	3140000	184672223.622998	3140000	174460472.378869	3140000	187848496.410293	3140000	172158098.407436	3140000	178788731.037977
3150000	176245592.966287	3150000	180971478.841107	3150000	184786764.634532	3150000	175031677.051743	3150000	187772024.783217	3150000	171842904.510166	3150000	178579142.663034
3160000	176177543.311646	3160000	181198411.606010	3160000	184415740.798911	3160000	174672747.689219	3160000	187912319.451050	3160000	172119155.092222	3160000	178892375.703973
3170000	176162380.086619	3170000	180959776.246244	3170000	184487420.476062	3170000	175038690.775751	3170000	187921635.820565	3170000	171956132.626103	3170000	178824383.909663
3180000	176244068.882905	3180000	180855334.167798	3180000	184952882.231008	3180000	174734928.511732	3180000	187706717.321325	3180000	171634012.670963	3180000	178848513.920871
3190000	176499071.881392	3190000	181201216.386650	3190000	184887207.379249	3190000	174720880.747623	3190000	187676772.982203	3190000	171951312.993540	3190000	178682976.269745
3200000	176150054.845171	3200000	181163286.379784	3200000	184742578.993853	3200000	175005048.608283	3200000	187928383.482852	3200000	171774638.423776	3200000	179045674.885167
3210000	176237316.539978	3210000	181016721.164631	3210000	184984122.590035	3210000	174637944.365979	3210000	187860643.493205	3210000	171905775.996774	3210000	178712337.889301
3220000	176307724.427600	3220000	181063508.392357	3220000	184775083.691451	3220000	175175513.703754	3220000	187784698.796631	3220000	171943845.568359	3220000	178669853.334171
3230000	176572849.254641	3230000	180921693.961491	3230000	184785245.899004	3230000	174814763.266824	3230000	187619653.540803	3230000	171835846.012782	3230000	178889389.591607
3240000	176123383.982970	3240000	180918146.932167	3240000	184507184.292393	3240000	174744525.136428	3240000	187789512.123706	3240000	171937964.102148	3240000	178728637.870159
3250000	176267091.620927	3250000	181237489.571492	3250000	184861497.873198	3250000	174877541.796017	3250000	188066103.950100	3250000	171782367.623413	3250000	178741794.140581
3260000	176288098.023750	3260000	180919914.061941	3260000	185031842.443253	3260000	174831171.225267	3260000	187714278.866998	3260000	172061575.619377	3260000	178913763.560239
3270000	176288367.454494	3270000	180815551.785141	3270000	184613133.606033	3270000	174593396.620485	3270000	187786728.587075	3270000	171892784.822603	3270000	178783619.073404
3280000	176118015.509745	3280000	181155483.838656	3280000	184835490.359107	3280000	174729842.003219	3280000	187750978.055053	3280000	171671973.792080	3280000	178565730.493754
3290000	176454927.593044	3290000	181054302.672746	3290000	184702557.743123	3290000	175176072.930953	3290000	187855957.223832	3290000	172091394.235510	3290000	178950007.900356
3300000	175945585.301483	3300000	181374622.770072	3300000	184564979.142170	3300000	175118816.652137	3300000	187523957.747918	3300000	171989693.714621	3300000	178821530.388549
3310000	176464815.254243	3310000	180872746.726167	3310000	184570363.097219	3310000	174809086.252967	3310000	187686541.358389	3310000	172184636.296967	3310000	178884480.633574
3320000	176285635.845046	3320000	180731785.701770	3320000	184540149.283779	3320000	174779271.320929	3320000	187871053.192560	3320000	172260921.686408	3320000	178658221.566615
3330000	176164885.093116	3330000	181151359.663596	3330000	184959220.852980	3330000	175016143.467788	3330000	187938846.911158	3330000	172244313.400651	3330000	178436210.120575
3340000	176322634.490915	3340000	181024150.350785	3340000	184656378.187110	3340000	175127162.014926	3340000	187952485.434123	3340000	171947963.335423	3340000	179025089.784735
3350000	176392705.842459	3350000	180904678.563337	3350000	184825910.357108	3350000	175006199.861831	3350000	187576260.305562	3350000	172270318.997503	3350000	178654346.921512
3360000	176162979.089532	3360000	180895340.639410	3360000	184843444.838941	3360000	174929523.174514	3360000	187886807.874993	3360000	172031129.190020	3360000	179106960.439660
3370000	176311645.776878	3370000	180964662.312056	3370000	184574687.991676	3370000	174754894.266214	3370000	187912619.563857	3370000	171959330.978943	3370000	178748986.348321
3380000	176143914.108762	3380000	180945628.076630	3380000	184568694.867709	3380000	174910754.135007	3380000	187676085.031702	3380000	172066510.950453	3380000	179009900.008850
3390000	176396634.288227	3390000	180949425.154196	3390000	184717969.486004	3390000	174852255.366452	3390000	187821405.851934	3390000	172089699.717906	3390000	179011374.924787
3400000	176250509.263285	3400000	181106060.544527	3400000	184679875.910166	3400000	174649703.756522	3400000	187714462.521944	3400000	171876053.032208	3400000	178628806.159133
3410000	176432018.515507	3410000	181022163.888400	3410000	184945747.243561	3410000	175221295.373402	3410000	187763989.526444	3410000	171858816.815601	3410000	178743099.400348
3420000	176333531.883228	3420000	181127353.986924	3420000	185031603.180393	3420000	174907181.747358	3420000	187647016.242076	3420000	172114385.720964	3420000	179061136.660307
3430000	176414924.745026	3430000	180865433.414136	3430000	184559026.492409	3430000	174861887.811930	3430000	187753963.545746	3430000	172068868.123630	3430000	178635822.592873
3440000	176517914.564511	3440000	181027338.587612	3440000	185034562.682494	3440000	174869851.448685	3440000	187714119.738048	3440000	172019545.536205	3440000	179138978.901195
3450000	176225038.393141	3450000	181245779.227107	3450000	185013713.317540	3450000	174670277.657518	3450000	187948438.345510	3450000	171922512.155530	3450000	178896613.483512
3460000	175986017.997345	3460000	180997258.439887	3460000	184574749.704310	3460000	174441496.977985	3460000	187627627.225406	3460000	171723665.900444	3460000	178666527.292651
3470000	176122313.529363	3470000	180809072.732326	3470000	184743248.547132	3470000	174798458.483960	3470000	187544960.643143	3470000	171963960.285236	3470000	178776776.139285
3480000	176316808.586214	3480000	181083429.240505	3480000	184817621.731721	3480000	174907206.786323	3480000	188093612.156208	3480000	171640731.517631	3480000	178617652.384317
3490000	176260178.160739	3490000	180986171.005027	3490000	184874606.026312	3490000	174749305.214095	3490000	187809307.881511	3490000	171800260.629523	3490000	178890190.861607
3500000	176384660.242330	3500000	180764410.228403	3500000	184989758.211658	3500000	174852260.228480	3500000	187961715.418105	3500000	172229553.999282	3500000	178793401.304690
3510000	176039076.645534	3510000	180870172.397337	3510000	184825125.703144	3510000	174751029.442792	3510000	187932967.089765	3510000	171867354.313937	3510000	178783663.339455
3520000	176540601.670088	3520000	180933855.248447	3520000	184934980.225626	3520000	175142538.409433	3520000	187693152.981964	3520000	171924176.921149	3520000	178908761.175930
3530000	176332711.887187	3530000	180788741.661689	3530000	184591960.134990	3530000	174824811.502187	3530000	187797840.136383	3530000	171615209.404971	3530000	179044532.559181
3540000	175992441.599924	3540000	180924404.329446	3540000	184627014.275398	3540000	174780164.630638	3540000	187875535.244278	3540000	171938824.440464	3540000	178910376.112429
3550000	176278826.745661	3550000	180941654.255011	3550000	184835309.141008	3550000	175162696.612914	3550000	187864479.266002	3550000	171815526.158722	3550000	178687827.813471
3560000	176057393.792506	3560000	181206766.329088	3560000	184900238.456147	3560000	174950066.374290	3560000	187820879.457388	3560000	171909145.270380	3560000	179094956.922389
3570000	176142709.514308	3570000	181177674.659086	3570000	184812090.337790	3570000	175035712.923055	3570000	187670065.979056	3570000	171916987.410239	3570000	178596365.836292
3580000	176322676.356336	3580000	181335792.096791	3580000	184910303.966894	3580000	174794997.783933	3580000	187732581.859257	3580000	172138520.726313	3580000	178709299.730031
3590000	176357194.051227	3590000	180840635.453057	3590000	184805567.106351	3590000	175072799.397086	3590000	187766175.915404	3590000	172163102.174740	3590000	179106000.780946
3600000	176439787.139515	3600000	181115125.898036	3600000	184625913.980237	3600000	174692999.915949	3600000	187777590.163589	3600000	172032107.789624	3600000	178673813.280195
3610000	176053009.137812	3610000	181172652.674869	3610000	184847622.574181	3610000	174954339.235053	3610000	187885614.296575	3610000	172224871.863478	3610000	178641385.082643
3620000	176370335.309372	3620000	180953170.660774	3620000	184562986.908638	3620000	174829966.554185	3620000	187773947.978415	3620000	171771427.900726	3620000	178971302.124973
3630000	176197754.342450	3630000	180893575.591218	3630000	184800065.433689	3630000	174786973.553401	3630000	187988942.064007	3630000	172058855.346552	3630000	178786304.606551
3640000	176164212.233270	3640000	180994422.173391	3640000	184598994.319845	3640000	174636064.600277	3640000	187728831.656483	3640000	172125581.061374	3640000	178790238.168245
3650000	176558551.330983	3650000	180826069.479833	3650000	184550333.409157	3650000	174706682.952222	3650000	187912077.173353	3650000	171486991.193104	3650000	178929703.534894
3660000	176469590.479719	3660000	180962756.946688	3660000	184940390.089877	3660000	174801560.564779	3660000	187936718.636343	3660000	171837969.757317	3660000	178850767.941989
3670000	176540823.005345	3670000	181202660.453340	3670000	184736555.060948	3670000	174491725.046062	3670000	187550984.518914	3670000	172113033.079013	3670000	178543116.942488
3680000	176240078.238029	3680000	180979092.883190	3680000	184771885.696501	3680000	174863583.622662	3680000	187583476.924950	3680000	171719286.984903	3680000	178885463.671919
3690000	176354035.578148	3690000	180956408.653805	3690000	184522065.492775	3690000	174939815.743636	3690000	187665591.583302	3690000	172196593.039516	3690000	178815925.586781
3700000	176283430.800889	3700000	180663201.492161	3700000	184748559.006808	3700000	174781294.261217	3700000	188075954.750773	3700000	172375971.505459	3700000	178767525.250073
3710000	176779511.475663	3710000	180921401.285614	3710000	184683848.529280	3710000	175079764.072410	3710000	188092792.121681	3710000	172020365.978958	3710000	178989638.687773
3720000	176380837.027513	3720000	180904224.436381	3720000	184772590.260416	3720000	174605167.726285	3720000	187797105.561692	3720000	172146266.556085	3720000	178882376.623427
3730000	176502496.739566	3730000	180941382.829511	3730000	184585830.951985	3730000	175174677.584166	3730000	187984247.093032	3730000	172072703.427445	3730000	178885244.439142
3740000	176348903.164180	3740000	180930540.537656	3740000	184794110.462880	3740000	174830435.865597	3740000	187977640.546598	3740000	172096966.795577	3740000	178861821.236316
3750000	176490083.454072	3750000	181060594.772012	3750000	184763232.976243	3750000	174831189.230194	3750000	187561235.610874	3750000	172232776.516853	3750000	178705866.218410
3760000	176429606.040356	3760000	180839315.836510	3760000	184807592.683202	3760000	175050332.798542	3760000	187917501.533554	3760000	172048877.408425	3760000	178797142.297612
3770000	176643295.249764	3770000	180621671.367295	3770000	184902797.704287	3770000	174919104.125508	3770000	187663494.049821	3770000	172281713.041298	3770000	178743879.385753
3780000	176241087.078818	3780000	180925362.842717	3780000	184749296.423370	3780000	174562933.566571	3780000	187485782.265689	3780000	171777180.831297	3780000	178683188.624773
3790000	176107930.429810	3790000	180976174.171624	3790000	184673653.326427	3790000	175062737.520136	3790000	187738204.167191	3790000	171810980.438075	3790000	179073817.850608
3800000	176461209.621701	3800000	180825883.990364	3800000	184718802.062454	3800000	175008147.020007	3800000	187799437.069843	3800000	172041974.782963	3800000	178639671.371393
3810000	176616108.156955	3810000	180923531.088677	3810000	184587146.612334	3810000	174788635.085340	3810000	187632801.855629	3810000	171957655.535361	3810000	178908342.495046
3820000	176662615.637863	3820000	181148904.993933	3820000	184607208.661603	3820000	175086555.331357	3820000	187520381.675861	3820000	172178606.141012	3820000	178813685.936028
3830000	176222790.037436	3830000	181183888.036090	3830000	184631743.713543	3830000	174833532.927529	3830000	187702785.488462	3830000	172172404.284145	3830000	178624749.390164
3840000	176379309.073652	3840000	181076478.583615	3840000	184773382.365778	3840000	174890472.635335	3840000	187696722.627168	3840000	172017339.665818	3840000	178834412.801335
3850000	176368445.134165	3850000	181055960.207998	3850000	184584211.526906	3850000	174548373.229379	3850000	187556781.808257	3850000	171880984.088512	3850000	178775801.053853
3860000	176162382.168964	3860000	180868701.552580	3860000	184802601.218200	3860000	175117089.145736	3860000	188106948.753347	3860000	172087025.284023	3860000	178830350.970408
3870000	176576258.135404	3870000	180829013.410879	3870000	184720436.297717	3870000	174820373.032565	3870000	188086699.517656	3870000	172065042.793334	3870000	178915729.990300
3880000	176535197.014496	3880000	181037841.691806	3880000	184848847.288194	3880000	174807828.983840	3880000	187771904.679780	3880000	171927087.939093	3880000	178566232.708545
3890000	176226597.095385	3890000	181117311.325936	3890000	184820131.590334	3890000	174971804.370212	3890000	187937327.454027	3890000	172077475.087885	3890000	178823299.901472
3900000	176216173.509100	3900000	180796269.777345	3900000	184574954.137714	3900000	174765543.232404	3900000	188043832.435115	3900000	172084311.758556	3900000	178796769.272631
3910000	176064197.764859	3910000	180909529.401763	3910000	184762618.172081	3910000	174863676.717507	3910000	188038974.109207	3910000	171742923.003620	3910000	178704447.328286
3920000	176487299.586416	3920000	181197494.328427	3920000	184893526.599448	3920000	174924424.293391	3920000	188056060.678351	3920000	172121015.451167	3920000	179364567.677660
3930000	175981858.024595	3930000	180809572.746192	3930000	184503003.518455	3930000	175087144.693679	3930000	187801841.327820	3930000	171940178.178860	3930000	178629428.650403
3940000	175966008.966912	3940000	181004479.678450	3940000	184830010.091470	3940000	174690047.275790	3940000	187779910.920778	3940000	171973583.936813	3940000	178620895.923869
3950000	176188556.472033	3950000	180916628.490545	3950000	184526547.669497	3950000	174589980.811112	3950000	187694214.802485	3950000	171701506.586515	3950000	178891584.747422
3960000	176331963.540547	3960000	180706359.400543	3960000	184802696.752028	3960000	174787749.394114	3960000	187729770.227304	3960000	172224964.109336	3960000	178796494.973396
3970000	176580037.835562	3970000	180849988.965295	3970000	185068356.498552	3970000	174722844.974585	3970000	187771230.919084	3970000	172178307.039756	3970000	178793404.344554
3980000	176396621.399187	3980000	181013341.380981	3980000	184666045.287718	3980000	174695388.256205	3980000	187684484.457039	3980000	171911118.881745	3980000	178636240.407208
3990000	176312623.103242	3990000	181017547.060371	3990000	184804375.794020	3990000	174776984.618613	3990000	187779284.113298	3990000	172130584.844590	3990000	178670271.610175
4000000	176400415.639431	4000000	181219283.753125	4000000	184718587.446495	4000000	174694869.208917	4000000	187564457.086602	4000000	172140456.839932	4000000	178689432.967508
4010000	176263616.339860	4010000	181167576.873060	4010000	184507605.373439	4010000	175047432.698335	4010000	187632851.741771	4010000	171755466.842747	4010000	179087533.312892
4020000	176203262.038503	4020000	180880237.529625	4020000	184689618.591237	4020000	174381779.163666	4020000	187910348.299017	4020000	172002693.304767	4020000	178307478.921261
4030000	176556525.111027	4030000	180996608.645834	4030000	184829136.929998	4030000	175186574.323397	4030000	187700983.735124	4030000	171980503.828299	4030000	178598065.432362
4040000	176549169.151179	4040000	180992360.659593	4040000	184733439.671455	4040000	174974305.329302	4040000	187464672.256106	4040000	172125426.851588	4040000	178768517.059061
4050000	176281313.081201	4050000	180983780.470864	4050000	184754619.988248	4050000	175107381.510742	4050000	187893749.008148	4050000	171840287.144761	4050000	178652501.907166
4060000	175935088.574335	4060000	180693354.016817	4060000	184699617.340711	4060000	174891357.104974	4060000	187818788.766424	4060000	171945314.601127	4060000	178651163.571095
4070000	176207179.471607	4070000	180772805.909357	4070000	184538885.526949	4070000	174880558.938077	4070000	187528891.251769	4070000	171812690.140360	4070000	178607516.685277
4080000	176431046.209680	4080000	181173737.020719	4080000	184691171.427875	4080000	174923874.480921	4080000	187933197.951591	4080000	172112648.908715	4080000	178795183.729936
4090000	176612684.056462	4090000	181042618.302012	4090000	185120812.001776	4090000	175099107.604040	4090000	187498495.389475	4090000	172268680.852857	4090000	179033392.023680
4100000	176260801.255805	4100000	180903622.710039	4100000	184616952.241370	4100000	174999143.111266	4100000	187890979.098109	4100000	172066249.857170	4100000	178882532.269903
4110000	176559789.726510	4110000	181202418.012675	4110000	184749785.148427	4110000	174701990.880612	4110000	187690250.175621	4110000	172066630.364910	4110000	178978720.194684
4120000	176346212.260640	4120000	180734084.111107	4120000	184560646.486412	4120000	174979671.985513	4120000	187755348.969489	4120000	172049735.412644	4120000	178870949.761638
4130000	176572137.422375	4130000	180635177.415652	4130000	184842709.142963	4130000	174779978.316099	4130000	187695563.642327	4130000	171688552.089543	4130000	179001926.492471
4140000	176440660.540836	4140000	181169393.813237	4140000	184781054.226958	4140000	174774859.275194	4140000	187936307.272891	4140000	171835362.107944	4140000	178870485.015015
4150000	176193176.015473	4150000	181162046.245890	4150000	184627238.885660	4150000	174457871.698527	4150000	187586048.806362	4150000	172101812.259856	4150000	178630602.044159
4160000	176082852.347077	4160000	180377361.461612	4160000	184481738.038479	4160000	174820075.674668	4160000	187754938.497551	4160000	172403334.131026	4160000	178870599.237951
4170000	176204233.055980	4170000	181018508.285658	4170000	184618927.297291	4170000	175153319.911175	4170000	187503653.062166	4170000	172202864.294912	4170000	178617591.189364
4180000	176407334.087308	4180000	180843905.789771	4180000	184707145.300451	4180000	175001889.062481	4180000	187875644.415221	4180000	171723770.842432	4180000	178933666.223275
4190000	176167874.589381	4190000	180995942.458492	4190000	184663204.545103	4190000	174802219.551680	4190000	187747587.514055	4190000	171905131.089398	4190000	178882483.736261
4200000	176173140.699445	4200000	181255213.137924	4200000	184599972.366734	4200000	174751081.610580	4200000	187615309.481177	4200000	171831764.450507	4200000	178780931.203608
4210000	176626587.593597	4210000	180693756.978704	4210000	184531167.946102	4210000	175104050.922486	4210000	187764285.696699	4210000	171786594.662855	4210000	178716186.559742
4220000	176261311.892896	4220000	181047829.964060	4220000	184762620.115202	4220000	174542612.949567	4220000	187790440.317849	4220000	172186408.852989	4220000	178908776.069160
4230000	176677676.218867	4230000	180989235.106758	4230000	184436798.839430	4230000	174641130.910743	4230000	187760138.244284	4230000	171921029.294668	4230000	178990383.848546
4240000	176211513.560644	4240000	181077966.707503	4240000	184735541.706860	4240000	175092725.687625	4240000	187877701.726864	4240000	172029012.130157	4240000	178797917.180603
4250000	176390973.732612	4250000	180837253.929704	4250000	184793355.932134	4250000	174891919.621335	4250000	187761137.096605	4250000	172176516.856883	4250000	178805626.818888
4260000	176401813.644203	4260000	181168775.689903	4260000	184627711.124724	4260000	174864449.760522	4260000	187986063.556072	4260000	172260650.733699	4260000	178955660.348277
4270000	176624706.139265	4270000	180997626.434495	4270000	184912513.603109	4270000	174828999.479859	4270000	187767022.527012	4270000	172093356.946739	4270000	178560123.961602
4280000	176522685.240773	4280000	181213300.170485	4280000	184746959.466296	4280000	174871320.297559	4280000	187390761.268144	4280000	172017276.790895	4280000	178765890.814445
4290000	176263916.721982	4290000	180712718.648345	4290000	184797002.294793	4290000	174637965.242392	4290000	187672816.715625	4290000	171847054.261318	4290000	178478881.392543
4300000	176373186.690174	4300000	180940572.322511	4300000	184907060.678405	4300000	174890574.637805	4300000	187875769.469058	4300000	172206423.091341	4300000	178591748.598146
4310000	176187935.184435	4310000	181210267.348438	4310000	184732685.187656	4310000	174799274.509764	4310000	187755453.344914	4310000	171922560.031423	4310000	179010573.730338
4320000	176214081.192080	4320000	180745630.672676	4320000	184773563.675730	4320000	174952613.093067	4320000	187919532.684542	4320000	171948575.303881	4320000	178681241.957511
4330000	176338237.034606	4330000	180923408.232562	4330000	184622437.000930	4330000	174551894.213998	4330000	187802063.678509	4330000	172134777.575034	4330000	178896390.827651
4340000	176514502.027043	4340000	181048991.673111	4340000	184749061.714827	4340000	174861530.281032	4340000	187714434.157243	4340000	172196139.629445	4340000	178969500.606554
4350000	176678156.337972	4350000	180941943.235702	4350000	184648934.126168	4350000	174986165.012917	4350000	187727215.645758	4350000	172247628.161556	4350000	178630367.516169
4360000	176177197.122218	4360000	180934048.869432	4360000	184932015.468114	4360000	174889318.348698	4360000	187972163.199791	4360000	171550858.530477	4360000	179033637.127294
4370000	176611351.791490	4370000	180978405.149218	4370000	184744638.089676	4370000	174842912.615005	4370000	187837938.437047	4370000	172354333.013633	4370000	179264885.992774
4380000	176098993.946819	4380000	180901452.794252	4380000	184667581.347324	4380000	174857064.716360	4380000	187988355.184269	4380000	172228633.967556	4380000	178971906.541184
4390000	176421841.342043	4390000	181126599.573322	4390000	184704796.442712	4390000	174745505.829074	4390000	187996282.834661	4390000	171915590.006795	4390000	178786835.859464
4400000	176120331.783589	4400000	181034698.963124	4400000	184743562.665542	4400000	174635984.721978	4400000	187749966.631108	4400000	172213928.778856	4400000	179008196.721748
4410000	176055784.011876	4410000	180872708.747465	4410000	184685222.174267	4410000	174817251.200131	4410000	187617687.045528	4410000	171846401.871359	4410000	178874350.374392
4420000	176401185.205679	4420000	181234967.437285	4420000	184741084.546814	4420000	174920000.687265	4420000	187554074.877279	4420000	171661443.379655	4420000	179014002.566203
4430000	176386074.703355	4430000	180755744.471034	4430000	184377743.473403	4430000	174884012.342952	4430000	187753635.522186	4430000	171911017.294055	4430000	178432580.992097
4440000	176378642.540566	4440000	180901891.549916	4440000	184872584.709370	4440000	174921799.958499	4440000	187899546.314466	4440000	171920927.332847	4440000	178725034.637578
4450000	176393982.798832	4450000	181099174.943929	4450000	184528720.497122	4450000	174839250.113391	4450000	187301838.170558	4450000	171781506.760992	4450000	179025197.921713
4460000	176469871.540163	4460000	181159036.760550	4460000	184672226.231813	4460000	174614987.570228	4460000	187943514.709823	4460000	172169231.644320	4460000	178835285.465756
4470000	176349302.055054	4470000	180408156.066118	4470000	184603028.282473	4470000	174772082.050599	4470000	187478229.687444	4470000	172114232.323817	4470000	178817158.137897
4480000	176548459.667557	4480000	180982203.580506	4480000	184809025.858994	4480000	174805620.799181	4480000	187753478.192379	4480000	172406932.839330	4480000	178679045.596495
4490000	176556085.500697	4490000	180954043.086471	4490000	184751748.821882	4490000	174803268.569929	4490000	187767352.496722	4490000	172176881.786783	4490000	178775811.452561
4500000	176208983.673691	4500000	180886343.027245	4500000	184916339.670208	4500000	174997889.484039	4500000	187771009.401124	4500000	171834098.127453	4500000	178781704.485775
4510000	176320505.412820	4510000	181109186.843373	4510000	184636409.554728	4510000	174892421.052343	4510000	187907483.697226	4510000	172587475.774354	4510000	179010336.301680
4520000	176464056.939681	4520000	181039366.012138	4520000	184684871.162577	4520000	174999711.865338	4520000	187688871.558535	4520000	172093521.170734	4520000	178704606.790967
4530000	176256141.577049	4530000	181110748.156728	4530000	184532210.887036	4530000	174488473.362201	4530000	187941828.529521	4530000	171925724.900574	4530000	178734805.045260
4540000	176452198.888960	4540000	180966547.028651	4540000	185049563.251835	4540000	174720712.954876	4540000	187941223.832210	4540000	172117191.785077	4540000	178625910.837175
4550000	176435847.336052	4550000	180516400.123767	4550000	184605543.263837	4550000	174871329.591819	4550000	187563259.429608	4550000	172008517.899894	4550000	178631193.365367
4560000	176313557.537250	4560000	180844088.160778	4560000	184717534.088488	4560000	174870011.030380	4560000	187765378.766809	4560000	171820133.081817	4560000	179084283.007671
4570000	176376437.984224	4570000	181169067.933172	4570000	184596318.082637	4570000	174834140.922432	4570000	187955400.470867	4570000	172104369.522358	4570000	178774770.467297
4580000	175932200.252888	4580000	181152164.548051	4580000	184574524.578572	4580000	174975012.763801	4580000	187631496.111112	4580000	171959405.597108	4580000	178715102.931044
4590000	176304232.025701	4590000	180991664.626899	4590000	184619769.402671	4590000	174792193.535984	4590000	187682732.777230	4590000	172002832.449244	4590000	178684712.368884
4600000	176555526.262665	4600000	181111001.671729	4600000	184668229.358948	4600000	174933920.541465	4600000	187432446.961404	4600000	172226412.284028	4600000	179008577.543406
4610000	176342110.453796	4610000	180886384.918749	4610000	184326737.763273	4610000	175057089.420865	4610000	187733567.246647	4610000	172324367.873692	4610000	178548259.108520
4620000	176256011.928853	4620000	181070945.837201	4620000	184663462.728361	4620000	174919590.922633	4620000	187500712.968131	4620000	171962072.360595	4620000	178713821.325351
4630000	176229609.572565	4630000	181150897.553969	4630000	184375395.783567	4630000	174787679.944585	4630000	187649299.207188	4630000	172026159.758144	4630000	178693958.887867
4640000	176101750.774249	4640000	181024105.615839	4640000	184602361.578524	4640000	174626194.667113	4640000	187815196.191877	4640000	172213898.159557	4640000	178951336.210902
4650000	176268264.738215	4650000	181298821.086700	4650000	184653277.272274	4650000	174751280.152835	4650000	188034188.491066	4650000	172156159.712286	4650000	178922106.253819
4660000	176327078.590287	4660000	180848873.521398	4660000	184779861.560605	4660000	174738687.903517	4660000	188005546.365405	4660000	171871906.403698	4660000	178633264.619746
4670000	176246190.789822	4670000	180961721.487640	4670000	184953468.030824	4670000	174932041.150660	4670000	187646061.166697	4670000	172025464.195499	4670000	178745963.860171
4680000	176360092.067916	4680000	181131261.543133	4680000	184808981.990394	4680000	174907951.817266	4680000	187984998.761153	4680000	171898202.600201	4680000	179182141.681142
4690000	176149168.627326	4690000	181310067.952246	4690000	184795874.081222	4690000	174878090.783711	4690000	187515188.164511	4690000	171951737.626198	4690000	178788394.069957
4700000	176165807.141000	4700000	180978099.243658	4700000	184693966.889036	4700000	174948039.072870	4700000	187734584.209969	4700000	171938195.611912	4700000	178939112.809744
4710000	176255647.306564	4710000	180828781.184347	4710000	184816616.160990	4710000	174982313.352225	4710000	187769149.708868	4710000	171943894.332329	4710000	178833498.293925
4720000	176184065.052583	4720000	181019064.554434	4720000	184601502.524099	4720000	175019744.030905	4720000	187838840.098576	4720000	171905289.517642	4720000	179065764.701421
4730000	176609479.104365	4730000	181146601.331483	4730000	184674179.293758	4730000	175016365.083269	4730000	187832935.902653	4730000	172207996.842056	4730000	178772587.595611
4740000	176063348.804600	4740000	181112373.707389	4740000	184499436.307387	4740000	174807193.808073	4740000	187609050.843735	4740000	172071604.848033	4740000	178739194.483030
4750000	176387970.645938	4750000	180813766.286833	4750000	184958761.128447	4750000	174958200.387066	4750000	187583681.465027	4750000	172263502.909917	4750000	179021136.714045
4760000	176395474.004029	4760000	181376611.676477	4760000	184661859.440080	4760000	174960269.488672	4760000	187799556.529385	4760000	171660476.990622	4760000	178619171.082899
4770000	176369846.104838	4770000	180701365.897135	4770000	184390006.100508	4770000	174557353.806750	4770000	187714295.962169	4770000	172025911.295643	4770000	178364182.654060
4780000	176398903.047244	4780000	181177171.524033	4780000	185005610.977361	4780000	174697734.734597	4780000	187530683.445892	4780000	172180096.503356	4780000	178924461.881963
4790000	176358865.679997	4790000	180991581.080854	4790000	184557874.031540	4790000	174912783.978927	4790000	187784315.369206	4790000	172371543.614136	4790000	178845898.474817
4800000	176184495.049303	4800000	181050184.254285	4800000	184677297.267915	4800000	174897809.801287	4800000	187733330.582381	4800000	171936415.605559	4800000	178805003.982703
4810000	176560112.824398	4810000	180897043.314557	4810000	184686112.420589	4810000	174874113.025047	4810000	187961632.880911	4810000	172058455.590413	4810000	178817948.476435
4820000	176297739.047233	4820000	180990011.556538	4820000	184663084.684251	4820000	174557101.762296	4820000	187878911.744886	4820000	171810366.749305	4820000	178827477.581156
4830000	176629512.142893	4830000	180919129.950883	4830000	184793471.926757	4830000	174846873.182011	4830000	187635556.569072	4830000	171874207.096300	4830000	178699565.789071
4840000	176248182.699735	4840000	181204623.177886	4840000	184617389.704192	4840000	174967659.943183	4840000	187478273.297523	4840000	172001951.500855	4840000	178735571.336480
4850000	176241528.952216	4850000	181045663.838816	4850000	184860501.413059	4850000	175051333.699169	4850000	187497753.646071	4850000	171424665.099603	4850000	178927442.735390
4860000	176360065.658089	4860000	181040860.511377	4860000	184808933.294010	4860000	174794743.285976	4860000	187702529.623340	4860000	171871975.138521	4860000	178824015.599311
4870000	176557187.524947	4870000	180777157.306508	4870000	184900451.098279	4870000	174821911.643568	4870000	187785500.150476	4870000	171754277.014563	4870000	178617441.940082
4880000	176326976.192774	4880000	181070043.446011	4880000	185077415.737363	4880000	174785498.216184	4880000	187765390.634327	4880000	172262249.008047	4880000	178655385.646374
4890000	176257468.554505	4890000	181046994.456168	4890000	184626709.596601	4890000	174550079.649692	4890000	187945272.771417	4890000	172178832.397495	4890000	178986947.777019
4900000	176448503.570419	4900000	181123817.627219	4900000	184850471.479974	4900000	174917200.467110	4900000	187845938.160650	4900000	171784217.552941	4900000	178717589.588693
4910000	176313805.832090	4910000	180803508.922989	4910000	184844810.453361	4910000	174740915.064710	4910000	187836704.303178	4910000	172095323.198647	4910000	179061300.954309
4920000	176303614.338881	4920000	181080479.059307	4920000	184473049.609034	4920000	174541513.241735	4920000	187721085.397919	4920000	172024804.177650	4920000	178912071.330380
4930000	176355026.828073	4930000	180868237.019792	4930000	184855061.418118	4930000	174876903.207402	4930000	187818289.762008	4930000	172086159.353008	4930000	179075471.742062
4940000	176305966.158403	4940000	181336832.906848	4940000	184939439.745126	4940000	174710724.689254	4940000	187831394.569315	4940000	172032274.772462	4940000	178906742.382016
4950000	176445973.786262	4950000	180903611.189992	4950000	184723568.278415	4950000	174529998.853341	4950000	187695655.436494	4950000	171937398.346831	4950000	178956649.571760
4960000	176144606.510924	4960000	181035783.583147	4960000	184765533.384172	4960000	174730319.410551	4960000	187604223.334559	4960000	172060396.638826	4960000	178904288.134147
4970000	176161367.064054	4970000	180945104.610490	4970000	184807345.035451	4970000	174640621.793596	4970000	187986891.212017	4970000	171867106.540294	4970000	178957833.781421
4980000	176192787.350599	4980000	180681229.982278	4980000	184790579.790175	4980000	174772644.468893	4980000	187972624.600286	4980000	172233977.880230	4980000	178663696.451255
4990000	176279989.200142	4990000	181225194.176708	4990000	184912234.710248	4990000	174946661.254975	4990000	187529584.334452	4990000	172274781.231630	4990000	178663243.248730
5000000	176443003.617249	5000000	181049729.366083	5000000	184844756.443949	5000000	174690651.637992	5000000	188025011.728008	5000000	172085442.023416	5000000	178922043.377490
