#time	SIM_10/	SIM_15/	SIM_20/	SIM_5/
0.60	146.10	146.10	146.10	146.10
1.20	146.10	146.10	146.10	146.10
1.80	133.90	144.70	137.60	150.50
2.40	139.50	144.20	143.50	151.70
3.00	133.50	143.10	149.40	146.30
3.60	126.10	145.90	143.60	138.10
4.20	123.10	136.30	142.70	128.20
4.80	122.30	135.50	142.80	128.90
5.40	105.40	130.00	145.00	119.80
6.00	134.70	132.80	143.40	107.40
6.60	141.90	141.00	140.30	104.00
7.20	139.00	136.50	130.90	95.70
7.80	132.20	132.00	135.40	94.20
8.40	140.50	125.70	130.00	92.60
9.00	134.70	118.50	136.20	86.50
9.60	122.90	123.50	139.70	88.90
10.20	125.80	133.60	136.30	93.00
10.80	117.60	130.70	136.50	72.50
11.40	123.60	134.00	129.20	63.90
12.00	119.80	121.90	131.00	69.90
12.60	119.90	136.00	123.40	81.70
13.20	124.20	140.50	127.10	67.90
13.80	129.10	133.80	128.00	64.30
14.40	127.30	129.30	131.00	67.80
15.00	128.80	130.30	135.80	47.60
15.60	127.00	136.30	131.80	43.70
16.20	123.40	132.80	127.50	54.40
16.80	114.20	131.00	136.50	54.40
17.40	124.50	135.20	141.00	63.30
18.00	114.30	130.60	127.50	73.30
18.60	123.90	126.50	118.50	91.00
19.20	122.60	125.20	125.00	83.40
19.80	124.10	112.50	124.00	81.00
20.40	126.10	116.80	130.50	96.70
21.00	118.20	111.80	125.50	89.50
21.60	132.00	127.10	114.70	100.10
22.20	127.80	127.40	124.00	99.20
22.80	132.50	122.80	114.40	90.40
23.40	130.80	106.60	127.10	96.00
24.00	133.10	114.40	127.20	85.20
24.60	130.90	102.50	134.10	76.50
25.20	124.00	114.50	132.00	69.60
25.80	111.10	124.90	119.20	90.90
26.40	114.90	118.10	122.50	88.70
27.00	115.80	114.70	130.20	83.30
27.60	105.50	114.80	129.40	85.80
28.20	103.90	117.20	124.80	73.50
28.80	108.30	116.20	126.40	78.80
29.40	111.60	120.80	136.10	86.00
30.00	106.10	127.20	132.40	89.30
30.60	110.60	122.70	128.20	80.00
31.20	103.10	121.80	128.60	75.90
31.80	107.10	117.40	126.80	81.80
32.40	111.10	123.10	123.60	80.40
33.00	110.90	120.40	134.90	83.20
33.60	108.80	107.20	129.90	90.90
34.20	100.70	114.90	129.00	85.70
34.80	106.30	121.50	138.80	82.30
35.40	118.70	132.60	135.70	76.00
36.00	120.20	128.50	125.80	75.60
36.60	109.30	120.90	136.80	84.30
37.20	91.30	128.30	140.60	76.80
37.80	99.20	127.70	141.50	94.80
38.40	97.50	129.50	138.80	91.70
39.00	94.00	133.60	137.90	83.30
39.60	91.80	130.00	136.50	89.70
40.20	92.40	125.20	136.40	87.50
40.80	91.90	135.10	134.50	82.60
41.40	92.90	126.90	123.50	93.00
42.00	107.00	126.50	121.10	92.90
42.60	110.60	137.50	118.40	75.80
43.20	108.40	147.80	115.10	75.00
43.80	102.20	134.00	115.20	72.40
44.40	102.70	134.60	116.90	68.50
45.00	101.60	141.00	103.70	79.90
45.60	103.90	137.90	121.20	73.00
46.20	96.10	137.00	118.00	74.10
46.80	98.30	138.20	112.80	64.40
47.40	102.60	139.20	127.50	64.00
48.00	90.20	149.50	118.20	78.10
48.60	97.60	128.60	120.20	61.30
49.20	97.00	124.70	121.60	70.30
49.80	95.80	122.30	113.60	54.20
50.40	99.20	123.40	111.00	49.50
51.00	101.50	120.80	117.70	48.20
51.60	90.80	117.90	114.90	53.10
52.20	97.30	123.20	120.30	47.60
52.80	94.70	135.80	126.40	54.00
53.40	101.60	136.80	118.60	55.70
54.00	97.90	138.40	114.20	51.20
54.60	93.40	131.00	113.10	55.70
55.20	89.40	147.20	108.00	52.90
55.80	96.70	144.90	111.40	63.90
56.40	95.80	152.60	120.60	55.90
57.00	94.00	148.90	111.50	55.70
57.60	100.40	153.20	116.80	57.30
58.20	105.10	143.10	114.20	57.10
58.80	111.50	138.30	117.70	54.30
59.40	107.90	147.10	127.60	64.60
60.00	104.10	145.00	128.30	58.20
60.60	99.70	143.30	119.20	49.70
61.20	90.90	141.70	115.90	67.50
61.80	115.20	149.20	111.80	56.50
62.40	99.70	135.40	110.10	63.70
63.00	104.60	134.80	111.60	56.60
63.60	94.50	131.90	114.70	60.90
64.20	94.40	139.40	113.00	64.20
64.80	89.60	138.10	116.90	53.90
65.40	96.50	142.90	129.90	53.90
66.00	85.70	142.90	130.70	58.10
66.60	87.20	138.10	131.80	53.40
67.20	88.90	128.10	130.20	41.80
67.80	86.60	114.10	122.50	43.60
68.40	80.10	119.30	126.80	41.00
69.00	89.40	127.70	129.90	46.10
69.60	90.60	121.60	134.30	45.10
70.20	97.20	120.50	126.40	36.20
70.80	97.50	123.40	120.30	50.10
71.40	97.60	134.10	133.10	47.70
72.00	86.80	132.00	124.20	41.70
72.60	101.00	131.70	130.10	47.40
73.20	97.70	136.70	129.20	48.60
73.80	83.90	129.80	134.90	37.20
74.40	92.20	141.40	139.20	48.10
75.00	85.30	147.80	130.00	42.30
75.60	86.80	139.50	124.00	41.40
76.20	89.60	131.60	135.40	46.80
76.80	84.30	132.90	135.10	49.30
77.40	81.70	129.80	125.80	41.50
78.00	74.50	138.50	127.40	50.60
78.60	78.70	141.50	134.30	51.30
79.20	82.50	146.70	136.50	56.90
79.80	71.60	133.70	133.30	53.90
80.40	75.00	134.20	139.50	55.90
81.00	66.60	132.40	134.60	47.10
81.60	81.80	121.30	134.00	53.80
82.20	66.50	122.70	130.30	29.90
82.80	55.70	117.30	122.60	35.90
83.40	69.40	105.30	120.00	37.90
84.00	77.90	101.30	121.40	35.00
84.60	79.10	108.90	138.70	35.60
85.20	85.70	106.30	134.40	37.40
85.80	80.30	115.10	116.30	38.70
86.40	74.70	115.10	123.70	35.50
87.00	76.90	129.00	127.30	31.80
87.60	77.80	134.10	131.00	32.70
88.20	73.40	141.00	120.30	38.20
88.80	78.20	142.50	120.50	43.50
89.40	64.50	146.00	125.70	45.60
90.00	67.90	141.00	134.00	45.60
90.60	69.80	144.40	128.60	45.70
91.20	71.70	152.40	126.30	50.50
91.80	60.10	140.80	129.90	48.50
92.40	54.30	137.20	132.70	66.90
93.00	49.60	142.40	130.00	44.10
93.60	61.40	136.50	133.10	51.30
94.20	66.30	140.70	131.70	40.30
94.80	64.00	135.60	134.40	33.60
95.40	56.60	134.30	136.00	29.10
96.00	62.70	131.60	147.40	37.40
96.60	68.90	130.20	139.50	47.40
97.20	70.30	130.00	137.00	55.00
97.80	68.20	127.20	134.20	55.10
98.40	67.50	137.80	132.00	55.00
99.00	76.00	136.10	140.40	55.60
99.60	94.20	137.30	129.20	49.50
100.20	89.90	137.90	128.30	58.50
100.80	78.20	132.80	136.70	49.00
101.40	79.50	138.10	140.10	59.90
102.00	83.50	122.10	140.10	69.10
102.60	80.70	132.30	149.00	66.90
103.20	80.70	124.00	142.00	59.60
103.80	79.20	119.60	147.10	54.00
104.40	85.40	124.70	143.50	76.10
105.00	87.80	128.20	140.30	68.80
105.60	93.90	124.00	137.80	61.50
106.20	98.10	126.60	135.80	38.70
106.80	98.60	130.80	144.10	37.20
107.40	89.90	129.10	141.50	43.90
108.00	87.40	138.80	139.50	36.10
108.60	86.30	135.10	142.20	31.40
109.20	84.80	139.00	144.40	43.50
109.80	85.90	139.30	141.00	57.50
110.40	78.10	139.20	137.30	62.30
111.00	65.80	137.90	125.90	62.40
111.60	54.30	130.50	137.80	62.60
112.20	54.00	143.20	141.70	66.90
112.80	54.40	140.40	138.30	54.90
113.40	50.20	134.20	146.70	58.20
114.00	50.00	140.40	141.30	73.60
114.60	53.80	132.50	151.20	76.00
115.20	53.80	141.00	138.50	79.20
115.80	56.80	137.70	140.40	69.30
116.40	51.90	143.10	127.90	78.90
117.00	56.50	151.10	130.30	80.20
117.60	63.30	139.70	133.10	71.30
118.20	55.10	141.30	124.90	70.50
118.80	45.70	140.40	132.50	64.80
119.40	49.10	138.50	140.20	68.60
120.00	58.10	141.70	148.00	51.10
120.60	57.10	150.90	151.30	57.70
121.20	62.20	142.50	159.60	52.20
121.80	57.00	146.50	154.70	47.90
122.40	55.50	130.70	159.90	44.70
123.00	56.00	134.20	150.70	37.70
123.60	70.20	143.00	136.70	46.50
124.20	74.00	145.40	143.20	42.70
124.80	67.90	140.20	139.90	38.30
125.40	76.60	131.00	132.20	48.30
126.00	73.50	139.10	138.50	58.60
126.60	73.10	137.60	133.90	48.80
127.20	76.40	135.50	140.80	55.30
127.80	71.00	131.60	137.20	55.30
128.40	71.50	138.10	138.50	56.80
129.00	72.70	135.10	144.60	47.00
129.60	73.70	134.00	133.30	49.50
130.20	70.90	132.90	126.00	41.60
130.80	74.10	127.70	126.30	33.40
131.40	65.40	121.40	135.00	37.60
132.00	70.90	128.70	121.60	31.60
132.60	72.60	134.30	130.90	32.80
133.20	79.90	131.40	127.10	27.00
133.80	67.00	135.00	121.20	41.00
134.40	85.50	134.10	121.40	38.10
135.00	84.20	134.80	111.20	42.30
135.60	70.20	128.60	125.40	48.50
136.20	78.80	128.90	123.90	44.00
136.80	71.70	130.60	115.50	45.40
137.40	80.50	112.50	110.70	34.40
138.00	80.40	122.60	111.70	50.40
138.60	89.20	112.20	118.80	58.90
139.20	84.30	117.10	129.60	67.90
139.80	79.00	119.20	127.70	54.70
140.40	83.70	131.70	121.00	56.20
141.00	78.80	138.70	124.30	58.00
141.60	68.40	132.60	125.60	46.60
142.20	55.20	136.30	124.80	53.90
142.80	55.60	137.10	125.60	56.60
143.40	59.00	136.50	113.80	56.00
144.00	64.40	142.50	117.00	51.90
144.60	58.80	150.70	116.40	43.90
145.20	50.50	148.10	109.00	51.60
145.80	51.20	151.30	122.90	62.60
146.40	52.90	148.30	120.20	54.10
147.00	54.20	133.60	110.50	47.60
147.60	57.30	141.40	116.90	64.70
148.20	55.50	141.10	127.40	64.30
148.80	59.70	139.10	116.20	59.00
149.40	63.10	140.40	122.40	51.90
150.00	64.30	139.60	120.00	58.80
150.60	60.20	136.60	108.80	56.10
151.20	62.50	134.70	119.30	49.90
151.80	66.50	137.80	111.80	36.00
152.40	59.10	136.20	118.60	45.90
153.00	75.60	133.60	118.90	52.70
153.60	78.50	138.90	125.10	53.10
154.20	79.90	136.40	123.70	49.80
154.80	70.80	139.00	131.50	55.70
155.40	56.20	135.40	141.20	55.10
156.00	71.10	135.30	141.90	43.60
156.60	67.90	130.00	143.90	57.10
157.20	68.90	126.80	137.70	58.60
157.80	72.90	133.60	140.70	61.40
158.40	68.00	125.70	135.40	55.40
159.00	69.00	133.30	132.80	61.30
159.60	70.80	146.50	143.40	46.80
160.20	67.70	138.20	135.70	47.30
160.80	67.60	130.50	130.70	45.30
161.40	67.30	138.30	117.90	43.40
162.00	71.20	131.40	126.60	26.90
162.60	60.40	132.00	124.00	32.10
163.20	60.00	132.70	132.40	42.70
163.80	76.40	123.60	130.80	48.20
164.40	73.20	120.60	135.20	47.80
165.00	76.10	130.50	130.90	45.20
165.60	75.90	123.40	131.60	47.30
166.20	70.40	128.20	137.20	47.50
166.80	63.20	122.60	129.70	52.50
167.40	68.20	143.90	128.10	62.40
168.00	74.20	134.70	129.80	63.10
168.60	81.40	131.40	118.90	67.70
169.20	79.00	139.80	125.80	68.90
169.80	76.80	139.00	121.30	66.30
170.40	79.10	132.20	126.60	58.40
171.00	72.40	142.50	131.00	57.20
171.60	60.50	144.80	130.00	50.60
172.20	60.10	134.50	129.20	58.10
172.80	63.70	137.90	123.20	50.20
173.40	54.60	139.80	129.50	45.40
174.00	61.10	136.30	135.00	43.40
174.60	64.50	133.90	137.20	47.20
175.20	61.50	135.10	139.50	45.50
175.80	56.70	136.90	133.00	39.70
176.40	63.40	138.00	128.30	43.60
177.00	60.20	136.50	137.20	32.70
177.60	62.50	145.30	131.00	23.60
178.20	57.30	147.60	146.30	27.60
178.80	58.40	138.20	141.30	29.40
179.40	62.90	150.50	139.40	23.90
180.00	45.40	151.30	135.10	23.30
180.60	60.80	155.30	130.00	27.30
181.20	60.40	144.00	138.70	29.20
181.80	53.80	145.10	144.80	34.10
182.40	56.60	142.70	142.40	35.70
183.00	53.80	142.80	135.00	37.60
183.60	45.50	133.40	138.00	30.00
184.20	59.20	134.60	127.60	27.10
184.80	51.90	142.20	129.80	29.00
185.40	62.40	130.30	135.40	23.10
186.00	58.40	144.80	135.90	35.80
186.60	45.50	146.40	133.80	24.20
187.20	62.10	146.80	133.90	34.50
187.80	66.60	144.00	130.50	36.00
188.40	59.60	141.40	128.30	30.00
189.00	51.70	141.50	133.50	35.90
189.60	53.60	141.90	136.20	34.00
190.20	60.50	147.60	133.80	35.20
190.80	57.30	129.50	131.60	37.00
191.40	49.60	139.50	128.50	42.20
192.00	39.80	134.70	131.70	41.90
192.60	59.40	140.50	128.80	47.00
193.20	42.20	140.60	129.90	41.00
193.80	44.20	136.70	120.90	43.50
194.40	44.90	127.40	125.80	42.20
195.00	36.80	139.80	124.60	52.30
195.60	42.90	139.20	134.00	47.00
196.20	51.10	139.50	130.90	54.00
196.80	51.00	125.20	125.00	48.10
197.40	60.80	123.50	128.50	46.80
198.00	68.00	144.90	128.20	43.80
198.60	76.40	146.50	124.80	46.80
199.20	67.70	151.10	132.30	45.60
199.80	67.60	150.60	123.00	40.90
200.40	62.90	143.90	126.70	40.90
201.00	53.60	144.00	134.10	42.20
201.60	57.20	136.20	133.60	27.50
202.20	65.80	137.70	130.70	37.90
202.80	66.70	137.10	131.60	40.30
203.40	60.40	124.90	130.60	52.90
204.00	62.50	134.60	132.00	55.10
204.60	61.20	143.70	128.20	50.20
205.20	67.10	143.50	133.30	44.00
205.80	68.90	139.80	131.80	38.30
206.40	57.90	130.90	136.10	18.60
207.00	65.50	140.40	141.70	33.80
207.60	68.10	133.50	138.50	37.50
208.20	74.00	143.10	124.00	46.20
208.80	61.40	138.20	136.70	45.90
209.40	65.00	139.40	132.00	27.40
210.00	66.70	140.80	135.20	35.50
210.60	69.20	140.20	132.30	28.10
211.20	68.70	136.60	132.70	20.00
211.80	66.70	137.60	133.80	27.80
212.40	71.50	140.70	131.90	18.00
213.00	73.30	136.30	127.30	10.90
213.60	77.70	138.10	125.10	23.10
214.20	90.30	136.40	125.50	31.40
214.80	79.20	136.00	132.10	33.60
215.40	81.10	134.70	137.80	19.20
216.00	92.30	139.70	139.60	29.10
216.60	93.10	141.80	130.70	34.90
217.20	91.00	135.60	141.30	29.30
217.80	98.40	122.00	138.80	25.90
218.40	91.90	122.40	139.90	33.40
219.00	75.00	127.90	137.70	37.70
219.60	66.40	138.40	129.80	49.20
220.20	63.20	139.60	132.90	40.00
220.80	74.30	127.30	135.40	34.30
221.40	80.00	123.60	146.40	37.50
222.00	88.50	124.20	140.30	32.10
222.60	87.50	123.70	138.10	34.10
223.20	85.10	131.00	141.40	35.50
223.80	84.10	121.00	134.30	25.70
224.40	84.00	128.50	131.80	7.70
225.00	79.60	127.10	138.80	15.60
225.60	84.30	124.70	145.50	20.30
226.20	84.60	120.50	147.10	24.10
226.80	98.20	123.20	136.30	16.60
227.40	86.50	127.40	128.90	23.60
228.00	95.90	128.00	132.30	27.70
228.60	79.20	124.50	123.90	36.90
229.20	98.70	122.60	144.30	18.10
229.80	99.20	131.60	145.30	27.90
230.40	97.00	128.90	144.70	27.90
231.00	98.40	132.40	140.20	15.80
231.60	92.50	137.10	141.80	13.50
232.20	94.80	142.70	148.80	16.60
232.80	106.00	140.70	152.40	18.80
233.40	95.10	136.00	143.40	24.80
234.00	80.80	130.50	145.70	35.90
234.60	86.10	136.90	137.50	33.70
235.20	89.20	137.70	147.00	45.00
235.80	87.10	131.60	151.60	31.40
236.40	100.20	135.50	148.30	31.80
237.00	103.30	131.80	139.70	34.50
237.60	105.70	132.00	143.30	39.50
238.20	100.90	134.00	131.40	23.50
238.80	104.30	130.60	139.80	23.60
239.40	89.40	128.10	141.60	19.20
240.00	90.60	131.10	142.70	18.00
240.60	78.20	126.70	142.90	25.40
241.20	75.80	127.20	147.40	29.60
241.80	92.20	121.80	132.00	16.90
242.40	95.40	116.90	133.70	19.10
243.00	92.10	128.60	131.10	26.10
243.60	88.30	119.00	144.30	18.00
244.20	90.00	127.00	133.60	19.40
244.80	95.10	132.20	132.80	20.30
245.40	96.30	110.30	131.80	18.70
246.00	99.80	117.60	136.40	19.50
246.60	101.80	128.00	133.50	22.30
247.20	96.50	132.00	151.90	24.00
247.80	95.20	128.20	141.80	19.80
248.40	96.10	120.30	142.50	32.60
249.00	88.70	127.40	142.30	21.60
249.60	83.90	129.50	141.60	26.80
250.20	83.60	128.10	138.30	24.80
250.80	80.40	125.40	142.70	23.50
251.40	89.70	130.10	143.50	34.60
252.00	96.20	126.60	150.30	30.10
252.60	99.20	130.00	140.80	25.30
253.20	99.20	119.50	145.20	10.20
253.80	97.90	112.60	138.70	25.60
254.40	96.50	107.90	136.60	15.00
255.00	89.90	115.40	131.10	16.40
255.60	81.20	115.50	135.70	20.90
256.20	79.60	122.50	132.20	25.70
256.80	84.00	110.40	141.80	34.10
257.40	76.60	118.90	146.80	36.30
258.00	74.40	120.10	142.00	20.00
258.60	74.90	120.50	139.90	22.70
259.20	89.00	133.90	142.60	18.00
259.80	89.60	137.60	140.60	23.10
260.40	86.60	139.20	129.90	21.70
261.00	89.10	134.60	132.80	29.80
261.60	89.40	138.70	133.40	26.50
262.20	94.00	137.40	141.40	23.30
262.80	87.50	120.10	135.40	14.30
263.40	79.40	128.10	134.70	11.60
264.00	84.60	123.80	136.80	15.40
264.60	86.70	126.00	136.70	16.00
265.20	88.80	120.90	145.70	12.40
265.80	96.50	134.40	141.50	17.00
266.40	89.10	124.80	146.00	19.10
267.00	80.10	142.90	138.90	27.10
267.60	76.60	147.30	132.30	24.50
268.20	74.50	145.20	137.40	21.40
268.80	87.50	144.10	143.60	17.20
269.40	90.70	143.50	127.90	13.30
270.00	85.50	136.90	135.80	22.50
270.60	88.00	136.70	139.70	20.20
271.20	86.90	132.10	145.70	23.40
271.80	76.50	137.60	146.90	24.50
272.40	80.10	147.90	136.50	23.00
273.00	81.00	145.20	138.60	20.20
273.60	71.80	140.90	141.70	26.50
274.20	80.20	136.90	140.20	32.30
274.80	85.40	134.80	140.70	41.40
275.40	89.70	148.20	142.10	44.50
276.00	88.40	147.60	139.70	33.50
276.60	83.30	149.60	139.20	44.80
277.20	84.00	152.30	138.00	43.80
277.80	86.60	139.20	138.60	37.90
278.40	84.70	144.30	138.20	36.00
279.00	92.70	143.90	136.60	17.50
279.60	87.20	137.90	128.90	13.50
280.20	93.60	143.80	138.20	25.70
280.80	96.90	146.60	143.20	29.20
281.40	98.60	143.50	145.80	31.70
282.00	103.70	148.70	134.40	28.60
282.60	95.20	130.80	118.70	34.20
283.20	88.60	140.00	123.60	29.10
283.80	93.50	138.00	122.30	22.90
284.40	79.60	135.00	123.90	25.30
285.00	87.50	127.50	125.70	24.00
285.60	93.70	131.50	132.80	25.20
286.20	91.80	140.40	131.30	31.80
286.80	91.40	141.60	143.90	26.10
287.40	101.40	141.90	126.10	38.80
288.00	97.20	142.60	140.10	28.50
288.60	94.30	145.20	133.90	31.10
289.20	89.40	149.00	129.00	34.50
289.80	94.10	148.50	134.90	40.40
290.40	91.70	143.20	127.80	44.20
291.00	79.90	134.80	131.20	35.80
291.60	87.90	142.00	132.80	26.20
292.20	94.50	140.90	135.80	37.00
292.80	93.70	142.40	141.00	33.00
293.40	95.90	143.60	135.30	34.20
294.00	85.40	126.40	133.70	32.20
294.60	92.70	150.70	132.50	36.20
295.20	95.40	146.80	133.70	34.10
295.80	92.60	129.90	134.70	34.40
296.40	89.30	137.10	137.20	22.30
297.00	91.80	131.60	139.60	35.10
297.60	95.70	130.70	137.40	31.70
298.20	85.60	130.80	138.00	39.00
298.80	80.40	130.90	138.50	37.40
299.40	81.20	135.90	143.30	39.80
300.00	65.70	133.70	139.90	39.40
300.60	75.60	142.80	134.80	42.50
301.20	81.00	138.80	127.80	48.40
301.80	89.70	146.50	135.90	44.10
302.40	93.70	142.60	131.50	50.60
303.00	96.10	139.00	129.20	58.10
303.60	93.40	134.50	130.30	48.50
304.20	99.00	130.80	125.50	39.70
304.80	106.30	145.50	113.90	39.90
305.40	105.60	144.80	122.50	44.80
306.00	89.70	145.00	121.30	47.00
306.60	96.00	129.60	122.40	55.40
307.20	104.20	139.60	124.60	39.70
307.80	104.50	145.70	129.10	41.10
308.40	109.90	144.20	122.40	47.80
309.00	100.40	147.60	119.60	55.60
309.60	99.90	144.80	120.70	59.40
310.20	101.00	142.90	129.50	54.10
310.80	95.80	149.90	127.00	59.10
311.40	96.60	148.10	139.00	45.40
312.00	95.90	149.70	137.70	59.50
312.60	99.10	146.20	126.10	50.50
313.20	89.80	146.80	122.40	50.60
313.80	95.20	146.60	117.90	55.60
314.40	91.20	135.60	117.90	54.50
315.00	88.30	149.10	121.30	52.90
315.60	85.30	144.10	126.60	50.90
316.20	87.70	142.20	130.10	50.60
316.80	88.10	145.50	135.30	60.60
317.40	87.50	145.50	132.70	54.50
318.00	96.40	147.10	131.30	57.50
318.60	98.00	144.50	109.20	43.80
319.20	93.00	139.40	113.60	44.30
319.80	102.20	127.40	114.10	44.80
320.40	97.30	136.90	118.10	56.00
321.00	90.60	128.60	118.10	53.20
321.60	90.20	125.20	128.00	53.10
322.20	99.90	128.70	132.40	47.00
322.80	100.30	122.90	121.60	43.80
323.40	108.90	129.40	117.90	49.50
324.00	108.20	117.80	122.20	38.40
324.60	98.50	110.30	125.90	32.80
325.20	100.20	110.80	129.80	38.50
325.80	96.40	113.40	130.00	45.90
326.40	104.90	120.30	130.60	47.20
327.00	101.30	117.90	114.20	54.00
327.60	102.10	113.10	121.90	48.90
328.20	105.00	112.10	120.80	49.60
328.80	101.40	121.90	118.60	52.70
329.40	98.10	121.90	123.00	42.00
330.00	98.20	117.00	114.60	42.40
330.60	91.70	123.50	120.50	42.20
331.20	97.40	132.50	124.20	48.10
331.80	92.40	132.60	122.20	38.60
332.40	90.60	122.90	122.00	46.80
333.00	105.40	130.80	125.70	50.50
333.60	103.10	124.90	125.20	46.60
334.20	108.20	124.60	126.70	50.80
334.80	108.50	128.70	131.60	39.30
335.40	104.50	128.60	111.20	35.10
336.00	106.50	132.70	114.30	41.60
336.60	99.80	134.40	115.20	41.40
337.20	96.60	141.40	116.20	48.20
337.80	92.80	141.40	117.60	42.40
338.40	92.70	138.50	112.30	46.40
339.00	90.60	118.50	126.50	42.30
339.60	100.00	127.20	126.40	29.20
340.20	103.30	126.30	130.30	42.60
340.80	117.80	138.30	128.80	46.90
341.40	106.50	140.10	131.00	46.90
342.00	109.50	130.10	138.50	46.30
342.60	107.30	133.50	136.20	50.50
343.20	98.10	133.90	139.50	52.60
343.80	102.10	139.40	134.00	42.80
344.40	94.30	133.80	137.80	38.40
345.00	89.70	142.00	142.40	39.30
345.60	90.20	131.00	135.80	55.60
346.20	99.10	141.10	137.40	47.40
346.80	85.30	146.70	135.80	49.20
347.40	97.40	141.30	133.60	51.70
348.00	101.30	147.40	135.90	44.20
348.60	100.80	147.40	133.40	32.40
349.20	96.00	151.20	129.70	19.10
349.80	96.10	142.30	125.20	16.60
350.40	92.10	144.40	128.80	21.00
351.00	94.20	140.10	126.20	30.50
351.60	96.30	144.10	120.10	22.80
352.20	91.70	142.80	135.30	16.60
352.80	82.20	131.80	139.60	20.20
353.40	95.80	132.70	145.00	19.30
354.00	96.70	127.60	141.90	22.10
354.60	93.00	124.80	137.00	17.70
355.20	90.30	137.50	134.10	18.40
355.80	88.90	130.80	131.70	22.40
356.40	85.90	135.40	138.50	18.90
357.00	81.30	145.20	151.10	17.10
357.60	86.80	145.80	139.10	21.00
358.20	89.80	146.70	136.10	16.50
358.80	95.00	139.40	128.90	16.90
359.40	87.50	145.30	135.10	15.30
360.00	84.10	135.50	143.40	16.30
360.60	77.50	138.90	144.60	22.40
361.20	75.40	126.40	144.20	33.10
361.80	80.60	143.20	140.60	27.20
362.40	75.80	147.00	134.30	24.70
363.00	76.90	135.30	137.70	16.00
363.60	83.40	138.10	134.60	21.10
364.20	83.80	138.40	140.50	28.70
364.80	82.70	133.80	135.40	37.00
365.40	83.40	133.00	138.40	31.50
366.00	87.10	136.80	146.50	13.90
366.60	83.00	136.70	139.00	23.00
367.20	80.60	136.20	134.40	26.30
367.80	70.40	145.40	135.10	18.30
368.40	76.20	135.00	137.90	14.70
369.00	82.70	128.80	132.00	18.70
369.60	81.00	113.10	137.00	24.90
370.20	81.10	125.10	149.10	32.60
370.80	77.20	133.40	143.70	29.60
371.40	81.80	134.80	143.00	32.10
372.00	71.80	128.30	146.60	33.70
372.60	79.40	134.60	144.30	36.30
373.20	73.70	130.90	140.10	30.60
373.80	70.50	131.10	140.90	30.40
374.40	70.60	138.40	131.50	45.60
375.00	75.20	140.20	127.70	28.30
375.60	72.90	122.00	137.50	14.20
376.20	68.10	126.40	141.50	23.30
376.80	60.50	141.20	135.10	17.00
377.40	66.20	137.40	140.40	25.50
378.00	63.40	139.40	134.50	19.60
378.60	62.10	137.10	132.40	23.60
379.20	69.70	134.30	131.30	24.60
379.80	72.00	127.90	133.80	45.10
380.40	71.20	132.10	132.30	40.00
381.00	71.60	122.00	134.60	32.20
381.60	82.50	123.30	133.80	19.40
382.20	76.60	121.20	123.50	30.30
382.80	70.30	131.00	136.70	28.60
383.40	71.20	130.00	132.00	26.60
384.00	77.60	136.70	140.50	26.60
384.60	72.10	133.20	128.70	33.70
385.20	61.30	123.10	132.50	35.90
385.80	70.10	124.10	130.00	29.20
386.40	61.30	115.30	124.20	27.60
387.00	63.10	116.40	128.00	19.30
387.60	64.20	129.00	145.60	26.80
388.20	73.30	114.60	141.70	27.90
388.80	75.30	131.50	140.90	37.00
389.40	75.50	125.70	141.20	34.80
390.00	74.60	121.00	145.00	48.30
390.60	67.30	128.60	142.10	54.30
391.20	63.90	122.40	143.20	54.30
391.80	74.60	118.30	154.60	51.10
392.40	61.10	131.80	149.20	51.40
393.00	66.50	129.10	126.30	52.00
393.60	69.60	123.10	123.00	41.80
394.20	61.40	130.10	131.30	44.50
394.80	67.60	129.20	128.50	36.90
395.40	60.60	127.70	135.70	38.30
396.00	44.30	137.80	133.90	34.40
396.60	66.70	150.30	125.50	41.10
397.20	73.30	142.80	136.50	38.80
397.80	70.70	133.40	138.40	33.00
398.40	67.40	133.80	139.10	26.30
399.00	68.50	140.50	134.50	34.40
399.60	69.60	145.60	142.50	20.50
400.20	72.30	136.00	148.00	23.50
400.80	63.10	132.60	133.50	26.90
401.40	71.00	133.80	148.30	14.50
402.00	65.10	128.10	135.60	16.70
402.60	61.40	133.30	132.10	32.40
403.20	57.60	137.20	134.70	25.40
403.80	70.40	137.20	143.20	29.70
404.40	69.50	150.50	141.20	36.50
405.00	72.60	143.30	127.70	29.50
405.60	72.30	143.10	132.20	22.30
406.20	59.30	143.00	145.40	36.70
406.80	65.70	125.00	149.40	39.90
407.40	72.40	128.50	135.10	25.90
408.00	76.60	125.60	132.00	43.60
408.60	75.90	132.50	145.80	37.80
409.20	72.90	119.50	151.40	33.00
409.80	63.20	126.00	144.10	32.40
410.40	68.00	129.20	145.50	39.80
411.00	84.90	120.30	144.30	42.80
411.60	78.10	130.50	138.40	36.50
412.20	63.60	135.80	130.20	23.10
412.80	67.10	136.10	130.80	32.60
413.40	76.10	128.80	126.70	30.90
414.00	79.70	115.70	138.00	35.70
414.60	81.70	119.50	130.70	35.40
415.20	74.40	132.10	123.60	39.60
415.80	74.60	140.10	127.00	28.40
416.40	72.50	136.50	132.80	15.70
417.00	80.50	135.60	137.60	23.70
417.60	65.30	141.40	141.40	19.00
418.20	75.10	140.00	128.30	25.40
418.80	70.20	142.80	138.00	20.10
419.40	68.90	142.60	140.00	27.00
420.00	70.50	141.90	131.40	20.40
420.60	70.00	146.60	134.50	21.00
421.20	72.90	132.50	136.40	28.80
421.80	71.50	139.70	138.60	13.10
422.40	72.80	145.60	144.60	16.50
423.00	77.60	134.10	149.40	21.60
423.60	70.40	135.10	139.20	20.00
424.20	76.20	125.10	132.00	34.50
424.80	73.90	139.30	136.80	35.20
425.40	81.80	133.20	125.60	30.60
426.00	79.20	130.50	127.10	26.70
426.60	75.80	137.30	119.90	22.90
427.20	68.40	135.10	128.00	25.00
427.80	71.60	138.20	136.50	17.10
428.40	69.10	138.30	133.00	28.20
429.00	70.90	133.90	135.60	25.90
429.60	71.90	130.10	128.20	31.60
430.20	70.50	139.40	133.70	27.10
430.80	68.00	133.50	138.30	28.80
431.40	64.70	133.60	131.00	28.40
432.00	73.80	122.00	126.00	24.60
432.60	81.10	127.50	134.20	24.40
433.20	76.00	126.30	141.40	20.60
433.80	74.20	132.60	131.30	23.10
434.40	75.30	133.50	130.80	19.60
435.00	83.60	123.80	140.50	16.90
435.60	73.10	122.20	140.90	16.10
436.20	59.90	128.00	131.60	23.40
436.80	66.30	126.90	140.20	27.00
437.40	60.00	134.90	130.60	18.10
438.00	65.10	131.40	138.10	13.80
438.60	52.40	125.30	142.40	17.00
439.20	47.30	117.80	132.20	28.60
439.80	55.00	116.20	137.70	28.00
440.40	56.20	117.20	125.50	37.50
441.00	61.60	116.80	140.30	39.00
441.60	69.50	118.70	142.20	27.40
442.20	71.10	98.90	139.80	21.00
442.80	72.10	93.70	139.40	27.50
443.40	68.90	99.30	139.00	30.50
444.00	66.40	98.40	139.30	29.20
444.60	71.40	106.00	145.40	21.20
445.20	82.70	107.30	147.80	13.90
445.80	80.90	106.20	149.20	16.10
446.40	79.90	93.80	143.20	14.80
447.00	74.70	73.70	138.80	14.90
447.60	65.50	86.80	134.90	14.70
448.20	58.10	99.20	133.40	34.00
448.80	61.20	108.30	139.80	33.40
449.40	58.00	116.10	150.70	32.40
450.00	70.00	113.60	144.20	29.70
450.60	66.20	111.80	130.30	29.10
451.20	70.40	99.60	133.10	40.70
451.80	64.80	91.50	135.00	34.50
452.40	67.30	115.40	138.60	36.30
453.00	66.70	101.30	151.00	40.20
453.60	67.40	95.50	148.20	34.70
454.20	61.20	113.90	149.80	35.50
454.80	69.10	105.60	147.20	38.70
455.40	62.30	108.20	148.00	32.10
456.00	64.10	101.30	154.00	33.30
456.60	67.30	109.40	136.20	31.60
457.20	65.40	106.20	145.30	40.00
457.80	72.60	108.10	139.40	35.30
458.40	60.10	105.50	151.70	38.20
459.00	64.50	111.40	154.90	34.50
459.60	63.70	110.20	147.40	35.40
460.20	60.70	121.80	138.20	37.70
460.80	46.00	114.50	145.90	34.80
461.40	52.80	116.30	143.50	42.50
462.00	55.20	127.80	138.40	36.00
462.60	61.80	126.50	146.50	30.30
463.20	55.90	128.00	151.00	23.40
463.80	64.00	128.40	153.70	33.90
464.40	70.30	130.70	149.70	36.60
465.00	63.30	130.70	132.10	34.00
465.60	65.90	129.20	143.00	31.90
466.20	62.80	137.70	136.70	35.30
466.80	52.70	133.10	137.60	38.70
467.40	62.00	142.50	143.30	34.80
468.00	51.70	129.50	136.70	28.80
468.60	52.10	123.10	140.20	32.10
469.20	61.70	126.40	128.80	31.60
469.80	64.10	138.30	137.20	26.90
470.40	63.90	140.50	142.30	27.50
471.00	41.20	130.00	141.90	29.10
471.60	37.60	132.50	154.60	41.40
472.20	32.80	125.30	144.80	47.90
472.80	30.80	127.10	148.60	31.50
473.40	39.50	127.40	146.80	35.20
474.00	41.10	133.40	140.70	33.00
474.60	44.10	132.50	130.00	27.10
475.20	37.80	142.00	121.50	32.30
475.80	30.70	130.60	121.40	32.40
476.40	44.80	138.00	114.70	32.40
477.00	51.20	131.80	121.10	33.80
477.60	51.00	140.80	122.10	37.30
478.20	42.10	138.20	132.20	27.80
478.80	45.00	145.90	137.90	30.20
479.40	49.40	137.20	133.00	35.00
480.00	42.80	131.00	137.00	31.50
480.60	48.60	137.30	145.20	33.90
481.20	40.70	143.90	130.30	33.80
481.80	40.40	140.10	131.00	36.70
482.40	34.10	134.20	126.60	41.20
483.00	44.90	133.50	141.40	35.90
483.60	38.80	135.80	144.50	27.30
484.20	40.50	133.10	142.00	26.30
484.80	44.20	133.80	138.80	20.60
485.40	48.00	139.90	129.00	5.80
486.00	44.80	135.40	130.60	12.50
486.60	40.10	132.80	129.10	31.10
487.20	44.40	137.00	135.50	11.80
487.80	41.40	138.50	132.00	15.70
488.40	40.60	137.60	134.70	15.40
489.00	41.70	141.20	129.20	28.70
489.60	46.50	133.30	129.40	20.70
490.20	56.10	135.60	130.60	26.00
490.80	44.90	138.20	128.70	23.40
491.40	36.20	145.30	124.20	23.30
492.00	33.30	138.80	130.80	19.00
492.60	38.70	134.20	132.40	25.00
493.20	32.60	143.80	133.30	26.90
493.80	32.70	136.80	130.60	28.10
494.40	20.10	126.90	127.30	23.70
495.00	29.20	134.10	122.10	25.60
495.60	42.50	125.20	122.00	23.60
496.20	40.10	124.30	122.50	25.40
496.80	50.90	134.00	122.30	31.20
497.40	45.50	125.10	131.70	30.10
498.00	46.90	124.60	124.30	32.50
498.60	51.50	128.90	140.80	48.20
499.20	40.80	127.60	138.00	48.30
499.80	40.40	133.70	140.70	41.60
500.40	43.00	137.80	141.80	34.50
501.00	53.20	131.50	144.90	26.10
501.60	49.10	135.10	133.20	31.10
502.20	55.80	134.00	145.30	28.90
502.80	62.20	141.00	143.40	24.30
503.40	47.80	142.80	147.60	20.20
504.00	48.20	141.70	137.40	25.20
504.60	52.80	137.10	137.70	22.10
505.20	54.90	141.70	138.20	22.10
505.80	53.50	144.40	136.30	22.40
506.40	44.00	142.00	138.60	11.40
507.00	52.20	135.30	134.00	13.40
507.60	48.60	145.70	133.70	11.70
508.20	47.60	145.50	137.00	7.60
508.80	52.30	143.30	139.90	5.90
509.40	61.00	139.50	140.50	10.70
510.00	42.70	140.10	145.40	6.10
510.60	52.10	143.90	149.80	11.30
511.20	53.70	134.10	142.10	12.50
511.80	40.00	121.90	135.70	6.40
512.40	51.20	123.20	131.10	11.10
513.00	49.10	123.70	139.30	10.30
513.60	50.90	109.60	139.60	13.20
514.20	42.50	112.70	148.70	16.50
514.80	47.90	125.70	146.80	14.30
515.40	41.00	126.80	147.80	11.30
516.00	46.50	115.50	141.90	13.40
516.60	49.60	125.80	146.10	13.00
517.20	51.00	121.40	151.80	15.90
517.80	53.50	117.50	141.60	29.80
518.40	47.40	138.30	141.10	25.40
519.00	52.60	137.70	136.70	21.80
519.60	44.70	139.30	135.20	35.40
520.20	51.40	137.40	140.50	41.90
520.80	51.80	135.50	144.10	30.20
521.40	52.70	123.20	147.00	18.20
522.00	59.40	128.50	145.90	18.40
522.60	49.50	125.60	149.90	25.50
523.20	50.30	132.00	144.10	20.00
523.80	54.40	121.80	141.30	12.70
524.40	53.70	128.20	137.20	14.40
525.00	49.50	117.90	133.30	15.70
525.60	54.20	126.50	142.20	20.70
526.20	47.50	122.80	130.10	23.00
526.80	47.40	120.70	129.60	25.50
527.40	45.00	127.30	139.10	29.20
528.00	35.70	135.00	138.80	34.10
528.60	41.50	136.50	135.70	27.10
529.20	36.70	133.00	144.00	22.70
529.80	40.70	128.50	152.50	21.80
530.40	49.90	143.40	140.00	14.10
531.00	63.10	139.10	137.90	10.40
531.60	52.00	139.50	134.50	9.00
532.20	47.70	124.90	136.50	16.70
532.80	45.00	131.60	127.00	13.10
533.40	47.70	129.40	131.30	18.10
534.00	49.90	127.50	122.70	6.60
534.60	57.30	126.20	119.00	10.60
535.20	57.40	123.10	121.30	10.70
535.80	60.70	113.80	125.00	19.80
536.40	59.70	121.40	124.00	18.90
537.00	54.40	122.80	113.20	6.50
537.60	50.40	119.00	111.80	15.80
538.20	53.50	128.80	122.20	12.00
538.80	56.90	125.80	124.40	17.10
539.40	58.20	128.60	125.60	18.20
540.00	48.40	126.20	108.30	21.30
540.60	55.30	116.80	120.40	20.80
541.20	50.10	123.90	127.90	15.80
541.80	48.30	132.50	123.70	16.50
542.40	50.80	134.80	121.70	18.60
543.00	54.20	127.60	117.10	23.00
543.60	52.80	125.10	118.00	18.50
544.20	55.80	130.70	125.60	22.70
544.80	40.50	128.00	126.30	17.10
545.40	49.60	137.30	125.30	22.20
546.00	50.90	139.60	127.40	15.30
546.60	58.90	135.50	115.20	28.30
547.20	57.40	138.00	115.00	26.30
547.80	67.40	139.30	123.50	25.30
548.40	47.80	133.70	115.50	24.30
549.00	47.60	133.60	126.60	34.20
549.60	44.80	132.90	130.30	27.90
550.20	59.50	124.90	135.50	20.50
550.80	57.70	114.80	130.10	24.40
551.40	44.50	123.10	124.90	20.70
552.00	38.70	119.30	125.50	21.80
552.60	54.90	121.80	137.40	22.50
553.20	53.30	128.00	126.20	27.10
553.80	52.30	131.90	129.50	25.80
554.40	54.30	125.50	121.00	17.60
555.00	44.20	126.70	115.60	26.60
555.60	47.70	137.80	120.90	17.50
556.20	42.50	134.20	121.40	16.50
556.80	45.80	138.60	110.70	8.10
557.40	44.20	143.30	102.10	12.20
558.00	35.60	129.30	114.00	6.70
558.60	39.40	139.70	118.90	14.30
559.20	42.90	140.00	112.20	17.30
559.80	35.70	145.10	107.30	16.00
560.40	41.50	138.80	103.80	22.50
561.00	48.10	131.60	113.40	15.70
561.60	36.90	132.40	114.10	11.60
562.20	37.50	139.60	125.30	17.50
562.80	43.70	142.30	110.80	4.50
563.40	37.90	139.70	119.60	16.20
564.00	51.70	139.20	116.40	21.10
564.60	43.00	148.50	124.20	27.40
565.20	37.50	142.80	113.00	36.10
565.80	46.90	144.50	110.70	34.40
566.40	34.30	134.70	122.20	28.50
567.00	30.80	137.70	120.90	19.90
567.60	45.20	144.50	115.60	17.90
568.20	39.10	153.90	113.50	18.40
568.80	45.30	146.80	103.30	10.10
569.40	40.90	144.90	109.20	19.90
570.00	43.60	150.10	106.60	10.30
570.60	46.40	136.20	112.30	9.60
571.20	49.50	144.60	126.00	15.30
571.80	38.60	149.60	117.00	21.00
572.40	35.50	143.20	124.50	17.20
573.00	52.60	147.50	111.50	21.70
573.60	38.10	139.20	122.20	17.90
574.20	37.00	133.90	116.20	17.40
574.80	35.50	131.90	114.30	14.10
575.40	36.70	132.70	114.60	7.20
576.00	36.60	133.40	124.40	13.40
576.60	31.40	123.40	127.50	11.20
577.20	40.60	135.60	122.90	17.20
577.80	29.80	131.10	129.00	8.70
578.40	30.50	124.40	131.60	17.90
579.00	29.60	132.10	125.20	12.70
579.60	27.10	137.50	124.40	6.00
580.20	21.50	140.30	127.70	22.00
580.80	19.80	144.30	130.20	9.20
581.40	20.10	145.40	130.70	11.70
582.00	23.80	140.80	141.60	17.50
582.60	22.70	142.40	137.90	18.70
583.20	11.90	143.90	129.10	15.10
583.80	10.80	141.50	134.00	24.10
584.40	9.90	149.30	129.70	12.20
585.00	17.50	150.60	134.80	2.50
585.60	11.20	150.80	140.60	7.60
586.20	8.90	142.00	125.90	6.30
586.80	19.80	148.90	129.00	13.10
587.40	8.90	145.50	124.40	12.70
588.00	10.00	147.20	129.60	21.60
588.60	11.80	143.60	128.60	20.60
589.20	11.90	139.30	138.90	7.60
589.80	5.80	129.60	138.60	8.60
590.40	12.80	138.30	131.80	9.50
591.00	14.80	136.80	143.90	10.60
591.60	14.40	143.20	142.70	7.50
592.20	7.90	128.40	137.70	13.00
592.80	14.20	128.70	138.20	15.40
593.40	10.60	123.40	135.10	21.80
594.00	13.90	121.50	148.30	13.10
594.60	11.60	129.90	149.60	32.00
595.20	4.90	125.50	148.30	27.50
595.80	11.60	126.60	136.50	31.00
596.40	8.60	130.00	144.80	20.30
597.00	5.10	131.90	140.80	23.50
597.60	7.60	135.30	138.80	27.70
598.20	13.30	145.50	145.30	20.10
598.80	16.00	134.50	150.00	16.90
599.40	9.70	132.30	141.60	16.60
600.00	7.00	122.10	136.80	16.20
600.60	9.30	130.50	136.00	28.20
601.20	9.10	131.90	120.70	23.70
601.80	9.00	115.50	115.60	25.40
602.40	19.10	132.50	130.80	23.20
603.00	26.60	139.30	138.60	24.10
603.60	26.10	132.30	127.80	26.00
604.20	18.00	128.90	129.20	22.20
604.80	19.50	133.10	137.00	29.70
605.40	10.70	129.60	128.40	22.00
606.00	10.60	136.20	133.80	21.00
606.60	19.00	138.60	137.50	17.40
607.20	19.60	136.00	136.80	32.90
607.80	21.10	128.20	138.30	37.80
608.40	22.40	126.50	143.40	25.70
609.00	21.40	122.60	139.50	9.40
609.60	23.60	119.40	137.70	17.60
610.20	18.80	125.10	137.20	29.10
610.80	25.40	132.40	143.60	13.70
611.40	21.00	121.50	136.90	16.00
612.00	29.10	122.70	141.10	17.40
612.60	14.30	127.50	134.70	18.40
613.20	28.10	130.80	142.00	18.40
613.80	24.90	125.10	150.90	9.80
614.40	13.30	127.90	150.80	19.30
615.00	8.00	139.80	153.60	23.30
615.60	10.00	138.10	157.40	18.70
616.20	14.30	140.80	147.80	23.60
616.80	16.10	139.30	147.10	20.00
617.40	9.40	139.90	149.20	17.40
618.00	15.80	145.40	149.00	15.80
618.60	16.40	147.10	152.30	18.40
619.20	14.50	144.60	143.00	14.10
619.80	15.10	130.70	147.90	19.70
620.40	22.70	133.80	153.00	14.20
621.00	25.20	143.10	148.80	11.50
621.60	24.70	138.80	140.00	26.50
622.20	17.80	137.70	136.10	21.40
622.80	23.80	141.10	145.80	23.70
623.40	9.60	138.20	149.80	18.20
624.00	16.80	146.20	153.30	21.60
624.60	9.00	136.20	150.60	14.50
625.20	13.90	137.40	149.60	20.30
625.80	7.80	133.80	136.80	14.70
626.40	8.20	131.30	139.40	13.30
627.00	10.70	127.70	135.70	15.30
627.60	8.00	124.40	139.10	7.70
628.20	6.90	124.70	144.60	3.60
628.80	10.60	128.70	144.60	19.50
629.40	22.10	124.60	150.90	14.60
630.00	29.30	135.20	147.70	10.40
630.60	13.40	139.30	139.00	10.10
631.20	11.90	143.30	125.40	8.70
631.80	18.00	135.70	135.10	13.90
632.40	22.80	133.00	128.10	13.60
633.00	24.60	126.70	132.20	17.80
633.60	24.30	130.90	141.90	17.20
634.20	15.10	120.40	142.10	11.00
634.80	17.30	114.80	146.30	11.40
635.40	14.00	125.60	134.40	8.20
636.00	13.60	129.40	148.20	17.90
636.60	24.40	127.50	141.00	15.00
637.20	17.70	126.30	156.60	16.90
637.80	18.60	129.10	147.60	18.20
638.40	7.00	127.10	144.90	13.20
639.00	21.80	132.70	137.40	10.30
639.60	26.60	128.60	144.10	10.90
640.20	15.50	123.20	140.50	12.90
640.80	11.10	132.40	142.40	12.30
641.40	24.90	136.60	137.30	12.60
642.00	20.20	131.00	140.40	10.10
642.60	17.70	120.10	136.90	13.30
643.20	25.40	121.10	138.30	14.60
643.80	22.80	123.60	141.30	12.60
644.40	23.30	114.10	138.20	16.30
645.00	26.50	116.90	141.50	22.20
645.60	31.40	116.10	137.50	20.10
646.20	19.10	124.80	129.10	26.00
646.80	29.50	122.20	133.70	20.20
647.40	21.90	131.60	132.60	21.10
648.00	23.10	136.60	120.50	28.50
648.60	18.40	126.50	126.30	19.60
649.20	28.10	125.50	130.70	28.80
649.80	20.20	138.10	136.90	26.20
650.40	22.10	127.20	139.80	22.90
651.00	21.20	133.40	146.70	25.70
651.60	12.60	130.40	138.10	25.80
652.20	21.00	131.70	143.50	14.70
652.80	17.50	128.90	142.10	10.00
653.40	21.90	121.00	141.00	12.50
654.00	20.30	138.00	136.40	5.70
654.60	32.30	136.00	139.50	15.80
655.20	24.00	145.40	151.00	9.10
655.80	23.60	141.50	152.00	5.70
656.40	18.70	143.40	142.70	15.50
657.00	20.60	140.20	138.40	12.40
657.60	18.30	137.80	147.50	14.50
658.20	26.60	128.50	133.90	25.20
658.80	32.30	134.40	134.10	27.50
659.40	18.30	145.30	130.20	31.50
660.00	18.10	135.40	140.10	17.30
660.60	12.70	133.50	143.60	14.80
661.20	15.40	127.00	143.00	19.30
661.80	12.00	125.40	140.20	12.00
662.40	20.70	125.30	131.10	16.40
663.00	15.00	126.50	139.80	20.60
663.60	28.60	129.60	132.70	14.90
664.20	22.60	129.70	133.60	18.50
664.80	10.50	123.90	130.00	18.80
665.40	12.60	131.90	128.40	23.20
666.00	11.70	139.80	137.70	26.00
666.60	19.90	138.10	144.40	27.60
667.20	18.20	144.40	141.40	27.40
667.80	23.80	130.80	125.40	19.40
668.40	25.00	128.50	123.20	20.40
669.00	17.50	130.40	123.20	20.60
669.60	14.60	139.80	133.70	20.10
670.20	11.00	135.90	130.10	20.70
670.80	11.00	132.70	134.70	20.90
671.40	11.60	131.20	130.00	12.60
672.00	11.30	135.20	132.40	19.10
672.60	7.60	144.30	130.70	29.70
673.20	10.50	138.10	138.80	35.20
673.80	15.70	140.00	141.70	26.40
674.40	11.20	140.50	140.50	15.70
675.00	16.00	138.90	133.70	13.90
675.60	15.30	139.00	138.40	9.70
676.20	16.00	144.70	141.30	14.20
676.80	13.30	142.50	130.10	11.20
677.40	15.90	142.80	130.40	11.20
678.00	14.00	155.00	129.70	7.40
678.60	14.00	149.10	128.00	14.90
679.20	10.80	143.60	135.70	17.40
679.80	10.30	153.10	128.60	8.70
680.40	13.10	150.70	132.30	14.90
681.00	13.70	137.80	125.30	14.00
681.60	13.80	150.90	129.80	9.30
682.20	14.90	141.20	136.40	15.50
682.80	12.30	145.30	135.30	16.10
683.40	15.90	154.20	130.20	9.60
684.00	12.40	152.80	113.90	7.20
684.60	12.00	151.30	121.70	14.20
685.20	15.80	143.50	120.90	5.90
685.80	17.70	156.10	135.80	10.60
686.40	11.00	152.50	143.80	6.70
687.00	10.60	144.90	136.00	12.80
687.60	14.80	147.00	140.30	15.50
688.20	18.70	136.90	123.40	15.30
688.80	17.90	135.00	128.60	12.40
689.40	14.60	136.50	130.00	15.80
690.00	19.40	129.00	136.50	15.00
690.60	18.40	135.50	140.50	17.10
691.20	16.60	131.30	140.60	22.00
691.80	19.00	128.10	135.90	21.60
692.40	21.20	132.40	130.40	21.10
693.00	12.80	143.50	134.90	23.20
693.60	14.00	128.70	134.30	18.80
694.20	16.70	130.60	141.50	26.60
694.80	18.00	135.70	133.80	16.60
695.40	15.80	134.70	135.10	16.20
696.00	14.10	130.30	142.50	15.70
696.60	16.80	128.60	146.50	26.70
697.20	16.10	124.00	139.00	21.90
697.80	15.70	132.90	145.10	18.40
698.40	12.40	137.40	138.90	29.80
699.00	14.60	127.30	139.60	34.90
699.60	15.70	132.60	144.00	26.80
700.20	15.60	132.10	128.60	30.90
700.80	8.40	129.40	136.70	39.10
701.40	15.00	121.10	133.50	37.90
702.00	15.80	129.60	136.00	43.10
702.60	14.70	113.10	134.20	35.50
703.20	13.80	127.40	136.00	36.60
703.80	15.30	111.90	136.20	39.60
704.40	13.30	121.20	135.30	39.20
705.00	15.00	120.40	135.10	44.60
705.60	14.70	124.50	137.30	45.10
706.20	15.10	117.80	140.80	27.70
706.80	15.80	122.80	141.10	39.10
707.40	15.10	122.60	148.60	44.60
708.00	14.60	127.10	144.50	26.90
708.60	14.20	130.10	141.30	28.90
709.20	16.50	121.40	137.50	33.50
709.80	8.40	123.40	129.70	29.60
710.40	14.80	126.70	124.20	22.90
711.00	15.50	128.80	111.40	30.80
711.60	13.50	130.10	125.20	19.30
712.20	13.30	121.20	107.90	29.60
712.80	20.20	122.20	119.00	25.00
713.40	21.20	113.80	124.50	21.00
714.00	14.00	111.50	122.30	32.30
714.60	10.20	119.30	105.00	25.90
715.20	18.20	119.30	124.60	25.40
715.80	14.90	105.40	127.20	22.60
716.40	16.60	107.30	126.30	6.40
717.00	13.50	112.80	129.40	8.40
717.60	16.40	128.60	134.10	13.60
718.20	13.90	127.30	121.90	9.90
718.80	17.80	126.00	137.60	10.00
719.40	13.70	126.70	134.90	10.40
720.00	19.30	134.30	137.50	13.30
720.60	21.40	137.70	131.40	15.30
721.20	16.60	134.50	144.70	13.10
721.80	17.30	134.60	137.70	10.60
722.40	14.60	132.70	130.10	9.60
723.00	11.00	127.00	136.10	8.00
723.60	18.70	120.80	137.70	10.80
724.20	11.80	137.40	143.00	6.00
724.80	16.60	134.50	127.60	11.10
725.40	18.90	130.70	123.80	10.90
726.00	12.50	130.10	118.40	11.40
726.60	9.70	127.50	131.00	19.70
727.20	16.60	130.30	133.10	6.50
727.80	6.10	124.70	137.60	13.00
728.40	14.20	115.90	131.00	9.80
729.00	14.90	114.10	139.00	7.70
729.60	16.50	112.80	139.60	10.10
730.20	12.90	102.10	135.40	7.70
730.80	21.80	120.80	135.20	15.00
731.40	12.80	123.70	137.40	15.50
732.00	14.80	124.10	136.70	20.90
732.60	15.20	134.40	142.00	24.50
733.20	13.20	130.80	146.30	19.80
733.80	9.20	127.00	136.90	18.70
734.40	12.70	124.30	147.30	19.70
735.00	13.50	127.10	145.90	13.80
735.60	15.00	123.10	138.90	10.00
736.20	14.20	145.70	133.60	14.30
736.80	13.50	141.10	137.90	12.60
737.40	13.00	135.00	135.50	13.30
738.00	17.10	141.60	141.50	8.50
738.60	15.00	137.90	138.70	16.80
739.20	17.60	127.00	131.60	5.90
739.80	18.70	131.70	119.20	16.90
740.40	13.10	135.30	114.90	13.80
741.00	17.80	136.70	122.80	14.10
741.60	14.90	148.20	120.10	18.40
742.20	17.20	138.80	115.20	23.80
742.80	13.40	144.80	112.90	21.90
743.40	13.20	145.00	122.00	25.10
744.00	16.40	141.90	130.90	26.50
744.60	16.80	138.90	124.90	25.40
745.20	12.40	134.50	128.50	28.30
745.80	12.00	137.40	116.90	34.80
746.40	13.20	136.90	132.80	34.40
747.00	13.00	141.60	132.10	35.70
747.60	15.90	137.30	139.20	37.30
748.20	15.90	141.70	136.80	41.60
748.80	8.70	128.60	150.10	36.20
749.40	16.50	133.50	142.10	41.20
750.00	13.10	129.90	135.90	41.50
750.60	15.30	127.30	136.60	36.30
751.20	15.00	125.70	129.70	30.80
751.80	12.90	122.90	120.60	30.90
752.40	14.80	129.30	124.80	34.00
753.00	14.10	134.80	127.70	34.30
753.60	12.70	134.40	129.30	39.10
754.20	21.30	128.50	137.30	38.50
754.80	17.20	126.50	127.30	36.30
755.40	11.70	140.50	139.70	40.10
756.00	16.20	141.30	123.50	49.00
756.60	16.20	138.10	123.90	43.00
757.20	10.20	136.20	135.60	36.60
757.80	13.50	139.00	126.10	39.50
758.40	17.80	144.80	127.00	40.30
759.00	18.90	135.70	132.00	42.00
759.60	16.70	133.60	136.70	37.20
760.20	14.90	135.10	136.50	40.80
760.80	18.70	145.60	128.30	41.80
761.40	14.60	154.60	144.90	49.00
762.00	18.80	144.20	139.40	33.50
762.60	20.00	144.20	135.60	31.80
763.20	19.10	142.80	132.50	36.70
763.80	14.60	144.80	133.70	36.20
764.40	14.60	140.60	124.40	41.90
765.00	19.30	130.60	133.00	43.70
765.60	12.70	124.60	124.70	44.20
766.20	11.40	118.30	138.60	38.70
766.80	12.10	117.30	134.80	46.00
767.40	13.30	122.60	132.50	47.50
768.00	11.60	114.70	125.90	40.70
768.60	14.90	114.90	136.80	43.60
769.20	14.00	109.30	142.70	50.20
769.80	13.10	110.90	139.20	46.50
770.40	12.00	120.70	140.30	48.00
771.00	16.40	116.10	146.00	57.60
771.60	19.50	115.00	134.30	49.10
772.20	20.30	114.20	126.60	48.70
772.80	20.90	123.50	130.10	48.60
773.40	14.90	131.90	128.80	43.50
774.00	15.00	127.70	132.70	38.20
774.60	11.80	117.30	116.80	41.00
775.20	14.60	123.90	132.40	42.70
775.80	15.50	114.30	137.20	44.20
776.40	12.90	116.50	137.50	39.80
777.00	11.90	125.30	128.60	36.00
777.60	14.00	123.60	129.20	41.20
778.20	12.00	117.60	137.70	41.40
778.80	12.70	124.90	129.20	40.30
779.40	14.10	120.90	131.70	39.90
780.00	14.40	121.60	128.20	36.00
780.60	15.70	112.80	134.90	45.20
781.20	17.40	115.70	136.90	39.60
781.80	12.20	102.40	132.30	40.40
782.40	15.70	120.70	143.20	46.00
783.00	13.70	132.40	151.30	44.20
783.60	19.20	136.00	156.40	40.40
784.20	17.90	131.80	145.20	42.20
784.80	17.70	135.10	141.60	41.50
785.40	20.20	137.50	143.90	36.70
786.00	11.60	141.90	140.60	44.90
786.60	13.90	145.20	145.20	42.60
787.20	15.30	151.00	145.00	48.40
787.80	13.80	151.90	138.20	44.50
788.40	23.40	148.60	134.60	41.20
789.00	16.00	147.50	140.40	41.70
789.60	17.70	144.90	136.10	51.40
790.20	13.90	149.60	139.30	47.90
790.80	15.00	145.10	135.80	45.30
791.40	22.90	151.20	137.20	45.50
792.00	15.50	151.60	144.30	48.50
792.60	15.20	133.70	132.00	42.20
793.20	11.10	141.00	131.30	34.20
793.80	13.40	137.90	139.10	39.20
794.40	18.80	135.40	139.70	39.90
795.00	20.30	138.40	129.80	38.20
795.60	12.40	128.90	136.40	34.80
796.20	13.80	139.20	138.70	43.30
796.80	13.70	137.40	140.80	42.40
797.40	16.10	132.20	136.30	46.60
798.00	12.10	139.10	141.10	47.80
798.60	15.80	136.10	153.10	45.50
799.20	14.80	127.60	154.10	41.90
799.80	16.10	123.70	148.60	41.30
800.40	12.70	122.00	150.00	44.30
801.00	12.80	125.60	151.00	43.40
801.60	15.80	115.00	142.40	35.90
802.20	18.30	111.20	127.30	39.40
802.80	17.40	115.90	133.40	40.40
803.40	17.60	117.10	142.00	41.50
804.00	13.00	119.30	149.20	38.70
804.60	12.80	125.10	141.30	44.60
805.20	11.10	113.60	144.70	43.10
805.80	18.70	117.90	143.20	36.80
806.40	15.20	120.90	144.70	35.10
807.00	9.20	126.80	142.40	33.60
807.60	24.70	131.40	139.80	31.40
808.20	19.90	134.50	136.50	35.40
808.80	22.80	123.70	144.20	30.50
809.40	20.90	130.20	131.80	31.20
810.00	17.50	137.20	131.60	29.00
810.60	17.80	123.40	130.20	35.40
811.20	17.80	128.90	132.80	40.40
811.80	18.30	137.10	131.00	34.70
812.40	18.20	142.80	136.30	37.60
813.00	16.30	135.70	135.90	37.10
813.60	16.60	137.40	137.70	34.90
814.20	16.40	140.50	130.10	31.90
814.80	12.20	148.40	132.40	36.90
815.40	13.70	140.40	145.10	38.00
816.00	10.80	142.50	139.20	41.50
816.60	13.10	141.00	142.50	38.00
817.20	15.20	140.80	137.80	38.10
817.80	16.30	138.70	142.50	44.20
818.40	16.10	134.70	137.40	47.20
819.00	16.30	135.70	139.40	35.90
819.60	13.60	129.90	132.60	42.40
820.20	16.50	132.60	123.60	40.90
820.80	19.00	129.50	131.50	47.80
821.40	12.30	130.60	118.40	38.40
822.00	20.70	137.90	123.60	39.80
822.60	12.90	129.00	113.70	44.00
823.20	16.90	142.60	125.90	40.20
823.80	19.40	138.30	135.80	55.40
824.40	13.10	134.70	124.40	48.20
825.00	16.30	151.90	120.20	45.00
825.60	11.90	137.20	120.60	43.00
826.20	12.10	133.90	125.40	38.20
826.80	18.20	124.30	127.50	42.10
827.40	19.20	127.60	122.80	49.30
828.00	20.60	137.00	125.00	47.30
828.60	14.60	140.70	122.70	34.40
829.20	15.40	138.00	115.00	46.00
829.80	13.00	133.40	120.70	56.10
830.40	17.50	140.40	125.80	46.30
831.00	17.50	133.50	115.80	40.30
831.60	11.90	141.80	124.60	58.30
832.20	17.40	144.20	115.50	45.00
832.80	14.60	141.00	117.50	56.10
833.40	14.70	135.70	115.40	42.70
834.00	13.70	136.20	121.90	45.50
834.60	12.40	142.90	132.10	43.10
835.20	17.30	140.90	134.10	50.40
835.80	16.00	150.20	134.90	32.00
836.40	13.50	139.10	145.10	42.10
837.00	13.50	141.50	142.00	47.30
837.60	21.00	148.50	138.20	42.30
838.20	13.50	143.00	139.30	46.80
838.80	13.30	144.00	139.50	44.20
839.40	16.40	143.70	144.90	47.70
840.00	15.90	144.80	144.80	47.60
840.60	11.70	143.60	135.70	38.10
841.20	29.30	136.10	137.00	44.20
841.80	14.40	133.90	131.60	44.70
842.40	17.70	141.80	132.90	43.20
843.00	18.50	134.10	138.60	32.30
843.60	12.40	132.60	148.90	41.40
844.20	16.30	133.20	141.80	37.80
844.80	14.50	136.00	130.90	45.70
845.40	16.70	132.40	140.10	36.00
846.00	19.00	137.70	133.70	31.50
846.60	15.40	146.30	148.70	39.60
847.20	18.30	148.40	138.20	41.10
847.80	19.20	136.40	141.50	41.60
848.40	14.60	133.90	135.90	44.20
849.00	13.60	135.00	141.60	48.10
849.60	16.10	122.70	148.00	42.30
850.20	16.50	122.40	142.90	37.50
850.80	21.40	128.00	149.80	42.50
851.40	15.00	131.70	144.40	51.40
852.00	16.00	128.90	149.90	50.60
852.60	14.50	141.70	141.90	43.80
853.20	15.10	140.90	144.90	53.70
853.80	18.70	139.60	148.60	49.00
854.40	12.10	139.40	143.50	44.10
855.00	21.80	128.60	147.10	53.40
855.60	11.30	134.30	151.30	53.40
856.20	17.40	135.60	146.00	61.90
856.80	13.20	130.40	147.20	48.20
857.40	15.40	139.80	141.90	47.80
858.00	16.50	136.10	143.70	44.30
858.60	18.00	136.50	146.80	40.80
859.20	17.50	131.60	137.30	40.70
859.80	13.20	137.40	142.40	40.90
860.40	17.00	146.80	139.20	44.30
861.00	15.40	146.50	139.50	38.10
861.60	17.80	142.20	157.40	40.90
862.20	16.60	136.30	151.70	51.20
862.80	16.10	130.80	146.10	42.50
863.40	20.50	128.60	144.40	34.70
864.00	15.30	134.30	151.40	38.40
864.60	17.20	126.50	146.30	50.40
865.20	16.30	138.30	147.30	50.60
865.80	24.50	130.20	147.00	48.70
866.40	15.10	128.10	141.90	55.00
867.00	16.40	137.10	146.90	56.30
867.60	14.00	139.90	142.20	37.40
868.20	17.40	143.20	140.80	43.20
868.80	11.90	137.60	132.60	58.80
869.40	19.70	133.30	128.20	49.00
870.00	15.90	130.20	131.00	49.70
870.60	16.50	124.50	145.50	55.40
871.20	16.10	118.30	148.10	58.20
871.80	11.20	127.70	147.40	59.10
872.40	23.80	126.10	142.20	47.10
873.00	20.90	132.90	138.40	43.30
873.60	8.60	137.10	137.10	41.10
874.20	16.70	140.70	144.10	36.30
874.80	11.80	141.70	139.90	48.00
875.40	13.20	127.80	141.10	46.70
876.00	14.20	129.10	135.70	51.70
876.60	19.10	132.20	137.70	42.90
877.20	15.40	119.90	137.40	40.30
877.80	19.00	118.30	138.80	35.40
878.40	14.30	127.00	129.80	36.10
879.00	16.30	110.80	137.50	34.50
879.60	20.30	128.90	137.90	53.80
880.20	16.10	128.50	140.20	39.40
880.80	14.20	122.10	133.80	29.80
881.40	13.90	131.60	137.30	47.90
882.00	9.90	128.60	139.80	52.80
882.60	16.90	119.60	136.20	43.70
883.20	20.60	126.80	140.00	33.60
883.80	17.00	127.10	137.70	32.30
884.40	19.00	133.20	142.60	32.70
885.00	18.00	137.10	138.30	34.30
885.60	14.50	131.60	143.10	34.30
886.20	14.90	134.50	143.50	34.80
886.80	14.10	137.40	139.30	46.80
887.40	19.70	141.90	153.40	56.50
888.00	14.90	152.30	156.50	65.50
888.60	17.30	149.70	152.50	54.00
889.20	13.60	143.50	145.80	49.80
889.80	19.70	135.40	142.10	60.40
890.40	12.80	134.00	152.00	57.90
891.00	16.90	150.30	150.90	54.90
891.60	14.10	142.30	145.00	44.10
892.20	13.10	131.60	152.20	39.10
892.80	17.60	152.30	140.40	44.20
893.40	14.00	146.50	136.60	30.90
894.00	20.40	136.90	137.80	35.40
894.60	11.00	138.60	133.90	40.70
895.20	15.00	130.00	129.80	45.30
895.80	16.20	122.40	142.60	39.80
896.40	15.00	119.10	131.40	48.00
897.00	16.30	116.70	132.70	40.60
897.60	15.70	129.10	134.10	42.40
898.20	10.90	126.80	145.10	39.60
898.80	16.20	134.40	142.80	42.10
899.40	13.20	136.20	140.70	40.40
900.00	19.60	128.40	133.20	42.80
900.60	7.80	117.50	139.50	47.70
901.20	12.70	131.00	133.40	54.80
901.80	14.60	134.50	130.00	47.40
902.40	20.30	140.20	128.40	43.90
903.00	19.70	134.40	131.60	31.80
903.60	14.60	146.10	137.50	37.20
904.20	15.20	133.20	140.40	36.80
904.80	18.30	132.90	147.80	42.10
905.40	20.80	142.40	142.20	44.30
906.00	14.80	139.30	149.30	39.00
906.60	17.30	134.10	138.20	38.90
907.20	12.10	133.40	150.50	37.30
907.80	16.00	133.60	137.20	35.10
908.40	15.00	134.80	140.70	39.60
909.00	21.70	144.30	131.00	42.70
909.60	10.20	132.70	130.70	38.70
910.20	15.00	140.60	141.10	38.00
910.80	13.70	147.00	133.00	37.50
911.40	17.80	136.50	131.80	41.10
912.00	15.40	145.70	134.50	40.30
912.60	15.70	133.40	131.50	44.30
913.20	11.00	138.30	136.30	39.60
913.80	14.10	146.20	124.50	44.20
914.40	17.30	139.80	133.70	47.10
915.00	12.50	149.70	134.80	45.50
915.60	16.00	143.50	122.70	39.70
916.20	13.90	147.30	124.50	45.70
916.80	12.60	143.70	139.80	38.80
917.40	11.60	147.30	137.70	32.50
918.00	14.70	145.80	135.80	33.20
918.60	13.30	149.90	141.00	37.10
919.20	18.20	141.90	141.00	31.60
919.80	16.60	141.80	133.90	34.00
920.40	11.10	145.10	128.90	42.00
921.00	13.10	143.40	129.60	33.90
921.60	9.10	142.00	135.90	29.70
922.20	10.70	145.30	140.30	32.30
922.80	16.50	138.50	142.90	33.60
923.40	19.70	145.20	146.30	26.80
924.00	20.90	141.90	148.50	23.20
924.60	13.60	142.20	148.60	17.20
925.20	15.80	146.90	138.30	25.40
925.80	15.00	139.70	146.40	32.40
926.40	13.10	145.50	150.40	35.50
927.00	14.80	133.30	153.70	33.60
927.60	15.00	139.00	151.20	37.00
928.20	17.60	138.00	148.50	36.10
928.80	13.90	133.60	148.50	37.00
929.40	13.60	141.90	152.20	35.90
930.00	12.30	134.10	153.70	31.70
930.60	25.00	140.50	153.70	30.10
931.20	31.40	140.80	138.70	31.30
931.80	14.70	140.50	148.50	34.60
932.40	15.20	127.80	142.60	36.70
933.00	18.30	139.90	138.80	40.20
933.60	13.80	140.00	140.50	47.30
934.20	10.70	143.70	135.70	36.90
934.80	14.40	142.10	135.70	30.00
935.40	13.50	128.90	136.30	57.80
936.00	15.30	121.10	137.50	32.60
936.60	14.50	124.80	136.70	35.20
937.20	18.00	134.30	146.30	35.20
937.80	13.10	131.80	142.90	24.60
938.40	16.20	131.00	136.50	37.00
939.00	11.70	141.00	137.70	30.80
939.60	13.50	122.60	150.50	38.00
940.20	17.60	137.50	138.80	34.00
940.80	15.70	134.30	135.60	31.60
941.40	14.30	145.80	134.20	36.10
942.00	15.80	140.90	128.00	34.30
942.60	17.10	146.40	130.00	28.70
943.20	15.60	140.80	133.10	43.30
943.80	13.80	136.10	133.90	29.50
944.40	14.40	134.20	143.10	26.70
945.00	17.30	135.30	134.40	30.00
945.60	17.90	138.50	136.50	25.60
946.20	14.50	136.90	141.10	33.70
946.80	16.50	131.90	145.20	33.60
947.40	16.10	139.00	135.90	34.80
948.00	18.10	133.10	133.60	36.70
948.60	14.40	140.50	131.10	35.90
949.20	30.40	144.40	128.50	32.80
949.80	15.80	153.40	140.80	40.40
950.40	13.20	136.30	133.10	28.70
951.00	17.20	147.50	127.80	23.60
951.60	23.60	140.00	141.10	20.40
952.20	21.50	139.20	126.90	19.70
952.80	18.10	143.70	121.60	24.60
953.40	9.20	136.20	138.00	22.60
954.00	20.20	137.40	136.60	23.10
954.60	18.90	133.30	133.00	32.60
955.20	15.30	139.20	133.30	33.00
955.80	15.40	129.40	134.60	33.70
956.40	15.50	123.70	142.90	32.40
957.00	14.10	119.60	140.10	38.10
957.60	16.50	116.20	141.30	34.80
958.20	14.10	125.40	135.30	35.80
958.80	15.90	128.90	138.20	34.50
959.40	14.10	112.10	131.50	37.90
960.00	14.00	119.40	136.00	39.10
960.60	15.90	124.50	138.40	36.30
961.20	17.50	142.70	149.20	33.80
961.80	18.70	130.00	143.00	30.00
962.40	16.20	132.10	147.40	26.80
963.00	12.10	127.70	141.90	25.40
963.60	17.30	122.10	143.50	21.00
964.20	16.50	125.50	141.70	13.60
964.80	14.20	126.70	142.70	22.50
965.40	16.60	127.60	140.80	13.70
966.00	17.90	121.10	140.60	17.60
966.60	15.90	120.60	141.00	24.80
967.20	10.70	128.10	138.40	20.80
967.80	18.30	118.80	135.80	16.80
968.40	13.30	121.20	141.30	6.80
969.00	12.60	126.90	139.50	9.50
969.60	14.80	132.50	137.10	14.40
970.20	16.30	131.60	147.70	9.70
970.80	18.20	131.90	145.40	20.60
971.40	17.60	140.90	143.20	14.00
972.00	12.40	127.70	137.70	14.70
972.60	15.40	138.60	126.40	14.10
973.20	11.10	140.50	130.50	19.10
973.80	17.10	135.60	138.30	12.60
974.40	18.50	141.90	134.60	7.80
975.00	18.00	138.20	135.70	10.60
975.60	15.50	152.80	127.90	10.60
976.20	18.90	140.00	130.20	12.60
976.80	16.40	136.70	132.20	7.90
977.40	15.60	132.90	122.30	20.50
978.00	14.30	132.90	129.40	21.30
978.60	13.70	130.00	129.90	19.30
979.20	12.50	120.30	128.50	20.00
979.80	14.60	123.70	120.00	16.20
980.40	17.10	109.10	116.20	17.90
981.00	18.10	106.00	113.90	17.40
981.60	17.40	121.60	116.80	18.20
982.20	24.50	121.70	112.50	19.70
982.80	14.70	129.60	120.40	19.10
983.40	17.20	123.70	126.90	29.30
984.00	13.60	126.20	125.00	31.70
984.60	13.80	107.90	126.20	43.90
985.20	16.70	118.00	140.10	31.40
985.80	14.90	125.90	132.30	34.00
986.40	17.40	119.50	133.80	16.50
987.00	17.30	110.80	137.70	19.00
987.60	15.00	123.00	147.00	24.60
988.20	14.40	131.50	140.40	24.80
988.80	18.70	123.30	141.20	22.60
989.40	16.40	118.30	140.00	24.70
990.00	17.90	124.00	144.10	20.40
990.60	10.60	121.40	146.40	26.50
991.20	10.80	110.30	157.20	16.50
991.80	15.70	109.30	151.10	14.40
992.40	14.60	123.40	156.10	23.90
993.00	16.00	130.50	152.80	12.40
993.60	32.80	131.70	149.20	8.20
994.20	14.90	136.40	156.00	13.40
994.80	18.90	138.40	146.50	17.50
995.40	9.30	131.10	150.20	11.50
996.00	14.50	139.60	148.60	10.90
996.60	18.10	143.90	150.00	6.80
997.20	16.70	147.40	154.90	14.50
997.80	15.40	144.40	142.70	16.50
998.40	13.90	141.70	138.30	15.40
999.00	14.20	141.20	137.60	11.50
999.60	12.70	139.70	129.80	13.20
1000.20	17.20	148.10	123.90	20.50
1000.80	5.70	139.70	128.20	18.90
1001.40	7.50	138.10	135.50	15.90
1002.00	7.70	134.50	134.20	18.20
1002.60	10.90	142.90	136.00	2.00
1003.20	9.50	141.00	142.60	9.80
1003.80	7.50	134.70	139.90	13.40
1004.40	8.50	127.70	149.00	17.70
1005.00	11.30	133.50	147.90	18.50
1005.60	17.70	136.40	156.80	21.50
1006.20	17.70	140.00	153.10	22.40
1006.80	10.90	138.10	157.90	21.80
1007.40	12.40	145.10	150.60	23.90
1008.00	16.30	141.70	151.00	15.40
1008.60	10.70	142.10	153.20	23.10
1009.20	25.80	143.50	141.30	17.50
1009.80	16.50	145.50	162.60	16.20
1010.40	14.40	147.10	153.60	19.30
1011.00	16.50	146.90	159.60	21.30
1011.60	16.10	147.30	141.00	18.80
1012.20	18.40	151.40	149.10	20.30
1012.80	17.90	152.20	137.90	16.10
1013.40	23.70	147.90	138.60	18.90
1014.00	19.10	147.60	139.70	18.70
1014.60	14.60	142.60	130.40	20.40
1015.20	12.00	133.90	148.10	15.60
1015.80	18.30	129.50	146.60	14.10
1016.40	9.90	117.10	147.10	18.40
1017.00	21.30	141.00	145.20	21.30
1017.60	19.10	125.20	143.10	21.20
1018.20	16.40	124.60	142.30	21.70
1018.80	13.40	126.10	141.00	9.40
1019.40	16.40	134.60	136.80	18.20
1020.00	14.60	135.50	134.90	18.40
1020.60	13.30	133.10	136.30	11.90
1021.20	13.50	136.10	136.70	17.50
1021.80	19.50	138.40	138.00	19.30
1022.40	20.40	135.70	130.30	21.60
1023.00	19.70	138.60	135.80	20.50
1023.60	17.30	138.50	142.80	19.50
1024.20	15.50	136.80	141.00	14.30
1024.80	13.00	135.50	141.20	18.50
1025.40	13.50	136.30	150.80	12.70
1026.00	12.50	130.60	146.40	16.20
1026.60	16.30	139.50	148.90	16.00
1027.20	16.50	131.80	149.00	13.20
1027.80	13.90	131.90	157.50	20.60
1028.40	12.10	135.80	155.70	15.00
1029.00	19.40	137.30	152.20	14.50
1029.60	11.60	135.60	155.80	15.60
1030.20	11.20	145.90	154.10	10.60
1030.80	13.90	133.90	156.90	12.50
1031.40	17.30	141.80	142.90	16.50
1032.00	16.60	143.30	144.90	19.60
1032.60	12.50	145.10	147.30	20.00
1033.20	17.70	143.40	142.90	21.60
1033.80	13.00	141.70	149.10	14.20
1034.40	18.80	151.30	149.20	12.50
1035.00	16.30	152.30	154.10	16.30
1035.60	21.70	156.50	144.20	13.40
1036.20	17.30	149.00	153.30	16.60
1036.80	16.40	145.20	151.50	15.00
1037.40	16.40	143.90	150.00	11.30
1038.00	21.30	143.00	144.10	10.40
1038.60	27.20	142.70	144.00	12.80
1039.20	17.80	142.80	142.70	30.80
1039.80	17.30	141.80	154.40	13.10
1040.40	14.80	147.50	154.90	5.90
1041.00	18.40	143.90	138.20	16.30
1041.60	18.30	134.40	136.40	14.20
1042.20	12.60	135.70	138.90	13.40
1042.80	15.40	146.50	140.60	14.60
1043.40	17.80	140.30	139.40	13.30
1044.00	17.00	142.30	141.60	14.80
1044.60	16.70	143.00	150.30	13.10
1045.20	21.90	134.80	155.40	14.30
1045.80	11.40	136.00	152.30	21.30
1046.40	15.80	137.10	157.90	12.80
1047.00	20.30	131.20	153.10	10.50
1047.60	13.30	131.20	161.70	6.50
1048.20	14.00	122.90	151.70	13.40
1048.80	20.80	141.60	153.60	14.60
1049.40	13.20	142.20	146.20	14.70
1050.00	15.00	136.00	146.80	28.80
1050.60	13.20	138.10	142.10	30.80
1051.20	17.50	123.70	138.50	18.60
1051.80	13.90	141.40	143.30	17.60
1052.40	14.50	132.80	146.10	17.30
1053.00	23.10	140.40	148.00	19.70
1053.60	16.10	139.90	154.90	21.40
1054.20	12.70	143.40	151.70	13.40
1054.80	11.90	144.90	147.90	20.30
1055.40	22.20	140.60	149.00	13.00
1056.00	12.80	143.80	141.90	7.20
1056.60	12.40	136.50	146.40	18.40
1057.20	18.80	142.60	138.20	17.90
1057.80	14.40	140.60	148.60	14.00
1058.40	16.00	153.90	138.00	17.60
1059.00	22.60	145.70	143.40	12.40
1059.60	14.40	146.20	140.70	13.80
1060.20	18.40	139.10	136.50	11.20
1060.80	16.00	135.00	140.30	13.40
1061.40	14.20	142.60	130.50	20.60
1062.00	17.00	132.60	129.50	19.50
1062.60	18.20	138.30	130.50	15.70
1063.20	15.20	138.30	134.80	17.40
1063.80	9.00	129.10	138.10	14.20
1064.40	16.20	127.40	141.40	17.60
1065.00	13.70	126.00	143.10	11.30
1065.60	16.30	122.70	141.10	16.50
1066.20	11.70	128.40	140.20	17.60
1066.80	17.90	133.10	143.90	14.50
1067.40	18.80	131.90	134.20	14.90
1068.00	11.00	122.70	135.40	12.30
1068.60	20.80	125.70	144.00	13.80
1069.20	20.80	125.80	134.00	12.10
1069.80	16.00	127.10	142.50	10.60
1070.40	12.30	126.00	140.90	7.40
1071.00	19.80	125.80	139.70	8.30
1071.60	13.00	126.90	147.50	5.70
1072.20	14.80	128.90	139.00	11.20
1072.80	17.10	127.20	132.20	13.40
1073.40	16.20	127.00	130.30	18.90
1074.00	22.50	127.80	144.00	16.60
1074.60	19.70	127.80	137.40	19.20
1075.20	14.70	130.60	146.00	12.80
1075.80	11.70	135.30	142.10	16.60
1076.40	13.10	130.20	137.90	16.20
1077.00	14.70	121.40	134.80	18.20
1077.60	14.90	136.90	137.50	11.70
1078.20	18.30	134.60	147.10	16.70
1078.80	10.60	130.40	143.90	13.40
1079.40	33.40	128.40	143.10	22.50
1080.00	15.90	139.50	141.50	24.20
1080.60	11.80	133.90	141.70	11.60
1081.20	8.70	123.10	141.80	13.30
1081.80	14.90	127.30	133.00	17.10
1082.40	18.10	120.80	138.30	7.10
1083.00	15.50	115.90	137.60	20.20
1083.60	15.10	130.40	142.10	17.60
1084.20	13.10	121.00	133.00	15.00
1084.80	25.50	137.00	131.80	22.10
1085.40	15.40	128.50	128.80	17.30
1086.00	12.90	140.60	123.90	16.10
1086.60	16.70	135.10	134.10	18.30
1087.20	13.10	141.20	128.20	13.60
1087.80	16.20	143.00	137.20	15.10
1088.40	9.70	137.90	141.10	10.60
1089.00	15.60	130.70	137.00	13.60
1089.60	19.50	141.40	134.00	14.40
1090.20	19.40	134.60	139.00	10.70
1090.80	16.10	132.00	134.00	10.90
1091.40	16.10	129.60	143.30	13.80
1092.00	15.90	130.00	137.60	15.10
1092.60	17.30	124.90	138.10	11.80
1093.20	18.60	132.00	139.60	8.50
1093.80	21.10	138.30	130.70	7.30
1094.40	18.40	137.90	140.00	12.00
1095.00	13.60	132.10	145.00	13.60
1095.60	15.00	142.00	138.40	9.40
1096.20	9.80	137.30	138.20	17.80
1096.80	17.70	135.60	126.70	9.70
1097.40	12.60	138.80	122.90	11.70
1098.00	14.60	134.70	137.20	20.60
1098.60	18.70	125.00	144.60	21.70
1099.20	19.90	125.70	139.20	12.50
1099.80	18.40	121.60	136.20	17.20
1100.40	15.40	116.30	136.30	23.30
1101.00	16.00	117.20	141.20	20.70
1101.60	16.50	114.00	143.40	23.40
1102.20	15.10	116.00	142.50	26.10
1102.80	15.60	120.00	144.90	19.80
1103.40	20.80	127.30	143.40	16.40
1104.00	15.20	129.10	135.90	14.10
1104.60	9.60	125.50	132.60	9.30
1105.20	15.30	128.30	137.70	12.50
1105.80	19.70	128.80	135.70	17.50
1106.40	14.90	132.70	119.50	13.80
1107.00	14.70	119.50	108.60	18.80
1107.60	14.30	133.40	130.10	10.40
1108.20	12.10	118.00	129.50	14.80
1108.80	14.30	119.60	134.40	12.30
1109.40	15.00	129.10	130.10	12.30
1110.00	12.40	122.90	128.40	9.80
1110.60	16.60	119.20	128.50	11.80
1111.20	18.20	132.90	134.80	11.60
1111.80	16.00	139.20	140.40	12.90
1112.40	21.70	129.90	134.60	13.50
1113.00	12.80	135.00	140.10	7.70
1113.60	18.00	132.50	134.30	17.20
1114.20	21.30	133.70	133.00	21.20
1114.80	14.30	123.80	135.70	27.00
1115.40	18.50	132.30	137.90	11.00
1116.00	15.70	138.00	141.10	14.60
1116.60	14.20	123.00	139.90	18.50
1117.20	15.70	130.30	137.40	14.00
1117.80	14.60	124.80	129.10	18.60
1118.40	18.30	140.80	147.70	18.40
1119.00	15.90	140.10	149.50	17.50
1119.60	19.40	141.10	143.80	10.30
1120.20	17.00	133.70	138.70	14.80
1120.80	17.20	142.00	138.10	12.30
1121.40	16.80	130.20	137.20	15.10
1122.00	14.90	133.90	137.50	10.60
1122.60	18.40	129.50	133.20	5.40
1123.20	19.40	124.20	133.00	16.20
1123.80	18.30	139.20	138.70	8.40
1124.40	14.20	140.90	137.00	21.90
1125.00	14.80	145.40	141.70	20.10
1125.60	17.70	154.40	136.00	15.50
1126.20	13.50	141.60	136.50	18.20
1126.80	16.80	141.40	137.90	11.80
1127.40	14.00	146.80	130.30	17.10
1128.00	15.80	140.10	137.70	15.60
1128.60	12.80	152.70	139.70	14.90
1129.20	18.80	146.50	144.00	23.90
1129.80	10.60	140.20	140.90	24.80
1130.40	13.00	145.90	132.40	6.30
1131.00	20.10	128.90	131.20	10.00
1131.60	15.30	138.00	138.30	18.30
1132.20	18.10	136.90	144.30	25.10
1132.80	13.20	141.80	138.60	17.90
1133.40	16.10	144.10	131.70	12.50
1134.00	13.80	139.50	137.00	13.40
1134.60	16.60	141.20	142.50	23.80
1135.20	13.40	139.50	134.30	21.40
1135.80	14.50	135.10	134.90	17.70
1136.40	14.50	133.00	132.20	13.20
1137.00	15.30	135.80	124.70	20.40
1137.60	16.90	132.10	142.70	16.10
1138.20	15.50	137.00	133.10	19.80
1138.80	12.40	131.50	138.50	12.70
1139.40	13.10	128.70	142.80	11.80
1140.00	19.00	130.20	140.10	16.80
1140.60	20.00	133.10	147.20	12.80
1141.20	14.90	140.70	149.40	16.60
1141.80	16.10	143.10	157.30	37.60
1142.40	14.10	138.80	154.80	15.00
1143.00	15.40	149.10	141.20	18.60
1143.60	16.10	152.10	148.50	13.40
1144.20	12.80	150.80	144.30	14.40
1144.80	16.30	151.10	144.20	12.00
1145.40	16.50	147.40	154.60	14.70
1146.00	17.80	138.00	149.00	18.60
1146.60	12.00	142.80	147.30	20.10
1147.20	16.60	143.60	133.20	14.60
1147.80	16.20	142.20	138.00	13.20
1148.40	16.20	144.30	129.50	15.80
1149.00	15.30	139.30	129.10	7.20
1149.60	17.00	134.80	137.10	5.60
1150.20	16.70	126.20	145.10	13.40
1150.80	19.20	138.10	142.00	18.50
1151.40	11.70	136.60	150.30	6.40
1152.00	13.10	157.10	141.70	14.30
1152.60	13.70	149.90	147.40	14.10
1153.20	11.00	135.10	143.10	9.40
1153.80	18.80	140.30	146.60	15.10
1154.40	12.40	120.40	142.70	10.20
1155.00	14.80	133.40	145.10	14.10
1155.60	11.60	135.00	136.90	14.10
1156.20	12.30	136.40	139.40	12.20
1156.80	10.90	131.70	146.40	13.80
1157.40	15.40	129.10	140.60	12.30
1158.00	7.40	140.30	142.80	6.00
1158.60	13.20	135.80	141.30	8.30
1159.20	15.60	133.80	143.20	10.40
1159.80	14.40	142.20	138.80	17.60
1160.40	13.40	130.00	137.00	13.50
1161.00	15.80	123.20	127.90	17.40
1161.60	15.10	128.30	125.40	17.50
1162.20	21.90	136.80	125.10	15.60
1162.80	21.70	145.70	119.80	13.50
1163.40	11.30	139.70	130.80	15.80
1164.00	17.40	125.20	137.60	16.40
1164.60	16.10	140.90	135.30	12.00
1165.20	15.20	136.10	138.60	16.10
1165.80	15.50	134.60	134.20	10.70
1166.40	19.30	141.30	133.40	11.70
1167.00	13.10	146.40	136.10	13.50
1167.60	18.50	152.70	139.60	17.70
1168.20	17.00	149.80	143.90	6.00
1168.80	15.90	144.30	133.30	10.20
1169.40	12.90	142.20	141.90	17.40
1170.00	12.90	145.40	136.80	7.30
1170.60	15.40	142.50	143.90	4.90
1171.20	24.10	151.60	137.10	17.10
1171.80	17.90	137.60	142.90	19.30
1172.40	17.00	131.40	137.00	16.10
1173.00	10.80	132.60	130.50	2.00
1173.60	14.00	135.00	123.30	13.10
1174.20	19.40	126.00	129.60	23.10
1174.80	14.20	141.10	128.70	16.40
1175.40	14.90	139.30	133.00	27.70
1176.00	12.30	143.80	137.00	23.20
1176.60	17.90	126.30	131.50	14.10
1177.20	19.00	114.90	131.70	15.50
1177.80	14.50	132.70	131.80	16.30
1178.40	20.50	132.20	129.10	23.70
1179.00	15.80	131.10	122.00	5.00
1179.60	15.40	141.40	122.00	19.70
1180.20	14.60	135.50	133.30	21.50
1180.80	11.90	134.00	117.40	21.70
1181.40	15.70	136.10	120.10	31.30
1182.00	18.60	134.30	135.30	35.10
1182.60	12.50	134.70	119.10	16.50
1183.20	17.90	133.00	127.90	28.00
1183.80	15.30	137.90	118.80	22.60
1184.40	16.40	135.80	124.50	24.20
1185.00	12.60	133.80	129.00	19.90
1185.60	13.20	125.90	122.60	20.80
1186.20	15.10	146.40	117.70	26.40
1186.80	16.90	143.10	122.60	22.60
1187.40	16.80	139.00	122.70	14.80
1188.00	13.30	145.50	121.00	22.30
1188.60	16.90	144.90	129.90	17.20
1189.20	10.00	140.80	122.80	26.60
1189.80	14.30	143.30	121.40	18.70
1190.40	14.70	136.60	120.40	10.90
1191.00	13.50	137.50	131.90	24.70
1191.60	14.20	136.00	141.40	4.60
1192.20	12.90	137.50	133.00	12.00
1192.80	21.10	138.40	139.50	15.40
1193.40	13.10	144.10	138.40	16.30
1194.00	19.40	143.70	141.00	17.00
1194.60	18.80	141.90	150.70	12.40
1195.20	14.10	141.90	148.40	14.90
1195.80	12.70	141.80	145.70	6.60
1196.40	12.40	147.30	156.50	22.70
1197.00	26.20	150.70	153.90	21.60
1197.60	27.00	150.60	157.70	22.70
1198.20	10.20	142.60	153.40	16.50
1198.80	16.80	134.10	156.40	15.80
1199.40	20.60	146.40	140.80	17.90
1200.00	14.50	145.40	135.70	19.00
1200.60	15.20	131.80	133.90	7.30
1201.20	16.30	153.40	144.00	13.80
