#	SIM_0		#	SIM_-10		#	SIM_-12		#	SIM_-15		#	SIM_-2		#	SIM_-4		#	SIM_-5		#	SIM_-6		#	SIM_-7		#	SIM_-8		#	SIM_-9	
1	175851857.490562	1	190501375.350829	1	192199490.238150	1	193028756.772519	1	181388248.873654	1	182060249.553111	1	185824636.459103	1	185253431.139460	1	187689295.290644	1	187527029.011009	1	189008630.779056
500	173447858.590628	500	189505433.010399	500	191389394.113386	500	191021582.994926	500	178975063.778912	500	181157909.494925	500	182950804.138616	500	185950558.053408	500	185915083.513184	500	185376780.480743	500	191030524.034715
1000	174228396.979471	1000	190303903.306730	1000	191833070.385693	1000	193066569.043953	1000	179961178.140402	1000	182162861.274444	1000	185153466.615817	1000	185457476.792673	1000	186692513.129107	1000	186444966.052467	1000	188463829.300177
1500	175232174.797600	1500	191385866.620595	1500	191978728.839469	1500	191821852.496580	1500	179722874.934279	1500	184315745.960733	1500	184384330.784184	1500	183871549.253247	1500	184935261.847882	1500	188387888.361500	1500	188537472.191480
2000	172850543.950185	2000	190467640.942476	2000	191520077.587595	2000	192408391.820023	2000	179852497.722352	2000	182739020.611668	2000	184237385.401410	2000	184906054.891090	2000	186352926.610407	2000	187092042.493808	2000	188834870.748570
2500	173667913.754497	2500	189685630.379319	2500	190344613.121268	2500	193460871.025656	2500	177107834.805372	2500	183203691.028755	2500	183300866.203571	2500	186735408.760115	2500	186057550.301485	2500	186845041.474076	2500	190454731.963239
3000	173458348.116320	3000	189596946.577248	3000	190117868.292389	3000	191166120.168538	3000	177830452.475346	3000	182935946.347452	3000	183696321.691992	3000	185999890.226813	3000	186379780.450993	3000	189890983.822875	3000	189932356.629574
3500	174434170.479405	3500	190718469.577115	3500	190592032.892159	3500	190680076.205648	3500	179340078.112115	3500	181341298.627546	3500	183682425.389322	3500	185098724.817515	3500	185794944.658259	3500	188328608.912821	3500	189884618.846565
4000	173189171.812781	4000	190266940.187704	4000	190302031.683912	4000	190769076.728957	4000	178927932.783028	4000	181705576.402092	4000	183151716.399765	4000	185314067.106694	4000	188775051.858816	4000	187863074.863170	4000	191752206.052262
4500	175840207.650508	4500	189838927.924393	4500	188996312.121916	4500	192905987.995265	4500	179616874.278373	4500	181822912.781223	4500	183638782.185182	4500	185896903.711702	4500	187376256.231951	4500	187148091.580376	4500	190779990.533775
5000	173756284.567257	5000	190976461.343758	5000	189355571.858432	5000	191980019.647811	5000	179378624.024954	5000	181753337.408829	5000	182611758.503259	5000	186244513.993911	5000	185871665.799211	5000	189147405.751130	5000	188319381.155200
5500	177488423.143218	5500	190020677.090392	5500	188764189.916510	5500	191657817.085373	5500	178008321.482104	5500	183712611.149228	5500	183593679.360411	5500	184750725.874407	5500	187206336.151393	5500	188579384.985598	5500	190245742.431524
6000	174861952.616171	6000	190626748.337109	6000	189301252.807438	6000	192317376.256627	6000	181342384.316082	6000	182065718.688863	6000	183295765.726343	6000	185405112.853956	6000	187635217.668916	6000	188055149.731043	6000	188738603.543440
6500	175164105.951719	6500	189971798.795757	6500	192186637.093164	6500	193275364.103909	6500	179732154.847673	6500	183078170.357395	6500	185311938.737156	6500	184454052.974798	6500	188323677.658268	6500	186624461.236015	6500	190127364.948789
7000	173357020.491664	7000	190686259.508342	7000	190979186.506030	7000	192019954.743762	7000	179761606.725918	7000	183014389.183469	7000	186378036.353998	7000	184927619.403907	7000	187304979.133851	7000	188914265.836469	7000	188508873.935145
7500	175336262.576963	7500	188765489.741558	7500	190453705.917493	7500	190490594.671391	7500	177786211.536984	7500	181723573.905523	7500	183210784.696977	7500	186310496.561509	7500	183836451.870765	7500	188015433.290743	7500	190605066.614190
8000	175765379.620732	8000	190090500.876859	8000	193570580.389589	8000	193016889.015666	8000	181134212.552575	8000	182734831.506526	8000	184160746.649152	8000	184786979.761542	8000	187177942.139198	8000	186347036.325518	8000	189398467.167301
8500	174590090.739891	8500	187978001.853647	8500	191913040.169571	8500	191706721.961316	8500	177680810.368048	8500	181992400.839825	8500	183517496.436231	8500	184737722.803939	8500	186797023.348643	8500	188140102.623574	8500	190368259.050223
9000	176495032.371699	9000	188790055.660625	9000	192292095.820842	9000	193335558.306014	9000	179532123.126736	9000	181377626.770125	9000	185324461.019229	9000	185111905.476413	9000	185175310.624878	9000	189394476.737118	9000	189128433.606846
9500	176679270.540117	9500	190186694.578888	9500	189599578.414679	9500	192763996.779708	9500	178723099.384322	9500	183134672.997497	9500	183279701.672473	9500	184912156.947843	9500	186340013.934115	9500	187171137.872211	9500	188375328.298382
10000	176361360.565365	10000	190747219.707871	10000	189826465.162475	10000	192153810.311527	10000	179273546.385374	10000	181294403.873722	10000	183473925.373719	10000	187130813.992393	10000	186510632.522234	10000	188747988.128677	10000	188322053.874523
10500	174868239.946128	10500	189866314.581531	10500	192789099.189925	10500	191597954.870870	10500	178537184.125714	10500	181783246.827014	10500	183027947.832527	10500	184376335.507420	10500	189080850.708926	10500	187909929.247365	10500	189403335.861249
11000	177538445.470689	11000	190645157.825766	11000	192098764.437871	11000	193273049.628643	11000	181487593.995768	11000	181789176.574822	11000	184039491.878454	11000	186137031.542732	11000	186625957.416821	11000	188827092.638037	11000	189185492.321042
11500	173192322.008083	11500	189155639.154645	11500	189792404.426147	11500	194722646.323753	11500	179188388.756241	11500	184377661.949525	11500	183718605.364274	11500	185941460.671789	11500	184282045.624744	11500	188947010.892850	11500	189370107.461771
12000	175810702.000652	12000	189370250.594754	12000	191951420.106152	12000	193929070.722663	12000	179144801.328186	12000	180836403.386026	12000	184772141.239127	12000	186074599.297091	12000	185868448.647126	12000	189184781.906098	12000	188249068.936438
12500	174623125.840672	12500	188982188.611078	12500	192228694.024413	12500	191883888.891905	12500	179651434.405634	12500	182597310.110218	12500	184381794.440664	12500	186043552.731284	12500	186846507.128290	12500	187652036.856635	12500	188027210.993865
13000	175421685.616595	13000	189899603.130378	13000	191205095.119760	13000	192895688.560237	13000	181065093.972996	13000	183517400.173091	13000	186018723.153979	13000	185079172.064431	13000	186895460.626011	13000	188525565.356051	13000	189605896.902216
13500	176625627.291152	13500	188561461.745207	13500	191317552.548898	13500	193508682.162199	13500	178893775.866702	13500	183049720.991356	13500	184173804.091049	13500	186679307.000298	13500	187180404.802755	13500	189301634.425322	13500	188975254.667264
14000	174317078.430151	14000	188560820.158875	14000	190826826.157252	14000	192207542.916037	14000	179144351.899085	14000	181680485.776683	14000	184221599.018310	14000	184012604.867100	14000	188356026.455207	14000	186514712.451795	14000	189481027.277279
14500	175903914.820472	14500	188773361.551417	14500	190658010.579300	14500	191016759.537352	14500	180780261.238954	14500	182447313.398631	14500	183394965.198053	14500	183939144.767647	14500	187112874.718912	14500	187324593.692907	14500	188267168.430441
15000	173814226.535427	15000	189294089.689784	15000	191203699.374174	15000	192202896.196100	15000	180098091.043125	15000	182452634.716167	15000	184148413.704021	15000	187143155.462863	15000	188062681.402923	15000	188578171.635834	15000	190759930.595046
15500	175820071.985096	15500	190995683.099159	15500	190814772.389159	15500	191065400.832821	15500	179089306.857298	15500	183458797.879393	15500	185644871.573742	15500	187137175.962570	15500	188138666.426710	15500	187981430.291834	15500	187100825.023010
16000	176005173.501308	16000	190018093.050543	16000	189451530.662538	16000	190829407.037223	16000	179467601.607417	16000	182543676.517186	16000	184244427.258732	16000	183859109.359604	16000	186594228.224256	16000	188678597.857492	16000	189574597.461772
16500	174666116.371331	16500	189064237.055674	16500	191669341.735550	16500	191944850.652027	16500	180050419.814580	16500	184186688.685832	16500	185730708.482866	16500	185022629.372498	16500	188049816.336251	16500	187521752.965837	16500	188176340.351173
17000	175204471.649880	17000	189288390.437173	17000	191822671.033106	17000	191163546.569635	17000	178506594.168807	17000	180627733.407160	17000	183249662.099629	17000	184658774.276973	17000	187409912.416564	17000	189163436.686265	17000	189590301.874384
17500	175411601.635352	17500	187028795.121263	17500	190051688.521242	17500	191929030.434231	17500	179342235.075614	17500	182645486.432772	17500	182528051.535578	17500	184871861.896045	17500	184735123.908254	17500	187339874.392006	17500	188943343.317022
18000	174205532.685547	18000	188940886.752120	18000	189753555.153148	18000	192541277.487476	18000	178062612.848965	18000	180981309.942375	18000	185930574.474682	18000	185630105.860983	18000	188694783.912382	18000	187805094.458179	18000	188667079.092145
18500	176269343.030710	18500	191228224.064446	18500	190587601.906882	18500	191976059.762836	18500	179058759.968916	18500	183967334.982820	18500	184166493.153346	18500	186527190.288197	18500	187054129.409519	18500	188083989.866123	18500	190672289.390201
19000	174814053.963841	19000	189270950.257664	19000	189226977.603190	19000	192666173.441954	19000	179849157.820573	19000	180772292.444366	19000	183721405.087173	19000	184823796.369302	19000	188721460.867808	19000	188878160.225293	19000	188600440.515562
19500	175236657.414770	19500	188354550.906739	19500	191307223.938349	19500	191775098.815535	19500	180575860.814230	19500	181581512.232172	19500	184473034.049789	19500	183765282.669308	19500	186756125.078179	19500	188840113.649374	19500	188687243.443389
20000	175636749.219490	20000	191250792.786684	20000	191386928.717798	20000	190927008.027358	20000	178641169.213804	20000	183488240.082639	20000	183251142.807097	20000	186519642.981378	20000	185914866.144013	20000	188029586.184735	20000	188428643.433505
20500	173933169.770882	20500	187107857.280084	20500	189719452.244206	20500	192187602.788435	20500	179034176.509798	20500	182882319.666531	20500	182738838.820864	20500	186949118.204652	20500	186399479.490328	20500	188893121.663904	20500	188738287.398694
21000	175273402.565385	21000	190235069.601625	21000	192215860.516864	21000	189925294.467950	21000	179685214.248477	21000	181730505.683092	21000	183863662.281883	21000	184365682.405359	21000	187194312.416500	21000	187867559.559170	21000	188818327.959498
21500	175800485.077492	21500	190268647.501880	21500	190897172.831231	21500	192680688.229357	21500	179221688.386420	21500	181903708.019205	21500	184279987.857236	21500	185638643.161628	21500	187126653.244370	21500	188222132.786742	21500	187348809.242808
22000	176859366.607016	22000	190873385.811836	22000	190688198.538375	22000	191764122.318170	22000	178142095.194016	22000	183003314.852783	22000	183426363.176318	22000	186046318.054009	22000	187793281.485133	22000	185601147.885772	22000	188365513.894603
22500	175212726.956461	22500	188363913.596449	22500	192109072.581932	22500	192299532.327490	22500	178852576.556268	22500	182755403.028839	22500	182728441.476104	22500	185795492.246147	22500	187760105.699712	22500	187396902.385986	22500	189892399.611284
23000	173475891.786619	23000	189820623.384313	23000	191067189.728379	23000	193756598.112798	23000	178931431.635245	23000	184126894.417298	23000	183931002.017663	23000	184651873.181699	23000	187512422.535193	23000	188252296.446714	23000	190212972.835083
23500	172816959.615591	23500	189399097.215033	23500	191459453.599442	23500	193216437.503792	23500	179582923.922185	23500	182964718.079895	23500	185198987.827630	23500	186521452.850431	23500	187603428.994994	23500	188331704.633591	23500	186055087.434661
24000	176724443.905638	24000	189501168.448348	24000	190810920.712980	24000	192820397.089019	24000	181408070.430421	24000	183013531.055505	24000	183615980.960731	24000	185501466.852038	24000	187823235.777632	24000	187442096.797307	24000	189817941.555217
24500	175319848.572513	24500	190281363.747108	24500	190352133.597802	24500	192352621.171940	24500	177993236.292193	24500	183320487.875215	24500	182397410.469457	24500	186329841.518316	24500	187936458.405424	24500	187045150.091821	24500	190088950.160119
25000	174600912.593103	25000	191697614.485864	25000	190298353.755926	25000	192623863.132750	25000	179338432.977855	25000	183853035.919807	25000	183925578.924998	25000	186058003.329625	25000	187931327.112757	25000	189188392.833727	25000	190167753.006381
25500	172994031.970365	25500	188880596.965226	25500	190170685.697031	25500	192994305.639952	25500	179118670.706175	25500	181415191.542404	25500	186068469.672170	25500	186596437.260714	25500	185251758.081261	25500	187639413.170812	25500	188897014.912416
26000	175462651.890330	26000	192773963.170614	26000	191186243.826422	26000	191486558.113319	26000	181551910.400119	26000	183522794.330506	26000	184881921.982501	26000	187626739.451948	26000	188978661.460497	26000	187444187.614997	26000	188658420.288169
26500	174305699.567486	26500	191773980.665642	26500	190436980.652435	26500	192442113.828961	26500	180678335.049206	26500	181507802.867873	26500	185408838.012836	26500	183579462.730494	26500	187659419.255083	26500	187303308.428775	26500	189096395.677233
27000	175234222.216852	27000	189478882.576926	27000	191145602.781138	27000	193247268.424313	27000	178414803.117372	27000	182896821.416615	27000	184715295.895424	27000	185236111.454630	27000	185744094.243168	27000	187236015.187996	27000	189687230.752368
27500	175235968.911311	27500	189043415.550517	27500	189164720.161278	27500	190491568.473551	27500	179112703.736024	27500	180963990.529821	27500	183007916.596430	27500	186469655.208458	27500	185785293.461901	27500	186126470.972073	27500	189798433.579665
28000	173330587.343108	28000	188352062.114391	28000	189584901.001991	28000	191967067.875757	28000	177858101.574984	28000	183849072.966731	28000	185226072.207034	28000	184400489.715585	28000	187056546.756934	28000	188210240.143567	28000	189636835.639372
28500	173510661.143783	28500	189515380.804246	28500	189944874.026080	28500	190919462.666945	28500	179139906.899670	28500	182900307.516613	28500	184597727.644348	28500	185012903.741388	28500	187782179.818982	28500	187452324.063255	28500	186785761.528064
29000	173306870.803335	29000	189013576.098510	29000	190016500.404565	29000	191052058.568974	29000	178941767.482223	29000	182706467.812610	29000	183601286.527494	29000	185197933.847335	29000	187536074.434595	29000	187854872.628869	29000	189139722.110968
29500	174697476.531976	29500	189651581.105230	29500	191208837.525726	29500	193146602.849336	29500	177163430.616755	29500	182148218.552191	29500	184856035.705363	29500	184201344.381810	29500	187163306.452180	29500	185969259.366740	29500	189015283.540964
30000	174136720.579400	30000	190034457.905759	30000	192003583.159729	30000	191014432.105210	30000	179769893.487914	30000	181886970.712598	30000	183903674.907534	30000	188142347.209880	30000	187114864.089931	30000	186905898.209853	30000	187674132.027727
30500	175125851.730064	30500	191039388.256117	30500	189944693.087024	30500	192745253.899935	30500	180074208.165907	30500	182567999.712206	30500	183372486.095044	30500	185741536.009039	30500	187236136.897127	30500	188131139.007047	30500	187930923.010775
31000	173864037.237888	31000	190868820.553975	31000	192249936.514491	31000	192300422.571717	31000	179562772.006843	31000	183404404.178471	31000	184258217.428209	31000	186790148.747057	31000	187099191.570330	31000	188853860.698923	31000	189634515.323645
31500	174553066.678229	31500	190679137.571366	31500	191577207.251448	31500	194007559.345329	31500	181124254.045917	31500	182717928.731252	31500	183240977.527065	31500	185316296.063505	31500	187592055.065392	31500	188628144.742716	31500	189302458.695931
32000	175103005.367053	32000	190457822.570800	32000	189826550.114538	32000	192818750.126816	32000	179338692.931737	32000	182795034.483086	32000	182976449.021661	32000	184824687.330235	32000	187215389.159724	32000	187202917.775849	32000	187809775.457606
32500	174690061.398864	32500	190771398.831963	32500	192208201.875545	32500	192404012.010416	32500	179537777.256706	32500	182723006.629075	32500	185659527.033300	32500	187258505.467993	32500	186804229.211446	32500	187345799.327245	32500	190065237.815784
33000	173692802.873359	33000	189106108.594671	33000	190455914.766042	33000	191918709.490041	33000	178263784.745961	33000	182394807.135044	33000	183782723.711623	33000	187616298.659130	33000	187697816.273619	33000	187449199.649536	33000	188450339.564465
33500	175684021.683155	33500	190042246.522564	33500	189218038.425541	33500	190973019.693393	33500	178466969.338564	33500	180599223.594789	33500	184471165.983266	33500	187018805.046241	33500	186800868.798060	33500	188695673.400462	33500	187941957.334529
34000	173929794.868068	34000	189035198.230168	34000	190147025.463120	34000	191672574.894577	34000	178877679.079338	34000	182283712.050491	34000	183987998.411826	34000	184340867.781364	34000	186379719.124948	34000	188367839.881427	34000	191190389.355916
34500	174068111.572597	34500	189759840.257859	34500	192775367.591873	34500	193215718.356208	34500	180002274.216439	34500	183073279.610593	34500	183660178.658977	34500	185212637.756426	34500	188465935.572193	34500	188941949.073680	34500	189914937.894244
35000	174461472.685691	35000	189567426.699603	35000	192013638.130738	35000	192618440.140813	35000	178697296.954926	35000	184582379.970572	35000	184892561.247840	35000	186863941.210068	35000	186164037.018288	35000	187829105.257294	35000	190942083.493694
35500	174639393.144291	35500	187758670.587393	35500	192900411.002638	35500	192802995.546793	35500	178722677.639039	35500	182967758.345856	35500	183233009.810866	35500	184366407.591870	35500	186992175.998510	35500	188239248.715401	35500	186529030.720071
36000	174885867.968428	36000	187791251.773533	36000	190936297.466862	36000	191247825.547709	36000	179157766.097581	36000	180170043.594468	36000	184587783.746646	36000	186150869.794080	36000	184934486.020182	36000	187503215.894960	36000	189373001.575027
36500	173633506.969376	36500	189116167.014390	36500	189626588.483380	36500	191646667.128768	36500	180014796.646656	36500	182385213.267030	36500	184578137.918215	36500	184681248.290677	36500	187290425.229723	36500	186633160.316711	36500	188633457.323771
37000	174519523.725876	37000	188767180.415317	37000	189355351.178101	37000	191911286.056170	37000	178102793.076220	37000	182547459.054662	37000	185047506.005767	37000	185418428.065816	37000	186176225.293321	37000	187052885.016472	37000	189219898.730610
37500	173474586.638297	37500	190527388.443651	37500	191521064.144832	37500	192133870.126410	37500	179433189.884473	37500	182430867.974704	37500	184167962.225004	37500	186137067.658217	37500	185993910.821013	37500	187477627.281862	37500	189003735.061316
38000	175981873.090938	38000	190755545.476201	38000	189710199.191884	38000	191992067.940253	38000	181614733.214708	38000	184193694.040246	38000	184292496.562988	38000	185112778.496599	38000	186638214.494807	38000	187550083.020371	38000	188417296.462039
38500	174888794.432420	38500	192176450.139784	38500	190825498.873220	38500	191412607.837049	38500	179496775.031210	38500	184216523.029069	38500	184295141.823778	38500	187675075.051182	38500	185828369.025540	38500	188024493.821024	38500	191680283.036643
39000	175165379.343571	39000	189670295.497765	39000	191512594.524096	39000	192711463.583951	39000	180461046.356803	39000	183357534.334616	39000	183779212.618263	39000	185450678.879422	39000	187947719.080863	39000	187464605.462723	39000	188734831.060835
39500	177075407.949008	39500	192476187.556759	39500	193240653.720906	39500	191409211.072539	39500	180085513.497213	39500	182435919.034931	39500	184477166.480447	39500	184211930.814078	39500	186131772.494841	39500	190120728.311362	39500	189879805.373056
40000	174997347.845988	40000	188637937.740720	40000	191485015.612945	40000	191289087.433253	40000	179138165.802520	40000	181011409.259337	40000	183224040.832496	40000	182803897.940323	40000	187710369.221516	40000	187391900.684169	40000	188916121.973880
40500	174692637.098189	40500	190118355.452600	40500	191973843.741395	40500	192834230.293160	40500	178195647.398831	40500	181576336.406820	40500	183410250.098909	40500	184114186.247999	40500	188097376.597743	40500	189472443.412686	40500	190100040.732015
41000	175326013.847937	41000	188852321.167883	41000	191602185.206298	41000	191840550.377793	41000	179075107.730001	41000	182365161.143732	41000	184951171.348517	41000	183999675.777709	41000	187269700.594251	41000	186287095.110301	41000	189958182.984919
41500	174869823.996436	41500	191717694.212301	41500	191944529.661981	41500	191723074.353819	41500	180108227.382590	41500	185116127.011725	41500	186298333.663203	41500	186783852.103260	41500	186312615.495099	41500	188467309.369021	41500	188899286.629570
42000	175492081.648151	42000	189828842.914775	42000	191295534.242928	42000	192882819.970459	42000	180435307.720777	42000	184790081.924012	42000	183243366.697751	42000	184931430.784422	42000	188066342.864985	42000	186640840.674436	42000	188471960.793452
42500	174554798.459697	42500	189732861.307898	42500	189914830.093305	42500	190735264.594862	42500	179205872.908909	42500	183530578.321967	42500	183667227.230600	42500	184283985.479754	42500	185839859.892481	42500	188100587.758577	42500	189376658.419473
43000	176187992.274802	43000	191315326.731899	43000	189553283.100063	43000	191887993.014320	43000	179262095.961864	43000	182877955.095085	43000	183373192.088273	43000	185943250.556317	43000	186072138.017263	43000	187589404.311734	43000	189407075.670832
43500	175863578.839221	43500	189986275.361277	43500	191106358.056519	43500	192949283.112563	43500	177123184.803170	43500	180267732.650716	43500	185288419.585883	43500	185074234.788478	43500	186048549.522703	43500	187242019.493669	43500	188617365.644533
44000	171683593.706885	44000	190108214.299310	44000	190517101.997691	44000	191828533.396472	44000	178438473.393227	44000	184658772.657839	44000	183956346.546570	44000	184197195.175395	44000	185555546.121821	44000	187509199.622197	44000	189173873.335940
44500	173557277.842596	44500	190389596.604545	44500	190178213.371169	44500	193434511.015300	44500	178137783.240550	44500	184627236.565955	44500	183258332.038563	44500	187659795.375190	44500	185784564.269117	44500	187305341.492777	44500	187974005.940706
45000	174906113.168142	45000	190620003.208049	45000	192966421.211214	45000	192784646.862308	45000	179291946.764148	45000	183889230.659823	45000	184546741.557733	45000	185940753.313493	45000	186331040.710253	45000	187222566.238453	45000	189303786.418984
45500	175445340.703022	45500	190944581.026347	45500	189537289.047729	45500	195368437.363958	45500	180348809.786052	45500	183837260.881513	45500	183759230.006678	45500	186770210.027641	45500	186838963.017724	45500	187235937.801748	45500	187635091.873923
46000	173814386.524007	46000	190376643.030338	46000	189562784.380016	46000	192382930.197799	46000	178697130.252252	46000	180987217.599065	46000	185284323.169027	46000	184540474.365174	46000	186709833.088377	46000	187286307.182351	46000	186672752.944804
46500	174457345.049702	46500	188484452.420909	46500	190023523.060734	46500	193828711.246901	46500	179296372.758017	46500	181051828.688353	46500	183602514.968225	46500	186518480.443265	46500	185315025.637875	46500	187755301.115341	46500	188554558.335263
47000	175996300.164975	47000	189490522.521775	47000	192621079.232891	47000	194220001.360221	47000	179783284.340332	47000	182667562.693710	47000	185146292.229687	47000	186271790.475720	47000	187378739.297982	47000	189468876.052888	47000	189259455.149757
47500	176167767.333119	47500	189171904.960338	47500	191667212.281566	47500	191027417.336387	47500	178291613.802708	47500	182203139.576367	47500	184243716.288404	47500	187052968.926850	47500	188312316.156950	47500	188583772.752707	47500	186739415.478453
48000	176072208.820939	48000	189785950.018502	48000	189213935.337276	48000	191804730.066012	48000	180176402.524644	48000	181366880.281642	48000	183220640.731545	48000	185309517.983360	48000	186934739.018502	48000	186716878.927826	48000	190071362.266523
48500	175026427.397313	48500	189389123.776535	48500	190195746.124025	48500	191678895.199080	48500	178479364.813599	48500	183154700.329314	48500	183910973.558738	48500	186921462.980997	48500	186626581.987563	48500	189171969.781471	48500	190014155.644923
49000	174968577.661587	49000	190583379.379095	49000	192207962.064402	49000	191067061.176054	49000	177539790.616149	49000	182866361.256884	49000	183807384.386226	49000	183823086.726511	49000	186283922.354827	49000	186236312.768619	49000	189743569.555136
49500	174330871.711038	49500	192440452.668694	49500	191050617.634084	49500	192494970.017991	49500	178664394.899497	49500	182988691.319568	49500	183462248.032169	49500	185128135.666603	49500	187326689.475975	49500	186760581.682838	49500	187219603.851829
50000	175265982.385578	50000	189695983.267865	50000	190218682.683382	50000	191116208.408392	50000	178380443.502369	50000	181252555.679072	50000	183345757.458076	50000	184419819.100569	50000	187104174.161393	50000	188135982.368493	50000	189795813.248690
50500	176378173.623394	50500	189808478.149172	50500	192424742.564802	50500	192620522.420054	50500	177717432.307425	50500	180780384.738062	50500	183752807.396636	50500	183927911.502319	50500	184515491.755032	50500	186255031.750062	50500	187803650.570815
51000	175074348.754830	51000	191840071.169385	51000	191297776.002650	51000	190308144.151744	51000	178058185.807252	51000	181883075.727450	51000	184384138.951533	51000	185407990.679794	51000	186456953.246956	51000	187874161.502341	51000	188474695.656548
51500	173294259.163108	51500	190629635.171650	51500	191474040.306788	51500	192314046.266593	51500	178917483.100481	51500	182198503.183287	51500	183788836.093565	51500	187188711.815727	51500	186119314.538868	51500	189704021.160514	51500	188616584.144024
52000	174420829.353913	52000	188991984.965695	52000	190945826.294077	52000	190826762.788602	52000	177619205.865742	52000	181971399.060345	52000	184851455.515525	52000	184985468.464344	52000	186937613.555268	52000	188909890.673856	52000	190379508.580028
52500	173154488.380826	52500	191719442.925799	52500	190989993.346206	52500	191886585.985155	52500	177752182.280825	52500	183076529.724164	52500	184071811.271813	52500	186161485.209533	52500	185064948.862242	52500	189118035.300163	52500	188887013.497379
53000	175562913.882473	53000	189787606.330200	53000	189702357.834868	53000	192374009.212277	53000	180091648.416551	53000	183976171.567659	53000	182012842.148289	53000	184637047.397579	53000	186485679.639638	53000	187784117.857446	53000	189144680.015379
53500	173882549.992045	53500	190045354.117958	53500	190320535.626401	53500	191504174.094174	53500	179270340.119041	53500	181318375.100042	53500	183140687.667345	53500	185525848.864972	53500	186056664.582841	53500	187050736.505236	53500	191351621.167328
54000	176585001.686387	54000	191451439.016769	54000	192196557.286040	54000	192632283.021936	54000	180528204.801581	54000	182986046.803665	54000	184048885.775785	54000	186838597.197182	54000	186997077.171709	54000	187220009.181292	54000	189623850.528451
54500	175155970.086918	54500	189268345.285633	54500	189576076.613430	54500	193187993.499769	54500	180453898.445634	54500	183116993.037256	54500	184831520.371759	54500	185636788.223847	54500	187393101.698322	54500	187020189.634783	54500	190341892.969714
55000	174412105.737913	55000	189871461.652752	55000	191612130.262288	55000	191544121.620574	55000	177333027.138379	55000	182147693.175400	55000	184438854.666089	55000	186656852.495186	55000	186987186.340970	55000	187454336.834502	55000	189597615.240132
55500	174796110.812218	55500	189264498.260452	55500	190392859.751821	55500	191108254.206134	55500	178452055.848232	55500	183084359.049832	55500	183641744.337573	55500	185191192.142093	55500	186678578.742167	55500	188581756.784502	55500	189430158.227975
56000	176045537.486371	56000	189005571.735359	56000	191045996.935809	56000	193432437.334768	56000	178997247.117077	56000	183210362.745364	56000	182075729.548483	56000	186174127.686262	56000	187205998.294943	56000	186838874.701047	56000	188984012.451333
56500	172768596.438077	56500	190852904.035486	56500	189609075.899375	56500	191243094.453229	56500	178143395.501218	56500	182322021.704794	56500	183688557.818529	56500	186113205.910176	56500	184617445.205099	56500	188149298.859728	56500	186624284.444656
57000	174993431.866505	57000	188935633.758047	57000	191154726.390755	57000	192456411.547008	57000	180327217.545115	57000	184290580.526913	57000	184309744.075186	57000	185988726.066764	57000	185461784.978432	57000	189314973.117176	57000	187558901.018635
57500	173953243.754985	57500	189640018.260461	57500	190617154.749978	57500	193085957.741667	57500	178601478.750587	57500	184842918.658714	57500	185336252.960717	57500	185248081.913954	57500	186389495.214910	57500	190131005.983359	57500	189343476.290220
58000	174209322.394221	58000	188674871.262682	58000	190444020.780409	58000	190880700.573491	58000	179261812.577956	58000	182463938.005270	58000	183467299.220056	58000	184112637.449029	58000	186790678.483733	58000	189350294.420915	58000	189262200.850394
58500	176266726.966015	58500	187158644.605109	58500	190775783.091133	58500	192741419.874331	58500	177843126.714683	58500	184610340.157857	58500	183952501.861957	58500	185428997.164384	58500	186520468.373909	58500	188207388.185453	58500	187194576.518505
59000	175956516.650580	59000	189029715.590382	59000	190667888.305129	59000	193004774.810468	59000	178689253.360581	59000	183064180.385525	59000	183971086.007142	59000	187817252.618198	59000	185256360.033388	59000	186289663.834998	59000	187435299.826985
59500	175517008.316329	59500	190883218.889563	59500	192444033.775770	59500	193736817.478052	59500	180298452.570450	59500	182729565.543442	59500	181615068.741145	59500	186669459.926554	59500	186408305.472030	59500	186476704.388397	59500	188479655.104929
60000	176684380.282598	60000	190626700.358923	60000	190910222.631848	60000	191615876.965410	60000	178371556.019521	60000	184039526.082612	60000	182829994.740469	60000	185478059.010384	60000	186585009.361661	60000	188909496.099235	60000	188262629.021587
60500	175872989.556675	60500	192325639.083978	60500	190631774.978405	60500	194300080.042030	60500	180247866.116497	60500	183347075.489762	60500	183407409.349091	60500	184732276.756549	60500	187333692.528208	60500	188491735.967642	60500	190069533.042539
61000	175247447.416823	61000	189372689.792640	61000	191281114.457709	61000	192880607.257479	61000	179221289.830730	61000	181525054.933604	61000	184542597.174059	61000	183904134.023303	61000	186710103.789194	61000	186307505.718092	61000	189350605.407846
61500	176994140.056835	61500	191235487.877842	61500	193745553.994770	61500	192075905.026149	61500	179522948.131616	61500	181906585.864227	61500	183447424.985801	61500	185424724.963725	61500	187228423.013540	61500	186498084.642324	61500	189393088.924709
62000	174891586.750863	62000	190799085.630214	62000	193776651.968662	62000	191897545.820181	62000	178724596.581475	62000	180520073.062662	62000	184123393.886425	62000	185366255.802390	62000	186666581.462391	62000	186645602.416415	62000	189583441.243395
62500	175374652.121135	62500	190065236.695272	62500	190829419.358061	62500	192648280.853544	62500	179415816.876222	62500	182989166.552649	62500	183928306.393699	62500	187335663.811351	62500	186174184.625859	62500	187482045.182911	62500	189501512.755320
63000	175258448.798106	63000	189595856.011029	63000	191076935.400964	63000	192234654.829730	63000	180760721.133657	63000	181224825.635837	63000	182935562.778905	63000	186846178.291406	63000	185592399.225166	63000	188795020.311903	63000	187753706.143972
63500	175497727.330124	63500	188739973.968950	63500	190103327.916745	63500	193473780.484510	63500	178489182.905123	63500	181967530.769001	63500	185324251.956716	63500	185426275.167081	63500	186212825.473963	63500	188495495.359967	63500	188849351.572127
64000	175919835.387852	64000	189129980.316930	64000	192269162.049912	64000	194420683.091587	64000	177563070.385226	64000	181773152.980281	64000	184607407.302092	64000	187148470.088148	64000	186330941.949264	64000	188855782.427166	64000	187695619.607367
64500	174606071.632142	64500	190095069.315003	64500	191874382.184982	64500	193666066.202386	64500	178605913.299695	64500	180167187.577125	64500	185283780.116702	64500	185921294.795145	64500	186939982.593120	64500	188766393.911190	64500	188247358.781264
65000	174815605.341888	65000	190467892.473802	65000	190804416.677782	65000	191497896.192487	65000	180425654.669156	65000	181430002.594246	65000	185756959.023797	65000	184664947.957149	65000	186380753.846182	65000	185975731.379749	65000	189609572.358418
65500	175359348.851367	65500	188745415.203072	65500	191514879.366613	65500	193209913.330427	65500	178467988.208109	65500	181877786.070195	65500	184932233.098819	65500	185441107.756161	65500	186927227.939344	65500	188466092.354909	65500	188988918.303607
66000	173042190.981043	66000	189213416.732051	66000	190771591.520223	66000	191732281.445945	66000	178651069.055797	66000	182443812.678106	66000	184825041.767280	66000	185851956.980022	66000	186132437.953467	66000	188743324.917072	66000	189896399.654403
66500	175193308.876626	66500	190552378.500807	66500	190326115.065180	66500	191186738.742592	66500	178998674.714035	66500	181958870.416729	66500	184415260.236904	66500	186056004.432074	66500	186441857.321047	66500	187362957.893961	66500	187728863.235944
67000	175821785.778461	67000	188425461.577390	67000	189677466.786544	67000	190647169.682578	67000	177912040.485183	67000	180929904.179967	67000	184893106.710732	67000	183974509.376044	67000	184247619.808326	67000	188536039.130156	67000	187692953.955445
67500	175069699.779341	67500	189266495.048049	67500	190150540.595914	67500	192966625.231570	67500	179189602.861343	67500	182496963.447358	67500	183516495.619352	67500	186842715.115420	67500	184751010.049831	67500	188997755.068480	67500	188417468.653365
68000	173823545.791218	68000	190898250.167026	68000	190679507.071266	68000	192472963.321011	68000	179556862.482740	68000	183144269.357604	68000	184479302.846253	68000	185681083.067493	68000	185839964.323664	68000	187714839.614478	68000	189289018.565465
68500	173236663.115018	68500	191761407.468094	68500	192126574.135540	68500	193220787.695665	68500	178442564.534109	68500	181028395.372087	68500	182747801.692315	68500	186952028.538063	68500	187825936.301611	68500	186702100.345663	68500	189138064.237589
69000	173428274.025809	69000	190130465.592135	69000	190039800.288320	69000	193211377.942265	69000	179064300.680059	69000	182370296.950193	69000	185137240.443345	69000	185047675.581891	69000	186338603.020457	69000	188644788.218206	69000	189281053.359571
69500	175950264.245960	69500	188869121.126647	69500	190660591.301702	69500	192131391.226694	69500	178763395.112365	69500	181844940.366793	69500	182907232.125317	69500	185686962.856985	69500	186585866.000909	69500	188373562.188297	69500	188264694.687571
70000	175624778.001326	70000	190223873.486786	70000	192160657.065828	70000	190656351.267799	70000	181596943.351911	70000	182530189.211641	70000	185309006.182010	70000	184798991.372929	70000	187529150.061697	70000	189020168.878033	70000	188374578.896406
70500	173805523.212213	70500	189018715.815387	70500	191721660.129448	70500	192903980.825833	70500	178159001.044667	70500	182533350.646956	70500	184635586.948731	70500	187229779.214743	70500	188843462.649149	70500	187882035.801633	70500	189572394.850141
71000	174416169.241922	71000	189533458.747837	71000	191117673.674300	71000	191833051.449455	71000	179256654.482898	71000	182394779.134912	71000	183530550.543488	71000	186832521.490968	71000	187784658.285344	71000	188258113.378515	71000	188569479.404583
71500	175754659.013951	71500	188517204.585452	71500	190618552.978712	71500	193893613.640113	71500	179053570.320357	71500	182978349.721758	71500	185312146.619491	71500	186912599.759816	71500	187603585.451639	71500	188472666.165089	71500	189520682.168462
72000	174442947.315201	72000	190566600.384206	72000	189699733.553915	72000	191910262.444323	72000	179690572.574334	72000	184041696.965724	72000	184069092.490210	72000	185551689.700397	72000	189058349.872785	72000	189609302.722619	72000	188570841.969160
72500	175083487.584179	72500	190256092.998958	72500	191062444.153980	72500	192392653.081686	72500	177810647.554799	72500	181287558.931521	72500	186458365.462899	72500	182235378.938571	72500	185797776.673993	72500	187740634.956153	72500	189446157.813283
73000	176344387.880646	73000	191355351.151880	73000	191847381.620264	73000	193714034.406579	73000	180516905.242339	73000	183595378.271274	73000	184253801.005859	73000	185983223.745269	73000	188447923.955258	73000	186788953.288094	73000	189529051.486688
73500	174392495.100492	73500	191154389.534350	73500	190041098.494689	73500	191103710.212314	73500	179809653.252183	73500	181197383.176876	73500	184608238.307097	73500	185542485.923375	73500	185317479.115050	73500	188300375.299690	73500	189040532.060352
74000	174567330.252932	74000	189231302.666826	74000	189535135.433055	74000	194082553.228484	74000	179418978.692210	74000	182224631.533662	74000	184003088.377280	74000	186842851.296283	74000	186998867.650313	74000	188534336.457347	74000	189038006.364306
74500	173467888.961013	74500	191176477.306950	74500	190519010.066399	74500	191148025.915949	74500	178333597.210260	74500	181653991.327426	74500	183164050.271272	74500	184069330.008234	74500	186281381.366356	74500	187720182.451054	74500	191003917.453291
75000	173604061.048767	75000	189350471.533759	75000	192007687.946327	75000	191508890.420243	75000	179117454.407654	75000	182588131.378616	75000	184448338.037342	75000	185902977.889424	75000	186336930.621551	75000	189915518.442691	75000	189748614.409026
75500	173704373.842981	75500	189402979.956281	75500	190623157.381377	75500	190707182.254622	75500	179325008.904673	75500	181466592.499323	75500	185250297.425028	75500	185946536.254973	75500	187043551.144344	75500	186699551.304008	75500	189684123.519264
76000	174499227.273800	76000	190377462.574739	76000	192018715.263122	76000	193337832.111705	76000	178913318.351507	76000	182917433.293170	76000	184689120.578975	76000	185254080.485884	76000	185868676.382794	76000	188511134.806783	76000	188814100.499777
76500	174388275.180615	76500	188556212.886471	76500	190267677.289683	76500	193129570.333831	76500	179646387.027452	76500	181842051.868611	76500	184538997.375629	76500	185395382.918952	76500	186335486.548217	76500	186963934.248478	76500	188144681.547786
77000	174891908.073521	77000	189109551.164056	77000	191909714.235741	77000	193714027.046846	77000	178840991.176719	77000	181565647.979304	77000	181948886.743675	77000	185377005.217006	77000	186806383.318000	77000	188123080.378849	77000	188497347.469804
77500	173906240.979903	77500	189534506.995097	77500	190876587.098806	77500	190894859.696381	77500	178774702.793187	77500	182094740.891280	77500	184172325.906959	77500	183740589.189881	77500	185899297.396309	77500	188147307.563266	77500	188897683.788536
78000	174619279.315624	78000	189013439.723443	78000	190681697.825898	78000	191512808.822183	78000	179633823.674865	78000	182902670.558349	78000	184063519.935923	78000	184634263.904705	78000	187100781.121037	78000	188041831.521083	78000	189026897.525046
78500	174239049.720257	78500	188800917.257963	78500	190347297.548168	78500	193848577.896088	78500	178638855.176771	78500	182384674.506432	78500	183823611.906799	78500	185530599.728178	78500	185921673.307850	78500	187798629.108090	78500	191137437.672313
79000	175384951.092389	79000	192672811.657334	79000	192957250.730704	79000	193179491.656666	79000	179803146.538021	79000	183056884.706882	79000	184905326.692967	79000	185257331.205815	79000	187766171.488801	79000	186784097.814169	79000	189488125.922181
79500	174828592.462445	79500	188223305.392351	79500	189962480.911884	79500	193001412.341590	79500	180415675.188305	79500	183329121.938644	79500	183198171.965305	79500	184660512.590244	79500	186389052.251428	79500	188982507.260937	79500	187145434.540232
80000	175686829.803594	80000	189304273.346070	80000	189860320.991803	80000	190879446.557090	80000	177924894.507219	80000	180067038.795503	80000	183234820.388589	80000	185228332.120821	80000	186681719.554546	80000	187730101.348344	80000	190114440.187858
80500	176271208.161378	80500	189982385.785602	80500	191716252.004067	80500	192392930.061117	80500	180158645.415675	80500	182725521.596317	80500	184412739.274949	80500	186140022.193458	80500	187264513.122729	80500	187269239.231975	80500	188168553.360156
81000	176359158.594216	81000	190411762.253578	81000	191447363.138711	81000	193659794.540648	81000	178846846.156260	81000	182866857.445957	81000	184868834.428828	81000	185259975.703198	81000	186704339.611638	81000	187338452.406786	81000	188526697.786596
81500	176621085.188162	81500	189176201.024168	81500	191802011.988770	81500	193408411.700813	81500	178955329.476898	81500	181535506.380335	81500	182703542.433753	81500	184009757.569447	81500	185801783.498807	81500	187221678.762028	81500	188073869.441851
82000	176107204.344522	82000	191872719.686852	82000	190580433.389672	82000	193847608.710403	82000	180562865.557381	82000	183974389.224472	82000	185111691.720761	82000	186358741.971351	82000	187097223.839841	82000	188205812.650003	82000	189135910.927254
82500	173504816.350595	82500	190012291.748400	82500	192973909.542188	82500	192985623.741383	82500	178788012.726025	82500	183233936.492495	82500	184237360.941562	82500	185017220.186962	82500	187134128.229437	82500	186848914.087292	82500	188065653.989794
83000	175299488.616418	83000	190667177.465231	83000	191036453.671660	83000	192450617.175119	83000	179010155.304538	83000	183931276.690598	83000	184633568.968455	83000	185077712.966825	83000	187210461.038018	83000	187916046.547984	83000	187801293.533429
83500	175687210.915004	83500	187885416.834809	83500	192839038.604888	83500	193100399.980372	83500	176311404.456680	83500	182198482.048791	83500	183830239.899763	83500	185057981.133150	83500	187382937.685027	83500	190032186.732614	83500	185988813.315304
84000	173967187.490232	84000	190105711.775926	84000	190791130.638575	84000	193512364.758657	84000	178296983.440327	84000	180594434.309165	84000	183936662.333009	84000	188156783.660253	84000	185333938.291459	84000	186791960.978343	84000	190672414.208922
84500	173998348.788899	84500	189541952.221387	84500	192499759.586555	84500	192819108.689942	84500	179027370.464247	84500	183010927.333798	84500	185134139.026030	84500	185762823.560828	84500	186108856.613605	84500	187885481.847594	84500	191534923.080060
85000	175255331.831653	85000	189797121.696152	85000	189880769.715456	85000	192636695.123643	85000	178850314.529580	85000	182267114.016865	85000	180671296.118069	85000	187513440.204454	85000	186122951.360244	85000	188012724.632863	85000	190474796.881108
85500	174222725.221089	85500	189675732.987623	85500	191238280.403887	85500	192806007.828801	85500	180068064.307949	85500	183497801.432377	85500	183024038.265188	85500	185004860.033895	85500	186101775.802136	85500	186978693.519557	85500	188551448.518478
86000	173108982.249598	86000	191007789.863511	86000	189694611.579967	86000	193472706.944513	86000	178699925.584429	86000	181762438.590398	86000	183207335.097041	86000	185399065.655428	86000	185182118.024004	86000	188900493.357499	86000	189334136.665519
86500	175142144.771543	86500	189914459.835452	86500	191292726.244840	86500	191373449.078069	86500	178986557.699350	86500	181644517.546899	86500	183126723.735290	86500	184910698.515487	86500	189500713.875093	86500	187881982.539306	86500	189937800.298812
87000	175100436.914274	87000	190138404.274269	87000	189673657.608753	87000	192446452.842969	87000	180722411.749064	87000	184039165.696406	87000	183903402.662133	87000	184948915.175964	87000	187647422.607972	87000	187227743.218897	87000	189278020.000999
87500	173621006.238657	87500	191743934.443761	87500	190149366.554326	87500	191955082.138139	87500	177957332.798308	87500	181077580.613007	87500	184874363.882537	87500	185484466.647708	87500	186842277.818635	87500	186704636.140708	87500	189472030.234352
88000	175289912.934297	88000	191327033.093835	88000	192175094.035924	88000	193523838.745427	88000	180190546.409749	88000	182051903.731281	88000	182486861.543955	88000	186397991.451818	88000	188001708.529387	88000	188545017.496483	88000	188380267.335157
88500	175455960.495699	88500	189788170.911168	88500	192715338.835546	88500	191533975.494352	88500	178217101.200509	88500	182520211.006407	88500	183546949.081615	88500	186570584.191695	88500	187034838.963824	88500	186469008.039939	88500	187321435.988351
89000	176021322.860585	89000	191154003.363516	89000	191207788.300356	89000	191996227.085208	89000	181014567.690043	89000	180722216.089007	89000	183333829.930667	89000	184226126.343435	89000	188535778.048119	89000	187986344.175447	89000	189116442.471569
89500	176142108.698683	89500	188985956.153523	89500	191856115.404104	89500	191015404.433017	89500	180883439.461932	89500	183351816.101756	89500	184847656.989626	89500	184697284.400616	89500	186743245.511076	89500	188012600.787876	89500	187401237.880358
90000	174190184.344828	90000	188555181.738228	90000	189723720.035273	90000	190261296.168584	90000	178169577.859076	90000	182576512.997796	90000	183934923.006891	90000	185466808.867265	90000	187536770.636882	90000	186771809.633727	90000	187934145.561559
90500	175949981.903039	90500	190590093.943527	90500	191273462.837181	90500	191510790.365488	90500	179873600.154279	90500	180907875.897419	90500	185808780.142102	90500	185916169.439128	90500	186377741.833519	90500	188590712.281911	90500	189235389.229782
91000	177264147.168068	91000	190878430.913897	91000	190344708.479641	91000	192961028.214945	91000	179364471.273413	91000	181548290.148644	91000	185073626.737666	91000	188225417.298581	91000	186689024.000621	91000	188045275.449396	91000	190009389.014483
91500	175415224.764619	91500	191105929.642189	91500	190264973.668980	91500	191769230.892732	91500	179166712.945524	91500	182852426.974732	91500	186633203.144187	91500	185639841.310000	91500	186194532.847669	91500	187508248.180769	91500	188797235.005810
92000	172868760.905341	92000	191481599.261388	92000	190664984.432549	92000	189906368.809002	92000	177935137.301171	92000	182723142.579237	92000	183199053.770156	92000	184097432.360483	92000	185959355.997439	92000	188770187.511851	92000	188626808.001529
92500	173556843.079987	92500	189919735.792416	92500	189561618.112804	92500	192031308.322345	92500	180882838.100644	92500	182341745.769253	92500	183496755.468267	92500	186000122.766162	92500	187369062.222304	92500	187165217.320844	92500	188232700.799788
93000	174402834.962039	93000	190341564.743760	93000	190038871.486760	93000	192371899.942669	93000	179251684.921388	93000	182579051.676659	93000	183670972.424003	93000	186820899.438279	93000	186947763.102141	93000	188392462.756506	93000	188837500.504834
93500	174982764.853790	93500	190162411.441027	93500	190703588.273783	93500	191617992.352812	93500	178410149.700851	93500	181509918.892245	93500	183162934.586305	93500	184619846.559953	93500	186268926.116456	93500	187501766.161848	93500	189692912.898023
94000	174074679.274780	94000	189827090.537693	94000	192079251.017032	94000	194054276.641512	94000	178184811.655151	94000	185106384.815849	94000	185865649.365032	94000	185535569.403190	94000	187818755.155197	94000	186976243.198584	94000	188237570.734669
94500	176684252.060631	94500	189388670.247822	94500	189505939.284210	94500	191620101.736939	94500	177233167.479217	94500	182636006.880275	94500	183057638.515612	94500	185781252.956099	94500	185563666.513762	94500	188196714.567467	94500	188933627.937416
95000	175075321.278388	95000	190365936.694295	95000	190816767.552860	95000	191239149.425478	95000	179883075.157261	95000	182999558.923492	95000	185670324.040370	95000	182869249.255771	95000	186447846.683996	95000	187633906.409867	95000	189375183.430372
95500	175522783.321605	95500	189892956.556246	95500	191768440.034574	95500	193081990.561575	95500	178513314.883883	95500	184123042.739679	95500	183709189.194835	95500	185517987.429273	95500	186298774.610247	95500	187216141.765529	95500	188154890.917470
96000	176010986.410755	96000	189115941.981801	96000	190749067.623563	96000	194831777.530371	96000	178960550.705786	96000	183132764.830935	96000	185733061.652341	96000	187948835.122863	96000	186612355.128925	96000	186386147.734988	96000	188621813.909326
96500	173389034.027558	96500	190754848.151100	96500	192835152.671741	96500	192855225.579244	96500	179578793.032200	96500	184525327.259169	96500	182535358.579174	96500	186350415.731112	96500	186862333.345111	96500	187542639.362224	96500	190438702.911153
97000	176300080.034369	97000	191505283.461829	97000	192022763.864387	97000	193180146.382779	97000	179920625.001031	97000	182910701.547929	97000	183935116.204193	97000	184259966.173955	97000	188055656.608514	97000	187582518.520122	97000	187960844.512389
97500	174624132.345241	97500	190765179.689088	97500	191110959.956781	97500	192728098.839889	97500	178144878.693005	97500	183911480.429075	97500	183915884.030465	97500	183607319.187616	97500	187309292.331822	97500	189689534.383819	97500	190062454.347389
98000	174649794.351704	98000	189909184.101290	98000	193003885.974942	98000	193204176.225758	98000	179261940.078688	98000	182169378.586610	98000	184657868.466375	98000	187007917.062874	98000	185077966.383153	98000	188993841.602050	98000	188478723.916086
98500	174107665.559599	98500	189014401.310351	98500	190763134.276249	98500	193667989.159012	98500	179000546.551814	98500	181384688.141709	98500	183943638.907488	98500	185385006.076136	98500	187417681.391953	98500	189058327.564170	98500	189185476.540205
99000	176378038.828423	99000	189466698.619069	99000	191206467.440041	99000	194600474.471167	99000	179650517.867469	99000	181518886.950638	99000	183643927.500839	99000	184386759.680392	99000	187128787.096229	99000	187293536.125368	99000	190077122.338877
99500	174509986.545063	99500	189438568.116501	99500	193363950.084256	99500	192702737.569546	99500	178274820.253049	99500	182691718.281040	99500	184520381.795938	99500	186460827.207179	99500	188486115.637156	99500	188036041.641573	99500	189698263.676124
100000	174370039.260589	100000	190058885.993003	100000	191489608.482563	100000	191146496.697735	100000	178601746.623199	100000	181285094.995329	100000	184767715.118795	100000	186119783.251198	100000	187200629.517025	100000	190240698.671057	100000	191603527.793461
