#	SIM_0		#	SIM_-10		#	SIM_-12		#	SIM_-15		#	SIM_-2		#	SIM_-4		#	SIM_-5		#	SIM_-6		#	SIM_-7		#	SIM_-8		#	SIM_-9	
1	284211203.154623	1	296599168.813295	1	297253223.709041	1	300460349.341215	1	286497887.820670	1	289064826.730112	1	291112835.831806	1	292946939.566763	1	293040507.202056	1	294602467.058793	1	295020069.322380
500	283513849.530024	500	294634002.306800	500	296038519.706969	500	299643078.893309	500	286808341.549912	500	289820530.068713	500	290913061.380843	500	290850465.714736	500	291781463.912186	500	293363195.341910	500	294368244.775333
1000	284086911.374935	1000	295796864.539668	1000	296769554.030874	1000	298570470.029208	1000	286586036.317571	1000	289030368.297635	1000	291037402.415523	1000	291836341.372939	1000	292848786.619704	1000	293506344.646743	1000	293507971.752425
1500	283231683.149133	1500	294835292.548131	1500	296434734.462210	1500	298284961.536517	1500	285759772.278329	1500	288283519.209951	1500	289308598.019451	1500	291640478.622826	1500	292032184.604831	1500	293388879.490432	1500	294539404.905750
2000	283278365.648514	2000	295680306.676110	2000	296659097.755886	2000	298332425.108458	2000	285857133.143602	2000	287809694.972237	2000	289526195.495674	2000	292263975.335374	2000	291957242.077818	2000	292974039.997400	2000	294586333.053110
2500	283505840.181308	2500	294589432.092871	2500	296214809.992317	2500	298546511.261133	2500	286055172.925945	2500	287472179.044157	2500	289431951.857091	2500	291637922.606482	2500	291873922.212393	2500	293219061.827389	2500	292964175.140503
3000	283228158.737310	3000	294704213.092335	3000	297076401.653303	3000	298894644.250288	3000	285470058.920983	3000	287794172.723106	3000	289635773.866971	3000	291006791.808291	3000	291874665.782223	3000	292268282.650483	3000	292874006.465551
3500	282872151.772088	3500	294303284.830960	3500	297493778.147470	3500	298722719.000731	3500	287490665.509678	3500	289233276.724583	3500	290200134.129433	3500	290937931.223128	3500	292901973.426310	3500	293122579.016001	3500	293989994.447132
4000	283634841.015736	4000	295510887.334805	4000	296419257.024366	4000	298806713.800966	4000	286078457.208292	4000	289474732.101451	4000	290336263.074715	4000	290365993.007146	4000	291716745.525743	4000	293279573.816658	4000	294748795.230881
4500	283293475.789010	4500	295434314.879181	4500	296211906.545939	4500	299559472.892127	4500	286540844.993787	4500	288729360.531727	4500	290213350.553263	4500	290067750.301436	4500	292475139.959109	4500	292695979.769169	4500	293166005.188400
5000	282886248.440214	5000	294815666.079795	5000	296177791.917249	5000	299702504.488666	5000	287333452.994496	5000	289533206.087609	5000	289146405.957248	5000	290481921.410043	5000	292515246.109792	5000	293002008.224598	5000	293713828.975723
5500	283735432.605382	5500	295264269.364682	5500	296944069.642253	5500	298698385.681536	5500	285681268.535781	5500	288907327.110723	5500	289523719.350356	5500	290306606.790659	5500	292126330.670046	5500	292856158.768547	5500	294143664.380292
6000	283572683.109409	6000	294962694.933785	6000	297343722.676163	6000	299341695.917352	6000	286494970.823549	6000	288644975.644684	6000	290652250.475077	6000	290654813.642336	6000	291565545.923636	6000	293073140.079270	6000	294746482.329586
6500	283352297.594422	6500	295272105.522055	6500	297072486.547540	6500	298966291.185464	6500	285578268.891507	6500	289252295.325015	6500	289774809.799338	6500	290675401.371857	6500	291594716.910154	6500	292326599.177223	6500	293790670.507135
7000	282980121.531760	7000	295339779.863524	7000	296980877.997880	7000	298378211.123563	7000	286633888.275242	7000	287535266.677992	7000	289461684.324653	7000	291908687.143780	7000	292367389.914163	7000	292636273.076676	7000	294155179.423873
7500	282731131.850432	7500	294533720.402762	7500	295853925.402153	7500	298755352.868828	7500	287636330.917801	7500	288762110.105696	7500	290377311.709276	7500	289843451.411085	7500	291646206.049334	7500	293138010.190171	7500	293475116.017157
8000	283870472.699013	8000	295103595.110841	8000	296801922.648597	8000	298470708.952188	8000	286092313.424492	8000	288379484.354470	8000	289379371.574198	8000	290528591.773790	8000	292691461.714663	8000	293132136.253803	8000	294246611.760595
8500	283177758.853247	8500	294995230.985722	8500	297059575.110387	8500	298590536.641381	8500	285791123.255830	8500	289099084.876451	8500	289742561.016864	8500	289781696.470706	8500	291788780.305096	8500	291926733.733439	8500	294426276.614420
9000	283884938.083096	9000	294790244.672885	9000	296519940.557921	9000	298611035.569798	9000	286825903.958616	9000	288903737.411911	9000	290487696.869615	9000	291269903.034503	9000	291685351.997700	9000	292243154.466240	9000	294968587.533743
9500	282745768.825431	9500	294200236.585263	9500	296985966.929268	9500	299439813.107417	9500	286569361.970890	9500	289043995.493158	9500	289560418.391202	9500	292080822.014787	9500	292404227.252269	9500	292120749.324923	9500	295142245.968330
10000	282432219.548939	10000	294024517.042691	10000	295966111.590586	10000	298867590.579190	10000	286118704.282268	10000	289366901.759127	10000	289830885.074715	10000	290478134.429918	10000	293148565.620253	10000	293221479.337471	10000	294447967.499821
10500	283631648.562983	10500	294918539.978248	10500	297628647.726373	10500	298000938.780329	10500	286257938.711093	10500	287922449.238701	10500	289894746.704831	10500	291360081.945512	10500	292205312.643490	10500	292350137.214495	10500	295143209.108585
11000	283013442.415955	11000	296345698.534616	11000	296850120.218169	11000	299014831.594822	11000	285965639.963358	11000	288698692.935443	11000	290290109.614642	11000	291914470.368972	11000	292141608.770521	11000	294678085.129537	11000	295028960.112018
11500	283182180.383399	11500	294726910.081215	11500	295667398.911747	11500	298045415.547344	11500	285903113.880771	11500	288611820.535140	11500	289456402.411920	11500	291514839.838275	11500	291589945.508323	11500	292955538.962717	11500	294551038.014623
12000	283515370.478888	12000	295051588.154210	12000	295631071.019246	12000	298390035.918539	12000	286292524.066514	12000	289288823.235940	12000	290816602.465341	12000	290882889.331462	12000	291978246.837785	12000	292609987.428401	12000	293879587.948643
12500	283937327.573024	12500	294628654.942824	12500	296719426.784460	12500	298297523.970127	12500	287067954.965707	12500	288739227.316913	12500	289652559.978579	12500	292584163.663017	12500	291977977.147939	12500	293160221.034543	12500	294112567.331508
13000	283046067.154013	13000	295545622.464293	13000	297014519.619638	13000	298652432.172120	13000	285947278.762077	13000	289080231.765716	13000	289483756.482133	13000	291327650.876028	13000	292401121.190734	13000	293930321.105928	13000	293691545.706788
13500	283545435.887761	13500	295164921.090495	13500	295820954.283914	13500	299143666.348747	13500	285198930.727630	13500	288450526.505226	13500	290075577.098838	13500	290629228.186239	13500	291599200.675240	13500	292624681.400357	13500	294127696.024897
14000	282837630.296082	14000	293258684.040373	14000	297038639.467898	14000	299026932.244028	14000	285500946.754644	14000	287995191.319593	14000	290855721.370291	14000	290788272.630984	14000	292596293.987181	14000	293675316.349642	14000	294705441.733032
14500	283828921.765977	14500	294793599.581879	14500	296207237.921188	14500	298742119.987574	14500	286107370.635675	14500	288715058.509121	14500	290059112.651069	14500	292124330.734221	14500	292128111.082804	14500	292183366.990206	14500	293518756.460795
15000	282415363.682716	15000	294744045.427025	15000	296716007.672943	15000	298196038.360609	15000	285586334.979507	15000	289643876.427016	15000	290027642.704444	15000	290638742.103658	15000	291621283.953653	15000	294327690.057121	15000	294352744.558470
15500	283286101.508547	15500	295275795.059801	15500	296435929.046173	15500	299098575.878891	15500	285904757.768999	15500	290134611.966856	15500	290433983.458792	15500	291869456.950403	15500	291269686.897173	15500	293980740.684085	15500	294053420.672441
16000	284018718.484579	16000	294997438.395744	16000	295222012.176774	16000	298391976.998850	16000	286174347.904855	16000	288666737.377541	16000	289778312.654438	16000	290993993.596570	16000	292547674.417238	16000	293570191.767173	16000	294390444.175416
16500	282553783.001950	16500	295358563.611755	16500	296937559.722608	16500	298543992.033512	16500	285798747.750959	16500	289527207.441643	16500	290754646.054564	16500	291419141.873363	16500	292108790.418476	16500	292316848.766262	16500	294963727.418660
17000	283447052.008256	17000	295052380.940888	17000	296092004.966669	17000	297705613.077403	17000	285744641.704738	17000	288345017.865617	17000	289480691.123081	17000	290680144.658428	17000	291949006.334340	17000	293405573.795331	17000	293445623.524895
17500	282560974.097219	17500	295077767.621467	17500	295905272.248570	17500	297917561.627540	17500	284768028.480428	17500	289012297.434207	17500	290371586.493778	17500	290764861.832901	17500	292725242.180327	17500	292790296.747611	17500	293232633.904689
18000	283932363.410381	18000	294818619.664221	18000	297385219.808259	18000	298431948.318083	18000	286937413.519585	18000	288800291.583770	18000	290095920.194580	18000	291332931.554007	18000	293272990.826046	18000	292541750.335777	18000	293700396.784985
18500	283286197.942388	18500	295116605.997804	18500	297596561.165783	18500	298940727.301390	18500	286460756.690434	18500	289158626.802986	18500	290954818.491553	18500	291181846.735533	18500	291956352.891317	18500	293193056.947198	18500	294561204.563469
19000	284474496.808139	19000	295532159.951408	19000	298083985.395123	19000	299102956.149825	19000	286900059.579754	19000	289208963.515734	19000	290203467.477237	19000	291419391.323061	19000	291879379.183093	19000	293094117.818815	19000	294797915.407163
19500	283294835.938062	19500	295225234.549118	19500	297554891.806985	19500	297879334.833846	19500	286111714.130778	19500	289855415.892312	19500	290020213.063654	19500	291061965.626751	19500	291452288.440892	19500	292866936.628996	19500	294877730.486721
20000	282783104.990203	20000	295460430.549083	20000	297400671.192418	20000	297768239.318472	20000	286223404.681399	20000	289095511.105163	20000	289889207.823236	20000	290558854.913894	20000	291404496.148022	20000	293525994.280408	20000	295131617.634883
20500	284078481.248689	20500	293594690.456879	20500	296830006.619785	20500	299513472.198246	20500	286051674.890685	20500	288272568.987938	20500	290529969.171032	20500	290755382.934048	20500	290699574.118199	20500	292548199.353572	20500	294145262.314372
21000	282865655.873688	21000	294256133.632709	21000	295300582.721311	21000	298968555.878776	21000	287146721.441604	21000	288132891.696137	21000	289816252.630112	21000	290933022.926742	21000	292684963.818485	21000	293434761.807776	21000	294020728.781611
21500	283157940.257037	21500	294591958.012918	21500	296499026.913669	21500	298539494.955708	21500	285890679.295617	21500	288772658.661095	21500	291052240.583585	21500	291381015.407027	21500	291916544.057013	21500	292849478.565629	21500	294583832.750227
22000	282763726.331098	22000	294367647.991822	22000	296901839.788368	22000	299818046.491947	22000	286292478.764272	22000	288378109.195477	22000	290414464.065487	22000	290265940.158020	22000	291761114.256151	22000	293467705.608938	22000	294896477.880342
22500	283179018.106239	22500	295086198.345668	22500	295817905.327203	22500	297699675.250700	22500	286635379.485902	22500	288513000.285600	22500	289006769.703245	22500	290825319.925546	22500	292342993.762977	22500	292976449.201888	22500	293699146.674034
23000	282893384.336007	23000	294929741.825395	23000	295774912.252959	23000	299059009.547360	23000	286773113.275750	23000	287966013.277184	23000	289409534.216334	23000	290653042.796307	23000	291719974.251294	23000	292309728.190413	23000	293841824.683174
23500	283638891.676178	23500	296055993.177059	23500	296634215.732414	23500	298585864.980823	23500	286495947.768245	23500	288977571.487296	23500	290214403.755916	23500	291021312.477779	23500	291804110.602872	23500	292861647.305519	23500	294722536.496184
24000	283400370.861989	24000	294736148.153763	24000	295877020.281958	24000	297894100.242985	24000	286264028.078805	24000	288490781.838884	24000	289695490.375115	24000	291748154.537879	24000	292591610.943625	24000	292093253.915457	24000	295848086.500969
24500	282983464.081728	24500	295186838.825301	24500	297193759.386382	24500	297881954.062304	24500	286801197.151926	24500	289032802.503614	24500	289976098.893150	24500	291910846.388917	24500	291766846.979968	24500	294075851.790569	24500	293234792.676595
25000	283380468.722021	25000	294634784.029599	25000	296730110.903276	25000	298999218.616743	25000	286912266.234588	25000	290080875.356294	25000	289733852.678975	25000	290873072.807711	25000	292285589.871454	25000	293505473.373208	25000	293731013.578609
25500	282087590.679402	25500	296184099.580644	25500	296339261.846469	25500	298606553.247695	25500	285319519.269575	25500	287752032.078646	25500	289572196.410915	25500	292105810.550689	25500	291553639.556376	25500	293260398.681128	25500	294363622.584265
26000	282682183.797324	26000	293989815.310575	26000	297106094.137887	26000	298537597.383056	26000	287096240.187903	26000	288427882.256472	26000	289699518.677461	26000	290168203.772819	26000	290727495.710523	26000	292316436.736964	26000	294107209.805231
26500	282810621.588019	26500	294690559.108681	26500	296142816.418719	26500	297993084.640501	26500	285918749.288064	26500	288180472.311464	26500	290604369.089850	26500	291136294.211183	26500	291887629.294720	26500	292841419.736015	26500	294073696.247404
27000	283460657.975144	27000	294913325.186172	27000	296986673.734214	27000	298409779.294430	27000	284910776.640534	27000	289928431.174836	27000	290295748.037212	27000	292144065.285049	27000	292472439.239635	27000	293700567.268868	27000	294041384.072781
27500	283580492.876765	27500	294429750.714203	27500	295244221.707383	27500	299228346.015631	27500	288012426.304855	27500	288136383.076548	27500	289770284.720823	27500	290697511.102032	27500	291805137.553890	27500	292588110.597224	27500	294317533.728411
28000	282743749.884243	28000	294317156.102516	28000	295731737.845718	28000	299308784.806373	28000	285641319.400248	28000	288876706.265061	28000	289888173.358738	28000	290781011.088814	28000	291378190.077110	28000	293063922.695871	28000	293642283.951578
28500	283011996.394212	28500	295569451.487677	28500	296672262.031530	28500	299131855.027858	28500	285449943.299348	28500	288499092.619564	28500	290232248.001946	28500	291037328.551422	28500	291731233.566995	28500	292956320.858439	28500	294146674.072093
29000	282642810.256373	29000	294830605.329176	29000	296519001.552744	29000	298936778.328739	29000	287111878.969134	29000	288964949.597976	29000	290529217.010269	29000	290315268.580328	29000	290982615.073131	29000	293356363.718732	29000	294958012.156781
29500	284433246.395475	29500	295129181.991908	29500	296633422.221843	29500	298692004.566406	29500	286736985.229098	29500	289001067.840130	29500	290807828.409456	29500	291348707.278392	29500	291443998.866390	29500	292793378.239123	29500	293407992.189368
30000	284202464.093676	30000	294333095.550834	30000	296373009.021165	30000	298256240.554718	30000	286187847.576966	30000	288121857.416060	30000	289407224.305477	30000	291436533.756921	30000	292584928.197697	30000	293027279.588863	30000	293389620.413786
30500	283368425.995250	30500	295380723.534522	30500	296458244.604820	30500	297869685.346825	30500	285738574.224828	30500	288937093.646776	30500	289746606.715817	30500	291642021.322788	30500	291433110.878409	30500	293402047.564581	30500	294038547.917500
31000	282489270.787074	31000	295297649.608898	31000	296050978.218545	31000	297617086.018262	31000	286648546.724967	31000	287846258.032665	31000	289865830.702909	31000	291870193.052311	31000	292130217.505820	31000	293484366.952708	31000	294484376.199028
31500	282438862.203821	31500	295040399.006466	31500	297049934.958793	31500	298099615.144043	31500	286544568.226798	31500	288210031.148254	31500	290360674.611644	31500	290323107.351897	31500	291342314.549386	31500	292393517.270894	31500	294029302.727631
32000	283029721.128357	32000	294392756.045360	32000	296493091.382994	32000	298583457.731775	32000	286205774.370451	32000	287725257.295249	32000	290257745.112420	32000	290426883.115970	32000	292927107.037318	32000	292952106.103562	32000	293909269.550064
32500	283776323.852508	32500	295390250.602319	32500	296819386.480970	32500	298084408.840700	32500	285656215.963800	32500	288928430.206253	32500	289872777.748914	32500	290119629.061026	32500	290759043.444531	32500	292471975.674207	32500	293038802.712207
33000	283129722.504893	33000	294996364.668126	33000	296833337.514773	33000	298478779.127764	33000	286136434.882437	33000	289555186.918285	33000	290553669.798362	33000	291826527.563419	33000	292325166.093812	33000	293236310.168021	33000	293170363.780805
33500	283648971.146687	33500	294817539.558831	33500	296758440.176836	33500	297881461.709062	33500	286253902.287462	33500	288060343.959260	33500	289370110.202088	33500	291813936.110231	33500	291502844.382509	33500	292630492.765900	33500	293759548.253151
34000	283362064.763503	34000	295237151.564250	34000	296932674.068655	34000	298718071.308181	34000	286074608.978885	34000	289080140.523458	34000	289790436.747562	34000	291240114.313594	34000	291946985.972133	34000	292243997.839901	34000	293959345.150195
34500	282698966.239406	34500	294591217.020850	34500	296107077.742219	34500	298916132.415635	34500	286487634.062420	34500	289510188.576653	34500	289254135.259540	34500	291003537.540864	34500	291759371.445758	34500	293119535.354643	34500	294029299.551103
35000	283441240.152910	35000	294963969.323185	35000	296812789.307638	35000	299914261.081838	35000	286412056.266530	35000	288619216.011874	35000	289186939.534654	35000	290325407.574962	35000	292552162.241729	35000	293959672.231822	35000	294204400.805977
35500	283143133.250521	35500	295013254.585688	35500	296526052.843929	35500	298112233.979156	35500	285292666.573963	35500	288470527.637666	35500	289595739.583704	35500	291516651.467701	35500	291304349.860323	35500	293113457.665430	35500	294740930.550678
36000	283706930.149920	36000	294911149.071557	36000	297379731.348942	36000	298284144.460718	36000	285207265.710667	36000	289115078.320681	36000	288962268.126396	36000	291060342.521682	36000	292101858.824647	36000	292758025.624401	36000	293530799.437374
36500	283961077.647352	36500	295244497.794737	36500	297245358.426296	36500	299892095.504008	36500	286629983.292313	36500	289482534.858105	36500	290290412.446632	36500	290724636.798177	36500	291131265.545575	36500	293088095.596391	36500	292884757.276341
37000	282557772.806620	37000	295284188.113878	37000	297274811.973253	37000	299354587.286454	37000	286664415.013611	37000	289170692.925685	37000	290046401.300354	37000	290994667.252697	37000	292757658.375896	37000	292951835.093019	37000	294934191.292802
37500	284068795.961362	37500	295382267.127387	37500	296504518.281430	37500	298224163.518194	37500	287006182.604417	37500	288985745.956466	37500	289348833.483486	37500	290878681.142937	37500	291342586.682345	37500	293340414.885594	37500	293065838.545933
38000	283040938.007243	38000	293751578.756560	38000	296579343.325727	38000	298355286.847482	38000	286058269.684165	38000	288298307.871056	38000	289517760.183630	38000	290590737.122614	38000	292376424.875700	38000	294189255.095067	38000	293653286.961489
38500	284774931.481242	38500	294923392.662454	38500	297055442.710449	38500	298595331.449906	38500	286662707.491987	38500	288440323.189256	38500	290268274.651650	38500	291641417.339955	38500	292825196.233384	38500	293578806.486768	38500	294326286.522008
39000	283628783.778516	39000	294999490.554160	39000	296000909.036035	39000	298953905.629563	39000	286638750.940220	39000	288649157.429829	39000	289928423.466374	39000	292286331.505772	39000	292877276.855355	39000	293852576.209782	39000	293568580.830307
39500	283090396.188699	39500	294819724.000079	39500	295722373.965619	39500	297983837.257458	39500	286064255.077967	39500	288495489.808949	39500	289941043.982093	39500	289863647.878075	39500	292191615.790498	39500	292174749.417858	39500	294302574.295843
40000	283371027.445664	40000	294809424.794389	40000	296380057.841828	40000	299252572.064434	40000	286074449.387418	40000	288236507.989953	40000	290276236.236792	40000	291541735.492450	40000	290791695.650235	40000	293491027.643938	40000	294050405.177401
40500	284105715.195483	40500	295154513.998480	40500	297326376.158618	40500	298993394.360742	40500	287520878.213654	40500	287656585.808796	40500	290079574.253535	40500	290424907.394120	40500	291113546.079822	40500	293541204.857826	40500	294853743.529081
41000	283426255.798562	41000	294672028.060922	41000	295525659.524574	41000	299203992.353922	41000	286646785.238299	41000	289414716.104493	41000	290845987.048119	41000	291324753.292062	41000	292361912.012576	41000	292341680.738310	41000	294630557.782671
41500	283468088.176875	41500	293999807.740483	41500	295755391.631750	41500	298179242.396842	41500	285799919.289211	41500	288991776.422257	41500	289804804.142744	41500	291632235.118636	41500	292006044.924798	41500	292285934.993558	41500	293365397.365291
42000	283763808.744229	42000	294351174.553973	42000	296374119.317531	42000	298651878.269294	42000	285288572.803377	42000	288165437.720960	42000	291019702.561978	42000	290871265.258083	42000	291406003.722414	42000	293176424.878289	42000	294560439.663702
42500	282844446.465326	42500	294383322.706034	42500	296288807.718014	42500	298531287.076460	42500	286406167.234094	42500	288864371.518942	42500	289471537.673912	42500	291344923.224827	42500	291996908.501098	42500	292134238.108460	42500	294077263.115886
43000	283673680.512598	43000	295191493.061277	43000	296542443.461868	43000	298680090.047840	43000	285580105.001214	43000	288352514.662407	43000	289498117.415260	43000	291307515.922557	43000	291095405.691483	43000	293400744.016973	43000	293765810.701245
43500	282989478.018717	43500	295182796.393329	43500	296052135.569431	43500	299513858.570744	43500	285393834.439026	43500	288865809.288074	43500	290250067.388568	43500	291812789.840034	43500	292770132.686406	43500	292900640.546952	43500	292625753.817143
44000	282673726.119337	44000	295256828.755233	44000	295892136.432151	44000	297606538.962086	44000	285765477.349011	44000	287486404.191703	44000	289397307.784913	44000	290523469.217203	44000	291977443.589276	44000	292819197.289114	44000	295238785.228096
44500	282718510.293407	44500	295296199.520965	44500	296499447.202240	44500	298789940.023484	44500	286220238.958620	44500	288631978.896412	44500	290052902.259636	44500	290558117.945321	44500	291986612.191524	44500	293118775.153436	44500	294226386.605996
45000	282349432.098887	45000	294072287.019311	45000	297178469.702324	45000	298538961.775774	45000	286478053.506301	45000	288641305.427389	45000	289618409.986827	45000	290327404.013740	45000	292029911.405072	45000	292909229.691734	45000	294285133.962487
45500	283984048.593355	45500	295046469.480096	45500	296312441.709126	45500	298107327.861307	45500	287307867.143544	45500	288796313.535590	45500	289369655.669002	45500	290795809.859948	45500	292358245.044968	45500	293179344.227123	45500	293285937.440065
46000	283017703.026132	46000	295598172.087334	46000	297207313.215529	46000	299034816.615372	46000	286004748.610541	46000	288388289.397892	46000	290350363.102094	46000	290968635.387740	46000	292682467.738216	46000	292270266.533321	46000	293682504.135677
46500	282633372.369113	46500	295070401.478403	46500	295808494.471868	46500	298586838.564833	46500	286476816.141578	46500	288055351.226349	46500	289773060.904114	46500	291178559.083452	46500	290673947.640964	46500	292355624.582243	46500	294202622.031741
47000	283560616.861669	47000	294838824.359392	47000	295965221.501721	47000	297794208.884669	47000	286643830.740165	47000	287886509.301180	47000	289879114.496557	47000	291836675.315471	47000	292657381.198597	47000	293654162.504998	47000	293831687.577124
47500	283912247.227679	47500	294676384.284186	47500	296366207.744697	47500	298509708.924292	47500	285823340.833555	47500	288588039.429740	47500	290352009.360413	47500	291410060.243335	47500	291438552.752741	47500	291787989.261101	47500	293973359.058308
48000	283432987.691148	48000	295362792.446946	48000	296382196.030397	48000	298742371.717865	48000	285156664.470796	48000	289523501.352949	48000	289930690.208616	48000	290406705.135238	48000	292101429.922610	48000	293148626.221820	48000	295358236.954354
48500	283392973.646801	48500	294849421.574482	48500	295793565.358197	48500	298488179.630471	48500	285981448.595213	48500	288967490.918542	48500	289472567.357299	48500	290059093.612381	48500	291547144.786370	48500	292220466.903731	48500	294130279.480322
49000	282338807.378634	49000	295644087.709716	49000	296816354.213683	49000	299742331.048844	49000	286177693.424387	49000	289316221.943494	49000	289331678.911376	49000	291018671.121746	49000	292049927.748049	49000	291808794.954684	49000	293556016.570968
49500	282898208.855204	49500	294699332.062268	49500	295657442.778537	49500	298414921.589852	49500	286186032.221029	49500	288609558.663720	49500	289677393.021661	49500	289375794.467441	49500	292128046.333925	49500	293444644.595992	49500	292804840.076582
50000	283307558.589419	50000	294964387.586840	50000	296267010.926378	50000	297679416.048242	50000	286495851.566046	50000	288036163.538891	50000	290105298.092823	50000	292467844.942954	50000	291469462.868414	50000	292540784.858744	50000	294122997.363588
50500	281882377.952714	50500	293785893.326488	50500	296306481.304279	50500	299474146.790542	50500	285802273.686949	50500	289489680.011849	50500	290193520.202947	50500	290952951.437925	50500	292431431.426718	50500	292620088.657440	50500	294072133.392414
51000	282723877.781669	51000	294825377.277596	51000	296797306.846246	51000	298682445.567254	51000	285933425.780932	51000	289232582.984933	51000	290192194.808536	51000	290618235.117816	51000	293108430.866460	51000	294021815.590642	51000	293659095.021290
51500	283604073.272043	51500	295485133.455275	51500	296322521.436842	51500	298527434.232390	51500	287390304.620358	51500	288270947.180736	51500	290689903.596712	51500	291265379.094943	51500	292146366.085342	51500	292869511.264470	51500	294730754.811476
52000	284109017.458488	52000	295894933.439848	52000	296162232.497772	52000	298275549.473320	52000	285673827.530958	52000	288220344.674736	52000	290114288.366072	52000	290732702.759173	52000	293556118.870745	52000	293263489.231295	52000	293937000.936213
52500	282932584.413827	52500	294477794.844709	52500	297335121.690992	52500	297599973.106568	52500	285502242.421798	52500	287909080.610093	52500	289350795.460808	52500	291065655.929505	52500	292116750.421791	52500	293233142.438459	52500	294179492.322980
53000	283952349.185048	53000	294771685.885234	53000	297420458.584878	53000	299012824.690913	53000	287121743.543692	53000	290593416.665669	53000	290723482.198512	53000	291061592.966407	53000	292486666.811885	53000	293454771.998908	53000	293456968.338696
53500	283771236.161623	53500	295164484.777686	53500	296239143.901679	53500	297941393.910509	53500	286619327.442315	53500	288913105.375331	53500	290507271.231820	53500	291526872.335131	53500	292119972.156247	53500	293111387.103689	53500	293700985.477216
54000	283268627.395571	54000	295564217.906043	54000	296314144.915684	54000	298068758.892049	54000	286394882.065082	54000	289405137.532698	54000	290338850.693389	54000	290949920.544735	54000	291566426.642874	54000	293090657.530351	54000	294160259.444812
54500	283375069.122195	54500	295023067.803804	54500	297084334.750320	54500	298554620.952650	54500	285317276.415052	54500	289970644.371955	54500	290142032.953234	54500	292234300.180288	54500	292852733.588572	54500	292085703.739959	54500	293882438.310579
55000	283318323.460852	55000	294226636.912781	55000	295658736.467835	55000	298160878.874440	55000	286468792.045206	55000	290020230.427784	55000	289560018.508966	55000	290708351.511619	55000	291921180.711710	55000	293331360.876766	55000	293990733.478847
55500	283562550.885184	55500	295786598.282347	55500	295734365.637427	55500	299493022.997419	55500	286396085.821683	55500	289557714.604187	55500	289706005.121771	55500	291929472.714889	55500	292584295.863779	55500	293618990.163912	55500	293725570.959713
56000	283576887.220434	56000	294780747.003479	56000	296709854.426707	56000	297748400.583157	56000	284960588.424102	56000	287639222.055543	56000	289288396.387084	56000	291075746.084359	56000	292196163.214851	56000	293360635.494875	56000	294480631.297872
56500	283123135.966943	56500	294462272.865847	56500	296221761.591568	56500	299291215.400232	56500	286432738.852456	56500	288067629.296379	56500	290198479.721985	56500	290301108.620632	56500	291981064.690132	56500	292505889.190121	56500	294224758.825028
57000	283080025.882284	57000	292967982.615235	57000	296049867.602041	57000	298483197.874854	57000	285969028.846933	57000	289294624.403533	57000	290054563.021199	57000	291190850.278870	57000	289957658.977587	57000	292980398.676739	57000	292855861.200815
57500	283082123.755051	57500	294648693.448422	57500	296231925.199849	57500	297821968.226644	57500	286914583.830309	57500	289159438.934836	57500	288980118.654029	57500	290788919.204309	57500	292255886.932423	57500	293909088.397391	57500	293771832.595718
58000	283570504.298777	58000	294253423.854612	58000	296483377.680202	58000	298689901.334729	58000	286055678.800018	58000	288782868.702713	58000	289493523.736369	58000	290712944.704741	58000	292278821.202225	58000	294436049.505527	58000	293640030.440390
58500	283206785.022254	58500	295197959.335779	58500	295951836.275443	58500	298602651.884212	58500	286013528.007325	58500	289043301.161183	58500	289968173.142209	58500	290613117.977960	58500	292349447.149643	58500	293421971.370462	58500	294514448.452504
59000	283163326.975039	59000	293983678.724821	59000	296987608.116318	59000	298915104.953521	59000	285249518.410899	59000	288551185.870275	59000	289340795.842798	59000	291067624.766001	59000	290595238.235655	59000	291894693.644042	59000	294502744.053459
59500	282697887.289986	59500	295759555.783987	59500	296283690.791887	59500	298255835.998585	59500	286698578.291947	59500	288962880.503358	59500	290775025.349008	59500	291316269.976051	59500	292401344.986101	59500	293004425.557153	59500	293931691.439195
60000	283040701.373074	60000	293929020.416415	60000	296769378.366336	60000	298672340.633338	60000	286570880.114161	60000	289268210.102399	60000	289353858.926211	60000	292003573.354183	60000	291859740.578854	60000	293019601.277737	60000	293629545.121443
60500	283939471.201988	60500	295562415.682305	60500	296306642.553522	60500	299062322.636121	60500	286241165.357321	60500	288265791.575381	60500	290178091.675292	60500	291803180.464717	60500	291844910.495056	60500	293400691.398467	60500	294188888.262670
61000	283568669.758851	61000	294679479.799527	61000	296749601.362001	61000	299761052.649860	61000	287005333.739179	61000	288789924.854386	61000	290096079.010889	61000	291372598.409528	61000	291686756.542910	61000	293625000.076439	61000	294295456.995689
61500	283683231.962679	61500	295305692.930667	61500	296271715.495313	61500	297554267.047348	61500	285139945.714707	61500	289755495.784626	61500	290379981.715036	61500	291819798.329405	61500	292114469.535900	61500	293985373.408130	61500	294744043.696284
62000	283190195.491680	62000	295327855.486046	62000	296308592.154020	62000	297966290.311866	62000	285146484.505829	62000	288732848.433474	62000	287996805.161981	62000	291534102.368188	62000	292467637.787601	62000	292434394.643225	62000	294791536.582216
62500	284116453.984435	62500	294431493.414794	62500	296851752.856938	62500	298340933.890058	62500	286184100.361791	62500	288451242.282564	62500	288727083.895938	62500	290981637.926443	62500	290795043.433786	62500	293088628.103956	62500	293197012.854641
63000	283862092.212404	63000	294288482.927511	63000	295279790.278168	63000	299134438.094315	63000	285741889.404967	63000	289182089.872988	63000	289437538.441333	63000	289437138.413002	63000	292124172.477522	63000	292772124.340235	63000	294040406.075126
63500	283002784.506933	63500	294378890.202169	63500	296962981.571515	63500	299388588.680508	63500	285524611.474995	63500	288510296.199708	63500	289928579.274604	63500	290097782.500214	63500	291527618.828162	63500	292324582.028771	63500	294034578.940315
64000	282929807.064804	64000	295203919.761462	64000	296986555.918126	64000	299565637.207470	64000	285929584.745837	64000	289461898.099614	64000	290439571.323983	64000	290622354.578342	64000	291428060.329464	64000	292702007.518991	64000	294713423.388919
64500	283199550.072253	64500	295438217.895007	64500	296796515.635731	64500	299115849.936854	64500	286001298.873142	64500	288381340.224213	64500	290587821.076426	64500	291460737.333520	64500	292892432.101215	64500	293395912.095117	64500	294519420.666392
65000	283232647.351530	65000	295622841.466082	65000	296686513.184814	65000	298887067.959634	65000	285462079.109542	65000	288173046.614430	65000	289856263.969069	65000	290962467.168387	65000	291335166.226667	65000	293047018.178036	65000	292976572.146715
65500	283206454.654506	65500	295360817.400550	65500	296135313.604460	65500	297891248.238025	65500	286262461.184762	65500	287698409.526903	65500	289378536.142229	65500	292126809.322477	65500	292952134.394767	65500	293129293.770328	65500	293335865.055676
66000	284330005.563810	66000	294412766.215119	66000	297745309.759547	66000	298546125.790641	66000	286593593.731931	66000	288617330.362976	66000	290248085.157764	66000	290311062.244244	66000	291487105.004415	66000	292899606.862341	66000	294649289.457452
66500	283675292.350435	66500	295631089.506472	66500	296971204.785725	66500	299555359.002855	66500	285997664.740380	66500	289100899.300483	66500	289891195.172777	66500	291395169.059382	66500	292523351.797293	66500	292929560.075393	66500	293799479.344343
67000	283184505.431089	67000	294797692.347942	67000	296466060.861510	67000	300390238.128474	67000	286442522.307692	67000	289130078.364874	67000	290162443.960168	67000	290763701.955731	67000	292136645.127094	67000	293936747.301440	67000	293988030.416813
67500	282452257.305370	67500	295239957.775284	67500	297032066.288954	67500	299397256.509828	67500	285778730.422586	67500	289798998.319770	67500	289820199.970442	67500	289922930.449584	67500	292076085.891704	67500	292588444.027497	67500	294692240.792352
68000	282990533.128257	68000	295133166.207994	68000	296626918.924734	68000	299093272.169755	68000	285891766.099110	68000	289004822.444893	68000	290925179.945763	68000	290906741.697040	68000	291837678.201543	68000	292794632.658841	68000	293158365.910893
68500	283622139.083824	68500	295214934.233433	68500	297464660.348036	68500	298309612.772800	68500	286097849.685763	68500	288802452.412041	68500	289476943.220443	68500	291135217.442197	68500	291822524.458552	68500	292792295.372823	68500	293551775.157201
69000	282603608.776566	69000	295146110.462664	69000	297776908.647829	69000	299304704.828333	69000	285527013.190182	69000	288242411.267081	69000	291504751.453651	69000	291073066.149114	69000	292252963.623381	69000	293971667.630643	69000	294499268.812077
69500	283842697.641964	69500	294114158.661637	69500	296126104.212840	69500	298760878.585886	69500	284973732.723240	69500	288812061.699968	69500	288898119.756352	69500	290835158.859365	69500	291936196.599875	69500	292903670.669891	69500	292977180.876172
70000	282986129.157282	70000	293826698.637710	70000	296617121.533013	70000	298615301.918538	70000	286368983.474486	70000	288486381.478229	70000	289900907.106130	70000	291380289.029499	70000	293129115.561454	70000	293273617.935113	70000	294116605.098825
70500	283441010.941647	70500	294542163.878389	70500	296598960.564883	70500	299597414.406997	70500	286802152.399732	70500	288544511.539731	70500	290411121.875461	70500	290395908.546586	70500	291472363.862012	70500	292755864.037462	70500	294224135.539675
71000	284920924.939288	71000	295471086.276478	71000	295885465.982883	71000	298347869.847892	71000	286006531.568815	71000	288795935.800681	71000	289909355.890094	71000	291698054.352755	71000	291448616.849087	71000	293055421.592502	71000	293462428.697603
71500	283982275.030387	71500	295330364.422836	71500	296573258.108207	71500	297505812.072540	71500	284987584.815793	71500	288351051.606540	71500	290563381.005340	71500	291336322.708713	71500	292294899.573130	71500	293030228.445880	71500	293962259.405487
72000	283216770.721379	72000	295253383.345151	72000	294793124.803442	72000	297951444.958348	72000	285359888.819930	72000	289002881.922944	72000	289144971.992018	72000	291283855.378099	72000	292388560.576329	72000	293064864.421432	72000	293005672.789401
72500	282813026.983901	72500	295181168.359835	72500	295606985.486398	72500	298670590.926626	72500	285584469.329262	72500	289110543.578777	72500	290269490.858080	72500	291692508.614975	72500	292459456.737130	72500	294215857.752004	72500	292939986.034591
73000	283436745.673192	73000	294455925.625963	73000	297184117.758711	73000	298833490.863541	73000	286140208.770757	73000	288763823.874689	73000	289724329.151479	73000	291838064.813082	73000	291699818.488948	73000	292123070.582721	73000	294079786.546270
73500	283627412.965501	73500	294911719.873965	73500	296738125.592147	73500	298307946.316943	73500	285876781.070235	73500	288815295.399821	73500	289780764.338299	73500	292115344.646159	73500	292353752.864604	73500	292587942.130018	73500	295149517.931234
74000	282836326.697098	74000	294711875.012344	74000	296425291.267511	74000	298201827.070211	74000	286243884.819906	74000	288418280.761730	74000	290354820.809511	74000	290263942.805303	74000	290902671.408413	74000	293896847.758287	74000	293285406.119267
74500	283100704.390813	74500	293607461.673812	74500	295668292.161384	74500	298699588.221468	74500	285370785.208278	74500	288573398.512205	74500	291464393.869822	74500	290308908.465444	74500	292242526.011503	74500	293002319.393142	74500	293535674.516918
75000	282222576.666807	75000	295059840.873059	75000	296294800.533289	75000	298773052.749737	75000	285913057.509429	75000	287877265.419403	75000	290182832.038616	75000	290908641.191244	75000	292905090.700078	75000	294200166.934038	75000	294420721.927060
75500	283456119.291563	75500	295278594.347806	75500	295945116.003874	75500	299077599.307797	75500	285579887.637190	75500	288349566.000442	75500	290922216.274807	75500	290764984.506570	75500	292330934.877024	75500	293155158.839168	75500	293250619.752453
76000	282715481.619881	76000	295013686.586125	76000	296493212.009336	76000	298902267.908179	76000	286150649.643449	76000	289563801.808840	76000	290072008.335449	76000	291349701.062114	76000	290737927.100156	76000	292320959.543078	76000	294535951.212253
76500	283048311.313959	76500	294915818.490896	76500	296889782.160599	76500	298823923.955848	76500	287069905.001934	76500	288974321.405594	76500	289385396.915828	76500	289967621.943953	76500	292649549.457364	76500	293490019.418943	76500	293948621.487171
77000	283185339.308642	77000	294353897.100258	77000	297335122.003813	77000	299156828.434033	77000	285339092.871899	77000	288133055.770323	77000	289214295.477186	77000	290319838.226822	77000	289988127.398848	77000	292796203.972817	77000	294231469.514013
77500	283251866.655973	77500	294247528.065953	77500	296560578.899489	77500	298086129.745640	77500	285824924.222937	77500	289763576.779970	77500	290205918.774505	77500	291170000.245140	77500	291492976.643732	77500	293666656.867757	77500	294503159.700559
78000	283199475.165010	78000	295786347.115371	78000	297844914.522813	78000	298874989.442317	78000	286632226.778854	78000	288137624.806143	78000	290681879.649788	78000	291663443.874805	78000	291840540.000602	78000	293636400.839713	78000	294167248.399337
78500	283024135.361355	78500	295272143.494349	78500	295848281.744000	78500	298683354.291964	78500	286834714.204157	78500	288655657.687794	78500	291996797.893355	78500	291074381.041834	78500	291601747.742145	78500	294610918.810213	78500	293523011.073845
79000	283039157.887235	79000	294475242.883743	79000	296472197.504209	79000	298352698.158715	79000	286340031.941753	79000	288680455.408953	79000	289795638.495040	79000	291298868.586399	79000	291777173.255796	79000	293237255.548770	79000	294157036.174459
79500	283035428.964522	79500	295831328.090342	79500	296792153.401801	79500	299025989.095268	79500	285576121.082552	79500	288740034.811406	79500	288937019.144916	79500	290119952.534700	79500	291567200.287043	79500	293274725.890749	79500	295923853.832419
80000	282774506.893461	80000	295429352.763247	80000	296663183.766777	80000	298937267.332057	80000	286037411.264780	80000	287968818.688594	80000	289401966.437433	80000	291648737.500563	80000	292408623.198408	80000	292430822.992078	80000	294813686.842124
80500	282058206.994875	80500	295096689.319969	80500	296690940.415336	80500	298864554.071737	80500	285899124.423346	80500	289028087.957411	80500	290133770.048141	80500	290283722.752739	80500	291757236.041249	80500	294155586.797858	80500	294956586.038329
81000	283821580.961646	81000	294143544.337172	81000	296906424.760675	81000	298929022.200684	81000	285997190.018212	81000	288810519.694759	81000	289788957.842898	81000	291341033.755832	81000	292079930.281106	81000	293273599.007742	81000	294000380.753049
81500	284064829.668448	81500	294328951.409745	81500	296222738.044223	81500	298866392.455090	81500	285489575.445349	81500	288043005.982727	81500	290284389.864659	81500	290077381.848694	81500	291898731.661928	81500	292215620.475232	81500	293122568.268034
82000	282325255.096849	82000	294640541.584584	82000	296922946.541892	82000	298183866.184377	82000	286903302.635679	82000	289535018.641463	82000	288820839.822689	82000	290653068.864167	82000	291127446.208727	82000	293800892.395744	82000	293377852.643268
82500	282945740.526625	82500	295006143.198065	82500	297273356.740323	82500	297736688.559333	82500	285760717.310078	82500	289841853.400379	82500	289614843.402780	82500	290785234.187950	82500	291921741.148149	82500	292548263.160617	82500	293085819.013277
83000	283878199.115921	83000	294737173.651824	83000	295453782.895487	83000	297751550.166704	83000	286001471.341908	83000	288212781.139197	83000	289455469.530067	83000	290478968.427509	83000	292092742.325054	83000	293345687.653622	83000	294206124.247490
83500	283323560.315320	83500	294788183.252941	83500	297296668.456845	83500	298464664.436342	83500	285794432.800517	83500	288826632.236986	83500	289943879.584648	83500	291342200.181623	83500	292811239.868550	83500	292487153.458422	83500	294187696.179604
84000	283452616.292053	84000	294427031.166898	84000	296825591.759475	84000	298393989.912780	84000	286339245.200328	84000	288208726.287367	84000	290268388.488605	84000	291785512.547335	84000	291796378.559174	84000	293214446.357313	84000	293197442.126540
84500	283074542.359016	84500	294295964.747895	84500	296665694.875241	84500	298086818.162130	84500	286092929.326893	84500	289654148.415069	84500	290455600.572838	84500	289879308.414303	84500	293296768.145894	84500	292773317.878625	84500	293961162.477172
85000	283599804.485829	85000	294828499.585639	85000	297071007.127674	85000	299073352.496612	85000	285607403.345326	85000	288821886.816686	85000	290149205.793633	85000	291018740.505940	85000	292839278.036650	85000	293429530.408020	85000	294167959.109763
85500	284117561.687709	85500	294993202.842176	85500	295813733.533264	85500	298177562.727624	85500	285992278.771682	85500	288901684.669637	85500	290545469.197797	85500	291841027.057565	85500	290872366.334644	85500	293396728.064886	85500	294626874.855029
86000	283097698.816750	86000	294517618.679394	86000	295646753.744401	86000	298818175.517598	86000	286760633.639995	86000	288892181.216527	86000	290022840.630960	86000	290172342.349404	86000	291657267.604359	86000	293074487.901811	86000	295002500.656558
86500	282466484.588933	86500	294748039.008712	86500	296175830.053959	86500	298236870.041733	86500	286689640.878262	86500	289088955.509061	86500	290286499.949965	86500	292299456.111159	86500	291235301.500829	86500	293610998.681025	86500	293538880.294103
87000	282931646.791563	87000	294313076.240203	87000	295780645.324037	87000	298077500.347472	87000	287087161.456194	87000	289474519.473640	87000	290441121.390580	87000	291423994.209390	87000	292059326.262859	87000	293339335.435418	87000	293573702.387554
87500	283566065.014522	87500	294342226.840922	87500	295854771.665501	87500	299119093.384386	87500	285465643.183571	87500	288484899.259988	87500	290920839.751575	87500	291162032.703367	87500	290528723.077074	87500	292555787.445103	87500	294790139.904149
88000	284132364.194484	88000	295251657.287072	88000	296848657.181838	88000	298996704.923066	88000	286233265.731332	88000	287817705.526937	88000	290527444.617154	88000	291431269.740235	88000	291652454.766030	88000	292749377.734385	88000	294264015.575778
88500	283182271.401191	88500	294695050.563627	88500	296446688.986325	88500	298378425.214440	88500	286214821.386566	88500	288697797.406014	88500	290164867.630721	88500	291654542.825626	88500	292450734.780942	88500	294404107.850432	88500	293831045.558462
89000	283286526.590545	89000	294015800.360422	89000	297281470.202112	89000	298240014.795691	89000	286966738.426602	89000	288130422.043674	89000	288765466.583394	89000	290629207.639319	89000	291669794.577219	89000	292349075.001556	89000	293966251.106736
89500	283284240.668392	89500	295632888.976698	89500	295286323.113785	89500	299383598.440720	89500	286292909.919645	89500	288961618.680328	89500	289071414.450706	89500	291311321.285011	89500	292158402.568060	89500	293028942.043266	89500	293914670.746050
90000	283213593.180436	90000	295514240.129102	90000	296014389.216499	90000	298805433.495188	90000	287064084.552944	90000	288142372.421717	90000	289974247.496295	90000	291362840.566018	90000	291657864.124228	90000	292858649.091021	90000	293563465.390603
90500	283614482.844105	90500	295973391.981781	90500	296153315.379916	90500	297549608.888244	90500	286644414.747874	90500	289587605.618233	90500	289319229.013104	90500	290122728.842484	90500	291102421.173899	90500	292687020.684319	90500	294640022.588422
91000	282341641.526191	91000	294406894.583687	91000	296631180.918311	91000	299410257.309357	91000	286001030.716246	91000	289611905.219555	91000	289799496.036085	91000	290850794.955787	91000	292807562.469942	91000	293257023.028388	91000	294060823.380243
91500	282781767.201177	91500	294638908.677153	91500	295955510.679915	91500	299009828.995727	91500	286662010.803769	91500	288406764.731001	91500	289666810.953090	91500	291489531.039000	91500	292223339.018673	91500	293527097.957149	91500	294683031.133896
92000	283838191.789795	92000	296124681.755668	92000	296730212.384933	92000	299228467.410837	92000	285770456.775797	92000	288797728.145450	92000	290380834.947187	92000	291346218.092949	92000	292130064.276183	92000	291579312.540601	92000	295536527.414951
92500	283254506.104143	92500	295267498.677125	92500	297276428.090672	92500	298878582.534912	92500	287174423.796529	92500	289352759.624116	92500	290624349.843127	92500	289927769.924415	92500	291826083.871133	92500	293359141.830724	92500	293976180.890857
93000	283461663.876077	93000	295149446.000801	93000	296449305.259861	93000	298640085.835434	93000	286214709.341109	93000	288742341.335323	93000	289897812.919058	93000	290297762.194766	93000	292346520.590048	93000	293858841.797651	93000	294530434.226935
93500	283724073.801197	93500	295060054.777027	93500	296666582.864889	93500	298544675.667467	93500	285843972.550974	93500	288215696.517164	93500	289216372.690783	93500	290896484.474887	93500	291888724.220034	93500	293017359.045500	93500	293632443.007806
94000	283284809.851940	94000	295649857.879026	94000	296510227.345267	94000	299151581.289111	94000	286446379.630750	94000	288713337.290438	94000	290372654.653614	94000	290530337.028216	94000	291790917.592430	94000	293650216.175877	94000	294511806.250915
94500	283710949.533665	94500	294833669.311337	94500	296085618.923119	94500	298308775.572674	94500	285774607.726893	94500	288779961.856253	94500	289206110.416928	94500	290753083.048284	94500	292725731.460971	94500	292785289.126366	94500	293930623.201189
95000	282040484.069064	95000	295065758.852089	95000	296108342.015721	95000	298626863.153925	95000	286032055.498661	95000	287964879.406318	95000	289431267.841586	95000	291090966.817139	95000	292242825.593793	95000	293153336.854793	95000	294750616.211449
95500	283558731.717099	95500	294153546.853709	95500	295851132.780944	95500	298866891.586180	95500	286263939.879153	95500	288451554.270672	95500	289032933.073804	95500	291135805.121689	95500	291543301.643251	95500	292943890.230240	95500	295557745.064993
96000	282867973.115820	96000	295153770.603913	96000	297554470.708737	96000	298083092.317195	96000	286440028.976395	96000	289276418.535570	96000	289991166.418480	96000	291060582.890468	96000	291845382.599090	96000	293367750.011941	96000	293929371.158269
96500	283188366.568403	96500	295800518.173700	96500	296435130.098296	96500	298831457.117109	96500	286385229.821323	96500	290047507.573763	96500	290263278.704014	96500	291593387.827212	96500	292585903.236092	96500	293031203.857378	96500	293057996.763846
97000	283013833.670309	97000	294088240.758229	97000	296496369.058887	97000	299955451.258579	97000	286866509.969564	97000	289179063.067269	97000	289080497.862000	97000	291820164.975621	97000	291143448.741006	97000	294522009.461341	97000	294259686.318834
97500	283908088.612401	97500	295228572.889772	97500	297075739.151215	97500	299124446.371500	97500	286385270.972380	97500	288123293.668336	97500	289508441.817075	97500	291056377.585226	97500	291958887.636153	97500	292835264.411917	97500	294636247.619989
98000	283234123.044726	98000	294583981.451994	98000	296481676.945574	98000	299208536.318724	98000	286799844.601921	98000	289061677.857933	98000	289378466.833419	98000	290512537.419572	98000	292455890.104366	98000	292852708.026128	98000	295003213.948114
98500	284110854.612277	98500	294898561.860737	98500	296059694.472949	98500	297812577.309218	98500	285712434.295101	98500	288807319.299902	98500	289119738.051463	98500	290896550.702588	98500	292556945.790470	98500	292922407.797251	98500	293806116.613476
99000	282180876.089506	99000	295095376.247584	99000	296680478.071066	99000	298934157.448370	99000	285478782.475681	99000	288037022.467402	99000	289262669.350245	99000	291779671.099198	99000	291334968.080909	99000	292557951.044920	99000	293698610.767231
99500	283209254.089836	99500	294937848.943359	99500	296601168.426416	99500	299107738.914939	99500	286531840.612121	99500	289208810.104706	99500	289935296.267108	99500	290904089.409770	99500	291253432.227264	99500	293178891.134970	99500	293974961.489749
100000	283152745.421801	100000	294780271.027844	100000	295440925.814204	100000	298621009.104415	100000	286739654.764506	100000	288290905.531117	100000	290375610.547224	100000	290777381.978332	100000	291949912.810317	100000	292675950.221571	100000	293786964.042961
