#	SIM_0		#	SIM_-10		#	SIM_-12		#	SIM_-15		#	SIM_-2		#	SIM_-4		#	SIM_-5		#	SIM_-6		#	SIM_-7		#	SIM_-8		#	SIM_-9	
1	285860529.245015	1	293843152.843749	1	294061426.057530	1	296323475.618242	1	287065528.335340	1	288810109.565644	1	290264838.417383	1	292898681.036678	1	292908626.238522	1	293480507.866157	1	293321327.226313
500	286117493.270426	500	292645959.640088	500	293370651.220721	500	296308341.180990	500	286874668.767045	500	288751481.578728	500	289001421.031012	500	289694159.203474	500	290385082.897463	500	291385835.596760	500	292873099.489686
1000	285542949.693534	1000	293241954.814743	1000	293866380.824959	1000	295195779.663888	1000	287136218.155896	1000	288971754.016978	1000	289577745.892345	1000	290542314.350170	1000	290759191.262839	1000	290681770.182675	1000	292148873.700492
1500	285266334.509890	1500	292575855.085767	1500	293574742.739637	1500	295280521.224258	1500	287132591.036554	1500	288304528.264380	1500	289400855.541055	1500	290793856.412528	1500	290666927.181160	1500	291746179.998921	1500	292253212.251821
2000	285078924.179856	2000	293522890.513369	2000	293214103.013610	2000	295606044.698619	2000	286942710.587293	2000	287734309.964715	2000	288868904.004910	2000	290374892.221862	2000	290682786.975004	2000	291974314.256670	2000	292231869.153808
2500	285438171.661690	2500	291925669.527043	2500	293986967.710564	2500	295698048.555602	2500	286681258.202972	2500	288599967.995059	2500	289028238.281110	2500	291020179.391804	2500	290219491.339663	2500	290760711.111466	2500	291752883.437366
3000	285588202.288309	3000	293183523.586322	3000	293656031.166354	3000	295339254.258063	3000	286952939.477811	3000	287788138.495356	3000	289349357.632065	3000	290320829.983631	3000	291249752.557748	3000	291343987.605431	3000	291748066.815536
3500	284027501.836749	3500	292268612.912954	3500	294338423.302607	3500	295630132.881110	3500	287783727.153019	3500	288833757.183719	3500	289393549.511665	3500	290470815.378365	3500	290060820.530870	3500	291978164.839006	3500	292149315.068556
4000	285279449.883299	4000	293386780.323766	4000	293894723.178472	4000	295467107.800363	4000	286808009.959301	4000	289305729.748882	4000	289348957.622778	4000	290369828.597870	4000	291073163.319400	4000	291801509.181212	4000	292342598.209430
4500	285209725.645849	4500	293336607.913264	4500	293010871.320758	4500	295689152.151600	4500	286072984.094869	4500	288186247.218506	4500	290141798.151831	4500	289671908.703556	4500	290920917.389837	4500	291531599.632826	4500	292457849.091844
5000	284620553.959819	5000	292851402.017116	5000	293769023.849292	5000	295691469.003532	5000	287594715.785450	5000	289581873.318585	5000	288828765.880342	5000	290425492.757425	5000	291927239.643219	5000	291132242.213154	5000	291797517.046604
5500	285440569.567207	5500	292897874.272055	5500	293741098.103395	5500	295962966.707321	5500	287415175.285729	5500	288820891.068181	5500	288731794.308901	5500	290620563.743860	5500	290891111.882154	5500	291535459.572040	5500	291725978.166461
6000	285943285.672360	6000	293032824.881179	6000	294288322.399905	6000	295701748.451853	6000	287196021.743040	6000	289001181.499009	6000	290166263.221791	6000	290662970.345970	6000	290709345.361045	6000	291942916.717301	6000	292554928.996844
6500	285234352.602527	6500	293165805.739995	6500	294123913.724807	6500	295739676.573749	6500	288006583.133601	6500	288916741.848821	6500	289046151.213399	6500	290029101.475152	6500	290758787.856464	6500	291049794.438605	6500	292122193.149178
7000	285150493.845238	7000	293188182.154416	7000	293817799.449814	7000	296038550.661388	7000	286805736.656743	7000	288253360.666337	7000	289482284.116626	7000	290118306.225628	7000	290423626.036116	7000	291176698.988116	7000	292671439.313204
7500	284644915.761336	7500	292699995.655812	7500	293111038.044372	7500	294907736.749677	7500	287983226.434050	7500	288843492.214939	7500	289632815.089335	7500	289954309.187744	7500	290695859.039674	7500	291968971.619169	7500	291507639.623568
8000	285644627.794216	8000	292844943.313605	8000	293471176.872981	8000	295738219.349321	8000	287133283.267954	8000	288722281.714723	8000	288642600.959276	8000	290189715.534526	8000	290268746.380942	8000	291625788.299912	8000	292207386.451331
8500	286071390.040342	8500	292835748.422813	8500	294521607.354267	8500	295855177.687816	8500	287254180.230190	8500	288892533.429962	8500	289405108.729155	8500	290220905.997481	8500	289924503.114840	8500	291244028.161651	8500	292347311.411872
9000	284938543.069472	9000	292442214.352651	9000	293821911.761930	9000	295490273.165238	9000	287844536.629573	9000	288572572.234261	9000	289469789.597205	9000	290025546.196724	9000	290013635.713838	9000	291051528.877257	9000	292330188.964206
9500	284960374.498227	9500	292199758.955760	9500	294019298.655601	9500	295206387.851467	9500	287608052.132553	9500	288654145.045093	9500	288693882.870443	9500	290364242.960413	9500	290676773.897918	9500	291488171.905732	9500	292825397.879378
10000	284963021.768613	10000	293030968.217506	10000	292654978.895651	10000	295471879.152603	10000	287368031.309250	10000	288866244.952207	10000	288738401.531561	10000	290312425.281691	10000	290854195.523685	10000	291319651.278465	10000	292035259.393572
10500	285554341.457388	10500	292749747.089839	10500	294218182.922550	10500	295855098.399777	10500	287563569.612504	10500	288691112.164333	10500	290668383.315197	10500	290162117.350653	10500	290445666.042735	10500	291131467.587949	10500	292160787.600749
11000	284921452.926304	11000	292677719.384149	11000	293774179.998932	11000	295955398.577248	11000	286562913.216132	11000	288655354.251347	11000	289699307.073749	11000	291089314.611989	11000	291011380.365646	11000	292329493.678663	11000	292030875.056502
11500	285316234.813969	11500	292263760.462963	11500	294120220.620265	11500	294593889.091112	11500	286533213.261246	11500	288511410.673347	11500	289590760.312619	11500	290107114.061024	11500	290837428.973716	11500	291124266.729328	11500	292023224.418561
12000	285210808.987414	12000	293287762.484984	12000	293762606.266792	12000	295524300.180506	12000	287661244.728866	12000	288621431.888227	12000	289492636.680622	12000	290066596.630725	12000	290987276.508787	12000	291897151.531651	12000	291849652.287499
12500	285743188.676103	12500	292670303.835518	12500	293533588.241147	12500	295343890.418149	12500	286905413.083608	12500	288451185.476337	12500	290036656.274075	12500	290802449.734958	12500	290925371.882853	12500	291650172.855245	12500	291634298.420016
13000	285542139.057660	13000	292497900.157691	13000	294437490.997922	13000	295383499.159449	13000	286571369.836013	13000	288822034.565765	13000	289423117.526593	13000	290641809.797184	13000	290850746.144648	13000	291932103.052747	13000	292676362.459410
13500	285076728.982246	13500	293465129.772295	13500	294012856.183738	13500	295723512.470804	13500	286505127.517987	13500	289311691.921805	13500	289315537.618236	13500	290497846.008649	13500	291266703.413873	13500	292085780.876131	13500	291929581.370360
14000	285121526.293866	14000	292409747.952914	14000	293787530.546339	14000	295284598.808741	14000	286188428.907681	14000	288293682.279000	14000	289973301.189035	14000	290745880.490192	14000	290544913.566839	14000	290998439.228814	14000	293325103.723518
14500	285872280.125787	14500	292035021.691813	14500	293410213.749667	14500	295450869.847360	14500	287251993.019662	14500	288470929.017591	14500	289391269.754768	14500	290451694.956009	14500	290865184.569643	14500	291627806.971684	14500	291446634.498398
15000	284511926.098272	15000	291939516.838955	15000	293590243.233550	15000	295401590.065056	15000	286724834.570906	15000	289208975.030162	15000	289515105.906089	15000	289815138.116739	15000	289357743.027735	15000	291930523.718143	15000	292252674.014342
15500	284968325.550361	15500	293003776.799830	15500	293479461.522669	15500	294970847.781299	15500	286302858.657029	15500	289746893.598910	15500	289369973.260179	15500	290597241.563260	15500	290453017.251240	15500	291602754.067103	15500	292143456.915072
16000	285877840.140633	16000	293249483.514112	16000	293493055.879833	16000	294913870.751958	16000	286723001.869911	16000	288159045.539316	16000	289185651.725717	16000	290514694.585799	16000	291283949.789647	16000	291158813.737220	16000	292372058.324824
16500	284897182.993269	16500	292990203.807460	16500	293507375.332383	16500	295247013.218403	16500	286218020.944225	16500	289174770.593609	16500	289792503.586725	16500	290645455.337147	16500	290402801.933206	16500	291228608.893840	16500	291879745.580301
17000	285246807.571579	17000	292808666.440731	17000	293640343.729298	17000	295116897.093930	17000	286371864.024849	17000	289057337.412516	17000	288958648.261302	17000	290086756.312042	17000	291605563.031247	17000	291092701.349423	17000	291554156.700181
17500	284875215.271236	17500	292655617.441925	17500	293896819.844998	17500	295416917.842915	17500	285349949.372855	17500	289443061.482492	17500	289960494.085463	17500	290209857.511570	17500	291626847.002384	17500	291928822.527236	17500	292695588.371526
18000	285405630.234293	18000	293476609.205556	18000	294052247.402217	18000	294665448.618348	18000	286872712.441524	18000	287830673.130965	18000	290068580.230554	18000	290268291.334722	18000	291416931.716736	18000	292014345.856743	18000	291966214.772825
18500	285023497.205042	18500	292875055.756126	18500	293727257.169107	18500	296021041.875219	18500	287258035.817070	18500	288549371.746505	18500	289741213.736665	18500	289900766.782953	18500	291056943.804797	18500	292051950.653422	18500	292622584.848205
19000	286218178.499127	19000	292730901.007810	19000	294441133.744587	19000	296223215.892098	19000	287725231.409662	19000	289004605.934089	19000	289664365.114758	19000	290724035.269140	19000	290901339.849825	19000	291453279.334999	19000	291476999.201725
19500	284775048.669310	19500	293418273.022242	19500	293367003.238016	19500	294936507.291049	19500	286912541.502467	19500	289644829.592615	19500	289729574.275644	19500	290287081.522196	19500	290888216.175883	19500	291372575.999029	19500	292618535.687423
20000	285485110.371034	20000	292752849.426717	20000	294017188.373754	20000	295566053.258227	20000	287058317.318347	20000	289049513.956262	20000	288853825.775070	20000	288778613.560894	20000	290437487.585506	20000	291787058.403624	20000	293254516.079831
20500	285849155.958209	20500	292015355.928619	20500	294172900.671241	20500	295342159.919456	20500	287279142.116846	20500	288558466.373840	20500	289916204.196138	20500	290221736.385330	20500	290125248.773355	20500	291340242.104070	20500	292423057.565432
21000	285573800.833511	21000	292773048.569745	21000	293520956.683848	21000	295458254.751402	21000	287582448.556389	21000	288180426.904592	21000	289717813.944154	21000	289988718.205640	21000	289806425.401580	21000	291876294.230675	21000	291735012.985050
21500	285130850.022174	21500	292646525.700264	21500	293640463.496869	21500	294624176.969851	21500	286676287.815423	21500	288472447.692702	21500	290006064.972113	21500	290306872.825403	21500	290821539.550698	21500	291236263.899431	21500	292931928.278399
22000	284824981.260291	22000	292728942.132862	22000	294075318.213263	22000	295877926.655881	22000	287227633.881552	22000	288441868.752584	22000	289886434.456142	22000	290428132.720759	22000	290819212.911896	22000	292158364.804016	22000	293116123.724954
22500	284553990.016914	22500	293044180.824970	22500	294179207.333575	22500	295107975.350313	22500	286941269.600430	22500	288247102.102091	22500	288214216.534608	22500	289542311.190795	22500	290977276.525472	22500	291121426.318454	22500	292007654.803835
23000	285205755.746581	23000	293092335.123292	23000	293232011.754739	23000	294882291.704990	23000	287961563.693545	23000	289054164.249542	23000	289104764.144452	23000	289812155.584150	23000	289906285.700124	23000	292433325.533047	23000	292142651.307688
23500	285285942.370324	23500	293252915.519292	23500	293767397.415502	23500	294744539.770310	23500	287658592.281873	23500	288448785.709481	23500	288922050.682893	23500	290303863.568562	23500	291511622.110941	23500	291913112.956671	23500	292378631.970105
24000	285720953.808391	24000	292859127.176107	24000	293833081.154883	24000	295717600.251909	24000	287670653.460443	24000	288940754.330219	24000	289173000.108407	24000	290444694.252977	24000	291111634.526030	24000	291294182.669090	24000	293180694.443952
24500	285131831.319472	24500	293667107.459254	24500	293825522.848412	24500	294243388.288603	24500	287182862.130359	24500	288774638.383599	24500	289887243.890138	24500	290671000.298210	24500	290064417.176195	24500	291559840.467875	24500	292151205.017276
25000	285380450.072248	25000	292559956.975655	25000	294373604.917714	25000	295472502.729961	25000	287321992.138172	25000	289484162.336622	25000	289622125.682535	25000	290117482.361257	25000	291282952.961370	25000	291867288.296713	25000	292243683.543605
25500	284781695.270789	25500	293481744.619988	25500	293838130.173021	25500	294792057.825989	25500	286590969.066233	25500	288076565.437880	25500	289725752.177387	25500	290882017.041841	25500	290829501.072736	25500	292063074.056451	25500	292145036.511279
26000	285369264.079443	26000	292917646.777816	26000	293946860.493156	26000	295556628.972510	26000	286805989.625454	26000	288222713.540525	26000	288988827.193175	26000	289571339.968835	26000	290186912.149866	26000	290894912.219711	26000	292535209.959411
26500	285499030.480887	26500	292686971.832471	26500	293598816.095572	26500	295398137.419806	26500	286776592.476454	26500	288305315.126467	26500	289351528.285497	26500	290126648.034240	26500	291353862.310378	26500	291343131.295200	26500	291682207.118639
27000	285237256.985784	27000	292981129.275366	27000	294156419.718729	27000	294272524.312295	27000	286045902.722269	27000	289028694.851359	27000	289644928.676527	27000	290622950.929777	27000	291101501.392998	27000	291939299.514481	27000	291715145.407846
27500	285458986.501505	27500	292791477.882113	27500	293469734.616529	27500	295330647.020096	27500	287081920.349325	27500	288517637.742930	27500	289804682.392762	27500	290332057.439966	27500	290769334.008654	27500	291053971.233979	27500	292034814.669024
28000	285208036.687273	28000	293271292.580113	28000	293849474.015950	28000	295594321.173563	28000	286314567.282682	28000	288727822.338452	28000	289328315.623919	28000	289953855.536265	28000	290649151.878360	28000	291422776.235577	28000	292140135.171393
28500	285737795.273514	28500	292678235.980296	28500	293951274.204940	28500	295351131.354092	28500	286194571.214992	28500	288294919.643523	28500	288955757.596007	28500	290048365.928152	28500	290906706.405518	28500	291655929.308860	28500	293055717.941521
29000	284806011.209817	29000	292904024.361622	29000	293076152.232419	29000	295530543.656661	29000	287191052.227959	29000	288659788.330413	29000	290247161.464203	29000	289596451.425317	29000	290209438.017237	29000	291219490.273759	29000	292308172.562671
29500	285438621.663213	29500	292857370.135252	29500	294400933.449778	29500	294590981.339268	29500	286523549.636510	29500	288237001.966217	29500	289978671.205383	29500	290385241.093671	29500	291024401.404905	29500	291723547.147046	29500	292127970.437227
30000	285818014.592753	30000	291958069.505801	30000	293834548.232829	30000	294400195.892761	30000	286965916.518508	30000	287496250.830001	30000	289033293.373180	30000	290127765.431034	30000	291109080.772129	30000	291711163.506265	30000	291345184.674657
30500	285235483.731571	30500	292550270.559264	30500	293929964.438586	30500	295319307.094026	30500	286748242.815534	30500	288904909.942141	30500	289818928.551588	30500	290422084.115577	30500	290454340.776424	30500	290980677.597146	30500	291338785.517346
31000	285712234.326459	31000	292655179.871987	31000	294254140.841976	31000	294920064.404253	31000	287054905.995273	31000	288723983.518994	31000	289600458.005788	31000	289907379.664314	31000	290507111.269940	31000	291837601.262729	31000	292132012.932262
31500	285566923.701407	31500	293313415.614448	31500	293616977.980562	31500	294315083.116165	31500	287084133.032545	31500	288731541.864896	31500	289408302.063840	31500	289840783.009409	31500	290716806.749061	31500	290716128.907553	31500	292026318.903241
32000	285367323.081814	32000	292533793.072998	32000	293937959.836494	32000	295454193.411394	32000	287576057.425036	32000	288372037.270992	32000	289654579.176681	32000	289621849.337274	32000	290456028.313532	32000	291770434.874345	32000	291965546.539099
32500	285920546.002972	32500	293275841.467155	32500	293396269.942387	32500	295540835.654494	32500	286808349.398967	32500	289585330.602827	32500	289528350.556590	32500	288517794.392411	32500	290076620.042236	32500	290693394.676512	32500	292134078.273797
33000	285620623.353738	33000	292102667.796201	33000	293874337.709755	33000	295026665.052772	33000	287654912.378949	33000	288651240.688941	33000	289715333.265280	33000	290158112.141413	33000	290654606.526136	33000	291386867.060660	33000	291799935.286839
33500	285245136.240760	33500	292324618.005102	33500	293755245.819089	33500	295126438.831852	33500	287111349.194937	33500	288024896.854829	33500	288797815.166438	33500	290102391.940780	33500	291292724.965661	33500	291457176.474342	33500	291485544.633496
34000	285497799.605388	34000	292798465.676885	34000	293270624.287603	34000	295059808.084080	34000	286854399.549578	34000	289045123.869696	34000	289245418.920531	34000	290156641.116049	34000	290696053.926710	34000	291550555.169856	34000	292428040.525086
34500	285194720.528130	34500	292694171.401088	34500	293217092.781908	34500	296159888.609174	34500	287650770.856256	34500	288776219.547989	34500	289159073.057547	34500	290488183.708012	34500	290317990.607781	34500	290964544.295646	34500	291814247.864241
35000	285762069.165257	35000	292650163.847079	35000	293309617.862942	35000	296166124.204908	35000	287528077.034732	35000	289165327.689699	35000	289480752.536590	35000	289750123.784292	35000	290697725.689182	35000	292210992.459903	35000	292876717.432199
35500	284821155.505528	35500	293382627.568970	35500	293178004.012288	35500	294975860.793235	35500	285987963.876170	35500	288231232.350870	35500	289180061.425305	35500	290418844.844031	35500	290110884.789903	35500	290880405.935997	35500	292484618.330968
36000	285051985.489253	36000	292651778.134794	36000	293507265.656870	36000	295613510.683963	36000	287335478.895467	36000	288988836.890267	36000	289460798.550245	36000	290551932.005498	36000	291408506.630375	36000	292096746.988179	36000	291707000.114726
36500	285608812.341166	36500	292851361.700453	36500	293338559.483341	36500	295881019.657585	36500	287574371.871674	36500	288568634.870275	36500	289971810.871077	36500	290282273.485781	36500	290691259.714484	36500	291585996.151540	36500	291454331.777204
37000	284832587.795689	37000	293199031.881572	37000	293815051.412275	37000	295522037.238290	37000	287560900.952117	37000	288472015.012418	37000	289752135.820512	37000	290307277.102265	37000	290896789.362229	37000	292026472.648136	37000	293030733.399898
37500	285352815.771115	37500	292552924.523506	37500	293198043.695876	37500	295349098.536324	37500	287256263.419980	37500	288625470.711821	37500	288790665.874604	37500	289854644.886622	37500	290425228.214895	37500	292264706.871003	37500	292091365.763738
38000	284678229.188707	38000	292276040.329699	38000	293731849.547978	38000	295274855.231084	38000	287527248.536976	38000	287594279.543510	38000	288885914.194565	38000	289678763.699235	38000	291159271.856887	38000	292421331.024455	38000	291937326.447687
38500	285486302.630150	38500	291928410.963930	38500	293970303.244130	38500	295065590.993731	38500	287308973.793388	38500	288164474.504664	38500	289048113.523819	38500	290033737.925425	38500	291630536.580145	38500	291799433.764099	38500	291822485.913000
39000	285168816.255883	39000	291965489.106310	39000	293055525.602154	39000	295699272.204542	39000	288316652.906667	39000	289008589.968581	39000	288714312.562794	39000	290928974.576664	39000	291500800.038602	39000	291166663.909402	39000	291955563.818260
39500	285940602.854824	39500	292682721.230757	39500	293971464.379216	39500	295191017.843598	39500	287078942.841906	39500	288945219.115965	39500	290260480.907475	39500	290202754.659256	39500	290870066.043998	39500	292097481.081346	39500	291930431.226672
40000	285359447.407309	40000	292334167.916787	40000	293813915.365246	40000	295839873.803341	40000	287202011.062113	40000	288421633.480528	40000	289905863.521871	40000	290510059.860184	40000	290984677.414697	40000	291852142.771363	40000	291759884.791812
40500	285241286.713565	40500	292480104.404263	40500	293869817.921020	40500	295281806.170268	40500	286414752.460135	40500	287750560.402851	40500	288657430.694160	40500	289796328.641977	40500	291371429.726751	40500	290779528.672465	40500	292406317.503057
41000	285176953.872913	41000	291823623.779203	41000	293530308.813299	41000	295720202.171543	41000	287137073.000388	41000	288850204.262014	41000	290135229.262474	41000	290810803.128415	41000	290653004.671321	41000	291490673.189715	41000	291675672.037000
41500	285313095.548761	41500	292599694.064745	41500	293905012.343745	41500	294710149.829220	41500	287287739.914885	41500	289284071.401647	41500	289899732.042609	41500	289786154.102091	41500	290426282.601129	41500	291974608.871946	41500	291327110.702129
42000	285846389.902498	42000	292102012.489245	42000	293826410.883833	42000	295594651.951316	42000	287675864.831155	42000	289153127.933104	42000	289913794.759032	42000	290009852.826672	42000	290744162.721689	42000	291767897.081992	42000	291881540.493850
42500	284685314.473012	42500	292494041.163639	42500	293566994.422882	42500	295307455.987774	42500	286408874.659032	42500	288636029.143202	42500	289394142.295280	42500	289280692.194737	42500	290429430.413276	42500	290726577.877706	42500	291553516.215694
43000	285723761.800758	43000	292781769.003728	43000	294062569.125609	43000	295440344.116792	43000	286649084.434513	43000	289200087.584638	43000	289710479.698166	43000	290313022.829417	43000	290343959.960138	43000	292131822.512099	43000	292290460.412232
43500	285035981.314609	43500	292181766.993127	43500	294457980.474011	43500	294714980.004419	43500	286685845.410407	43500	288553410.242040	43500	288779226.969917	43500	290032556.350022	43500	291492044.346726	43500	291178744.806363	43500	291126878.679260
44000	285082312.819713	44000	293069901.396694	44000	293981090.552965	44000	295128533.083530	44000	286663280.980823	44000	289134958.436223	44000	289301497.086366	44000	289031045.850008	44000	290441120.799085	44000	291474147.522867	44000	292597678.056284
44500	284509079.391415	44500	292435837.719555	44500	294072639.462423	44500	295244056.826599	44500	287730129.149261	44500	288725218.509704	44500	289548699.811843	44500	289948150.470729	44500	290888275.586387	44500	291408318.781978	44500	291505447.814122
45000	284318468.052463	45000	292155678.841823	45000	294590096.818255	45000	295432603.591914	45000	287114809.721373	45000	288568814.833563	45000	290291777.693321	45000	289385840.795556	45000	290896386.332176	45000	291740184.561276	45000	291623875.141125
45500	284404183.567625	45500	292893042.190763	45500	293874890.464487	45500	295030439.874592	45500	287585533.978570	45500	288397093.014235	45500	288988436.220029	45500	289473554.481094	45500	290383112.876066	45500	291451865.310120	45500	292490429.311926
46000	284465462.827665	46000	292987750.572990	46000	294193079.111131	46000	296028900.200073	46000	286636591.949209	46000	288367777.973883	46000	289489106.191459	46000	289965773.370717	46000	290781670.849206	46000	291388262.773178	46000	292449042.661824
46500	285018096.851842	46500	293621894.504303	46500	294173700.923998	46500	295335938.173538	46500	287183237.563664	46500	289078321.441895	46500	288891133.701692	46500	290511146.186680	46500	290426295.699265	46500	291185601.150709	46500	292573375.293774
47000	284633244.203498	47000	293040503.757090	47000	293468639.156263	47000	294853689.270374	47000	287374199.480094	47000	288681221.952644	47000	289287066.212124	47000	290346379.028850	47000	292023267.188721	47000	290723742.481433	47000	292235747.006936
47500	284979627.626035	47500	292555820.232802	47500	293439369.309631	47500	295324840.247261	47500	287256418.110042	47500	287887821.252207	47500	289726013.428743	47500	291105450.517972	47500	291536611.823245	47500	290954857.634149	47500	291937888.532384
48000	285432667.022339	48000	292806746.953013	48000	294359532.158552	48000	294555411.117293	48000	287451787.621161	48000	288931609.642485	48000	289279728.949173	48000	290347284.035418	48000	290884411.496668	48000	291527814.050718	48000	293135193.228740
48500	285235899.962335	48500	293183251.867873	48500	293722025.395176	48500	295048344.556883	48500	286938261.297354	48500	289172702.594099	48500	289479249.787468	48500	290019225.827555	48500	291450119.752752	48500	291513166.914464	48500	292219727.691368
49000	285111031.555805	49000	292708701.547717	49000	294485326.767126	49000	295469165.849453	49000	287223783.427631	49000	288924464.647452	49000	288662988.718892	49000	290205544.022763	49000	291401908.359213	49000	291955762.639874	49000	292264485.426856
49500	285072270.658680	49500	293683962.380400	49500	293870146.762276	49500	295306755.889033	49500	287757933.879954	49500	288904960.223196	49500	289991387.290702	49500	290056297.502081	49500	290266570.909914	49500	291339821.935974	49500	292578268.817361
50000	284957110.114018	50000	292599086.010088	50000	294317403.126995	50000	294794609.104604	50000	286421545.720340	50000	288443307.272825	50000	289216496.370170	50000	290293377.318911	50000	290896641.975087	50000	291610868.161996	50000	292325241.052087
50500	285604476.461990	50500	293243681.512549	50500	294315278.875125	50500	296240704.636250	50500	287553961.047166	50500	288519037.105340	50500	289438713.314534	50500	290724253.583055	50500	290925725.076644	50500	291104040.515533	50500	292452391.344866
51000	284486319.356583	51000	292542667.898788	51000	294193883.722726	51000	294834426.385831	51000	287568184.851391	51000	289157137.858146	51000	289619625.809431	51000	289447112.863289	51000	291804211.114820	51000	290875068.511558	51000	292599438.575825
51500	285157959.213160	51500	292749240.888327	51500	293411850.897148	51500	295622659.197073	51500	286526269.929786	51500	288364570.219058	51500	290908639.305680	51500	290524074.575531	51500	290923661.590176	51500	291847125.364174	51500	292872906.408602
52000	285816023.163439	52000	293404032.635236	52000	293823513.889163	52000	294726246.473362	52000	286519959.288793	52000	288320659.977323	52000	289694788.561778	52000	290403518.596618	52000	291109123.743915	52000	291662902.414751	52000	291865752.865108
52500	284925433.654465	52500	293187683.893709	52500	294150519.534249	52500	294766424.817077	52500	287178012.252630	52500	288899742.811375	52500	289195481.569625	52500	289889687.405301	52500	290644003.935930	52500	290960669.660891	52500	291711894.753658
53000	286077038.576836	53000	292413299.611388	53000	293721079.767233	53000	295412510.418817	53000	287063917.228312	53000	288983419.603395	53000	289556121.201453	53000	290139236.220680	53000	291149267.176809	53000	291261546.504035	53000	292298710.904926
53500	285128418.054737	53500	292591259.188987	53500	293476914.958078	53500	295133736.961212	53500	287614028.861180	53500	289015655.261101	53500	290370011.759154	53500	289716334.740250	53500	290769082.357630	53500	291519374.157182	53500	292545664.971979
54000	284878018.811657	54000	292638797.586927	54000	293994729.033628	54000	295313441.386716	54000	286955153.710723	54000	288394303.385840	54000	289095669.975446	54000	290672113.318848	54000	289986932.206456	54000	291734861.217275	54000	291650031.440455
54500	285328214.544389	54500	292654046.731825	54500	293856001.162830	54500	295025795.771813	54500	286762316.883052	54500	288969193.844122	54500	289353739.456418	54500	290431198.600813	54500	290943605.893320	54500	291096621.034384	54500	292380362.171679
55000	285475093.275672	55000	293436229.681586	55000	294051438.147514	55000	295885752.253507	55000	287177474.227313	55000	290174872.919647	55000	288863200.408309	55000	289654323.741980	55000	290704349.979302	55000	291714280.587202	55000	292594507.262461
55500	284326983.375714	55500	292994590.917057	55500	294190273.919857	55500	295128824.015815	55500	287137915.597828	55500	288534182.082929	55500	289556926.170434	55500	290307241.073900	55500	290517909.702404	55500	291092328.154429	55500	291914579.999758
56000	285525194.855213	56000	293029760.141366	56000	294163924.613437	56000	295595348.569455	56000	286672572.573945	56000	288646686.037536	56000	290064307.672516	56000	290180332.044460	56000	290790970.462071	56000	290927106.805110	56000	291613022.383937
56500	285740691.004079	56500	293039374.749896	56500	294062863.121209	56500	296301464.229218	56500	287087686.716537	56500	288507519.166230	56500	289990297.821487	56500	290303626.450265	56500	291326339.373209	56500	290975128.001095	56500	292081059.799419
57000	285685629.924291	57000	291582725.203627	57000	294183290.546131	57000	295476753.160175	57000	287231593.470272	57000	288586563.677349	57000	288837684.681095	57000	290108807.174479	57000	289910391.335607	57000	291701081.812225	57000	291903671.679704
57500	285083848.609858	57500	293023162.188941	57500	293316061.244195	57500	294628284.448329	57500	287957821.606043	57500	288035862.016585	57500	288202976.129338	57500	289979070.481672	57500	291377491.003731	57500	292090844.457961	57500	291618560.643224
58000	286104689.426492	58000	292600806.569055	58000	293856158.468624	58000	294869813.006929	58000	286941039.283453	58000	289008955.209930	58000	289207653.705129	58000	290043010.922938	58000	290699540.682683	58000	292194288.796511	58000	291199639.857032
58500	285117455.268197	58500	292822575.297192	58500	293927526.577599	58500	295355714.111845	58500	287363761.259497	58500	288293355.401988	58500	289639418.019770	58500	290133620.529628	58500	290870835.894999	58500	291701660.537827	58500	292267641.194574
59000	285069797.799884	59000	291678654.801729	59000	293618079.469276	59000	295695202.377075	59000	286547682.558102	59000	288089474.508509	59000	289528990.618312	59000	290143954.769692	59000	289709525.962716	59000	290583258.569213	59000	292331017.243853
59500	284735227.652654	59500	292873499.453861	59500	293782685.901943	59500	295139177.959121	59500	287190070.085925	59500	289435589.803871	59500	289295087.760320	59500	290468517.771064	59500	291283260.044573	59500	291144838.568712	59500	291632883.266945
60000	284678317.984287	60000	291800105.353622	60000	294429822.967771	60000	295381234.376737	60000	287807792.050787	60000	288635342.222794	60000	289800624.830762	60000	290144001.270639	60000	289715450.373172	60000	291116082.988512	60000	291434560.309232
60500	285156639.474130	60500	292589112.756470	60500	294815457.972522	60500	295789204.746780	60500	287302066.709353	60500	288311549.564011	60500	289235890.897778	60500	290553367.152295	60500	289912015.607516	60500	291413286.598101	60500	292381535.760252
61000	285580539.435392	61000	292220810.459934	61000	294092038.191237	61000	295766290.161431	61000	287332223.444502	61000	289145565.046273	61000	288700369.016998	61000	290234953.645353	61000	290375488.994388	61000	292113728.982646	61000	292025593.644236
61500	285069751.845516	61500	293367401.760589	61500	293912509.978505	61500	295368505.744940	61500	287635517.040968	61500	290250236.506940	61500	289479613.873261	61500	290593019.760755	61500	291008844.461764	61500	291234782.245505	61500	292278608.907131
62000	284446453.454622	62000	293554076.484376	62000	293663877.318433	62000	295237463.008404	62000	286859915.430018	62000	288746103.570500	62000	288983574.032174	62000	290801471.322573	62000	290847942.327161	62000	290921656.113640	62000	292688186.478322
62500	285423142.391547	62500	292960938.708809	62500	293144161.856494	62500	295816471.058994	62500	287306850.147570	62500	288659176.092929	62500	289915346.111703	62500	290494031.851714	62500	290348614.671938	62500	291039553.361839	62500	292179417.336909
63000	285878559.639458	63000	292174540.878971	63000	293856495.014755	63000	295537027.884003	63000	287457278.336168	63000	288582528.357699	63000	288831248.034206	63000	289712024.336450	63000	291026650.549004	63000	290635359.944021	63000	291907913.183683
63500	285493908.877669	63500	293247996.484186	63500	293660231.336082	63500	295470386.663743	63500	286565906.155860	63500	289052733.441593	63500	289408691.191589	63500	289480682.218853	63500	290576772.147656	63500	291126556.616109	63500	291815254.505456
64000	285086926.832588	64000	292828804.843896	64000	294151290.733014	64000	295567555.030227	64000	286739435.672936	64000	288846585.265714	64000	289301047.755734	64000	290329855.983182	64000	290655978.354678	64000	291476584.982557	64000	292331323.129838
64500	285228575.791002	64500	292756359.559210	64500	294100548.720041	64500	295107788.003216	64500	287483600.218715	64500	288640514.472667	64500	289676643.550095	64500	290184413.575744	64500	291594415.594803	64500	291443896.174684	64500	292283956.264819
65000	285745590.815779	65000	292433643.445295	65000	293621587.069719	65000	295529114.990984	65000	287044807.455218	65000	288779993.101752	65000	289438715.185240	65000	289981567.288740	65000	290294720.291278	65000	291997564.254329	65000	291756347.474032
65500	285438539.925718	65500	292571573.856728	65500	293506164.612035	65500	295253013.220529	65500	286869482.465127	65500	288465402.938178	65500	289658782.887294	65500	290274059.479206	65500	290853949.463178	65500	291454744.450594	65500	291619703.943469
66000	284584639.392818	66000	291752291.988649	66000	294152836.099484	66000	295451275.601888	66000	287413508.242568	66000	288507009.840977	66000	290003760.255249	66000	290243232.681781	66000	290552636.453375	66000	290787948.920138	66000	292899239.998047
66500	285079011.433439	66500	292624965.440618	66500	294120371.641756	66500	296357292.033514	66500	287737049.520361	66500	288847305.780741	66500	289963256.890809	66500	289434519.556533	66500	291385963.519954	66500	290996226.630775	66500	292396428.536789
67000	285821622.994471	67000	292886733.122857	67000	293376274.854431	67000	295528166.042412	67000	286945320.227396	67000	288561518.744103	67000	290028204.341042	67000	290280950.920094	67000	290503636.811567	67000	291900066.448267	67000	292459639.441342
67500	284940860.044013	67500	292697180.970766	67500	293769601.246044	67500	296410067.825355	67500	286533201.905721	67500	288651135.554764	67500	289743641.721978	67500	289822272.675313	67500	290771323.411772	67500	291230675.586805	67500	291733626.592009
68000	284546955.268473	68000	293220611.189607	68000	293578622.478599	68000	296143321.925203	68000	287357401.140246	68000	288343250.037851	68000	290107812.367709	68000	290816594.273263	68000	290970061.991343	68000	290862843.178717	68000	291568733.042265
68500	285249638.967445	68500	293063463.505800	68500	294426200.490781	68500	295402445.072510	68500	286967869.839509	68500	288711819.037276	68500	290334322.535572	68500	290125523.797140	68500	290690655.148290	68500	290875319.156691	68500	292013205.494261
69000	285539315.308196	69000	292890981.324874	69000	294228720.533714	69000	295621457.191441	69000	287270334.750028	69000	288184792.073176	69000	290607292.177765	69000	290239344.958287	69000	290905485.861191	69000	291500386.931419	69000	291862775.123526
69500	285635480.952307	69500	291912544.207530	69500	293838838.140270	69500	294957925.624503	69500	287396236.875495	69500	288345939.905322	69500	288318454.590168	69500	290567619.110735	69500	290584265.045270	69500	291964562.537949	69500	291444885.213511
70000	285733589.614293	70000	292517743.586467	70000	292961224.518637	70000	294632002.968378	70000	286345073.136233	70000	288782592.282713	70000	289825863.268172	70000	291019396.392730	70000	291575207.149887	70000	291178822.263631	70000	292245105.843607
70500	285300811.272841	70500	292645519.796379	70500	293898654.998709	70500	295902006.097906	70500	287613125.817356	70500	288649582.382657	70500	289946411.469781	70500	289931044.045435	70500	290335135.204173	70500	290824596.036915	70500	291877632.900571
71000	286368031.750561	71000	292790607.936672	71000	293149969.441106	71000	295670124.130232	71000	287671033.934796	71000	288983806.709661	71000	289372622.910937	71000	290561374.793423	71000	291358875.294484	71000	291743033.769448	71000	292048110.443868
71500	285200818.360462	71500	292825616.852516	71500	294214074.870344	71500	294594720.247012	71500	286462786.215926	71500	288482121.321202	71500	289134048.569480	71500	290448314.478542	71500	291037546.479154	71500	291645752.245078	71500	291806838.011686
72000	285961792.241295	72000	292553499.732132	72000	292590324.624528	72000	295455166.178415	72000	286955368.093583	72000	288774567.415391	72000	289370301.054532	72000	290013072.638098	72000	291505748.929661	72000	290917380.954740	72000	291948622.701744
72500	285077240.200065	72500	292998384.992433	72500	293086570.813067	72500	295180772.828190	72500	287086820.315667	72500	288638028.204715	72500	289011799.651466	72500	290445066.854330	72500	290951884.476904	72500	292049048.298262	72500	290860659.541191
73000	285394686.702114	73000	293010526.122936	73000	294277101.423694	73000	295487450.784506	73000	286737554.605847	73000	288722770.682039	73000	288990489.034732	73000	289749979.996496	73000	290988663.222066	73000	292003957.785797	73000	291930129.973891
73500	285163261.757380	73500	292781691.982543	73500	293632261.835914	73500	295059302.157583	73500	286894774.652213	73500	288725680.224166	73500	289746607.749868	73500	290894098.884429	73500	290209535.716654	73500	291236979.625965	73500	292431100.639901
74000	284939059.089807	74000	291716880.156821	74000	293878865.862551	74000	294395228.941334	74000	286419963.013325	74000	288370003.349902	74000	289450042.833294	74000	289314616.277137	74000	290484948.258291	74000	290869826.679492	74000	291521770.753817
74500	285772371.386443	74500	291817530.656178	74500	293336527.118863	74500	294733868.086495	74500	287458028.421479	74500	288307429.794754	74500	289896322.095750	74500	290353653.413891	74500	290923328.433378	74500	291446944.579230	74500	291533497.504111
75000	285018050.955688	75000	292603684.557618	75000	293773478.021624	75000	295364855.178662	75000	287177702.738162	75000	288242636.001635	75000	289724662.178757	75000	289726440.186236	75000	290751297.878041	75000	292089862.136849	75000	291471893.068651
75500	286130338.055881	75500	292371161.206332	75500	293760929.794293	75500	295123141.474323	75500	287046913.574703	75500	289985520.260124	75500	290530407.923226	75500	290142376.396838	75500	290709208.106137	75500	292120015.744366	75500	292356519.768316
76000	285432215.166358	76000	291422173.104602	76000	294190839.560952	76000	295588108.051716	76000	286870548.248826	76000	288345653.101638	76000	290025897.547129	76000	291002191.885051	76000	290068002.065163	76000	291424043.253501	76000	292597936.499418
76500	285304532.988832	76500	292649525.786145	76500	294172945.046809	76500	295987706.771671	76500	287459996.893463	76500	288629939.504299	76500	289060073.077751	76500	289839876.630292	76500	290296663.530516	76500	291507617.065866	76500	292005845.608439
77000	285286443.102015	77000	293632379.788196	77000	293513753.862358	77000	295870538.475441	77000	286980738.096675	77000	288750896.221183	77000	289741949.678510	77000	289716210.448445	77000	290105815.969787	77000	291770702.994056	77000	292037965.828578
77500	284836676.698739	77500	293115557.502136	77500	294030915.596580	77500	295164748.615151	77500	286597601.429280	77500	289171778.541194	77500	289082957.625690	77500	289955564.005708	77500	289794999.242986	77500	291808131.360841	77500	292251317.207613
78000	285587270.776103	78000	293404947.642844	78000	294573866.227996	78000	295563478.059610	78000	287059716.071601	78000	288420680.248950	78000	290020963.068724	78000	290087644.284282	78000	290788272.668935	78000	291389029.068614	78000	291715983.718240
78500	285465210.399366	78500	292491215.670705	78500	294229621.995228	78500	295713194.429523	78500	287194297.835936	78500	289069870.406679	78500	290597704.542842	78500	290222349.470672	78500	291405842.898912	78500	292387900.746162	78500	291609106.235357
79000	285109365.857625	79000	292112983.113093	79000	293707369.613089	79000	294972600.683610	79000	288208109.104084	79000	288930739.028132	79000	289934563.588441	79000	290320283.101115	79000	290602448.261339	79000	291956286.932706	79000	292271024.545774
79500	285402176.385857	79500	292631014.800043	79500	294011149.585957	79500	295809747.233439	79500	286743006.422713	79500	288532237.196768	79500	288868248.306868	79500	289517393.624148	79500	290061920.855569	79500	290983358.131171	79500	292810714.695006
80000	284527146.187218	80000	292539039.767176	80000	294710417.688106	80000	295094845.096583	80000	287330692.641690	80000	288961664.618937	80000	289790896.095980	80000	290405568.725377	80000	292119999.110634	80000	291959414.529339	80000	292560094.161804
80500	285249169.538540	80500	292365800.360354	80500	293843134.353700	80500	295595880.186348	80500	286273331.087861	80500	289767349.889112	80500	289893995.962169	80500	289873080.227965	80500	290528581.657802	80500	291975466.675428	80500	292634167.436060
81000	284831686.428305	81000	292689877.162350	81000	293623573.233247	81000	295267635.545140	81000	286932695.436138	81000	288845583.661754	81000	289425652.775782	81000	290323472.329045	81000	290243973.698412	81000	292561116.928346	81000	292433134.738302
81500	285671966.122885	81500	293010676.190887	81500	293321755.472212	81500	295646526.365241	81500	287392051.116428	81500	288275426.278359	81500	289087498.936103	81500	289089969.403959	81500	290384682.556872	81500	290873232.562558	81500	291613691.633956
82000	284127694.684234	82000	293310248.942307	82000	293453153.106783	82000	295545011.445440	82000	287193175.151841	82000	289132615.173834	82000	289181670.186637	82000	290123978.758233	82000	290290000.291913	82000	291603177.650872	82000	292152221.262427
82500	284896511.024992	82500	293347661.860483	82500	293780780.206290	82500	295159025.132915	82500	286801624.046715	82500	288514757.764898	82500	289020512.652104	82500	290541884.282623	82500	290481540.299867	82500	291540903.836800	82500	291317272.498937
83000	285758448.458251	83000	292163205.181746	83000	293555929.413574	83000	295190335.716764	83000	287337720.330282	83000	288019211.658408	83000	289583328.587677	83000	290035968.237391	83000	290298082.376200	83000	290989375.465743	83000	292378655.577363
83500	284886917.170463	83500	292833804.097545	83500	293691938.589383	83500	295503234.518996	83500	287361311.910339	83500	288899414.780701	83500	290177839.607066	83500	290256865.131469	83500	291537000.521452	83500	291933147.426923	83500	292516268.760238
84000	285506996.220724	84000	292845961.901062	84000	293196842.059932	84000	294932075.389411	84000	287050408.153130	84000	288823860.017719	84000	288603086.070619	84000	290299212.824154	84000	290451535.584215	84000	291852624.936248	84000	291870356.388317
84500	285461157.725789	84500	292775721.464679	84500	294063880.640562	84500	295121691.504500	84500	287957422.391177	84500	289192569.187586	84500	289336958.037819	84500	289909840.663318	84500	291085592.786915	84500	291468492.133628	84500	292154784.304847
85000	284743569.126453	85000	292440510.964792	85000	293339153.896693	85000	295374190.501087	85000	287043260.119781	85000	289037117.918161	85000	289413199.386208	85000	290037327.461062	85000	290804303.216948	85000	290784377.248894	85000	292476380.899783
85500	285409142.407620	85500	292728084.862339	85500	293482059.969642	85500	295137847.202765	85500	287053682.528557	85500	288562928.057501	85500	289619989.159215	85500	291094174.820573	85500	290750645.717516	85500	291873020.692088	85500	292147894.986231
86000	285583997.816854	86000	292569386.158783	86000	293356619.185198	86000	295398363.077630	86000	287159225.857601	86000	288531668.229943	86000	289069237.454253	86000	290176635.644318	86000	289987792.344810	86000	291108257.163950	86000	292540288.939359
86500	284663434.825292	86500	292693073.170431	86500	293620510.948958	86500	295120658.102902	86500	287249830.327014	86500	288843132.947196	86500	289965061.112685	86500	290586692.073095	86500	290399497.273615	86500	292030654.887123	86500	290890723.705081
87000	284678964.834008	87000	292482365.698771	87000	293318654.143820	87000	294441092.237105	87000	287638221.724058	87000	288247699.834641	87000	290367861.208161	87000	290775939.218169	87000	290252275.164937	87000	291589077.287657	87000	292101002.915826
87500	285293842.125233	87500	292543159.473819	87500	293623621.006944	87500	295622837.785382	87500	287156932.332854	87500	288985416.797157	87500	290170596.611620	87500	290417089.545970	87500	290441628.301281	87500	291792100.562149	87500	292336686.897346
88000	285853018.285617	88000	293114767.411946	88000	294120922.084704	88000	295256011.839281	88000	287309239.397587	88000	288450102.426502	88000	289576073.019305	88000	290792678.644298	88000	290631511.253718	88000	291739950.237787	88000	292256120.131165
88500	285321445.575423	88500	292296644.694194	88500	294065826.527708	88500	294434698.985293	88500	286797260.122366	88500	288819168.697013	88500	289850341.394470	88500	290488956.980402	88500	291035967.119063	88500	291447577.110018	88500	292007152.607912
89000	284678920.152014	89000	293216279.595294	89000	293643157.848488	89000	294954469.242995	89000	287739860.746666	89000	288286858.702636	89000	288790448.761384	89000	290252967.905419	89000	290401550.769556	89000	290912704.781057	89000	292038299.117838
89500	284793539.657397	89500	292756906.821182	89500	293685126.207120	89500	295600995.538074	89500	287496340.575849	89500	289230342.837287	89500	289958142.946847	89500	290565765.644373	89500	291448147.048251	89500	291466608.410916	89500	291620796.224057
90000	285664126.837121	90000	292693883.459223	90000	294602194.653976	90000	295368344.442011	90000	287232962.641834	90000	288316657.751830	90000	288342700.347737	90000	290390960.423860	90000	290772244.341524	90000	291084943.711803	90000	292305607.682316
90500	286041172.840455	90500	292826447.332181	90500	293885093.999355	90500	294881917.522992	90500	286724308.013071	90500	289117748.089500	90500	288798751.774717	90500	290642033.688742	90500	290432725.188409	90500	291415608.031601	90500	292886042.399310
91000	285587245.657919	91000	292438511.737976	91000	293710457.124313	91000	295759156.816276	91000	287427674.124630	91000	289633270.928121	91000	289099086.415292	91000	290172316.570857	91000	291599899.545900	91000	291731526.285642	91000	291762633.875423
91500	285589690.453240	91500	291855662.747583	91500	293806832.153006	91500	295845289.703522	91500	286918550.278259	91500	287618007.803687	91500	289428745.134640	91500	290785093.257951	91500	291709050.587146	91500	291628353.643754	91500	292379419.029419
92000	284760733.145554	92000	293352834.196960	92000	293883097.497626	92000	294836490.827134	92000	287181478.147729	92000	289130965.256765	92000	289872508.862851	92000	290596220.376158	92000	291601581.927534	92000	290977206.248894	92000	292763885.576936
92500	285290600.034867	92500	291735028.957875	92500	294338963.313725	92500	295302102.954617	92500	287826684.170405	92500	288695852.013215	92500	289731911.220818	92500	290081511.440505	92500	290425375.495945	92500	291441850.447640	92500	292684260.708140
93000	284625107.885610	93000	292606301.496512	93000	293203845.134127	93000	295111370.646105	93000	287464998.022221	93000	288583978.408310	93000	290355519.249990	93000	289776734.641754	93000	291353436.550371	93000	291946893.474315	93000	292690161.375310
93500	285377358.331048	93500	292744515.373699	93500	294101452.923038	93500	295698899.377352	93500	286047329.682890	93500	288453113.594373	93500	290147312.458440	93500	290131688.318809	93500	290665258.131251	93500	290947519.830165	93500	291674567.532656
94000	285227351.697537	94000	292965629.368174	94000	293795866.068509	94000	294974604.263371	94000	286663391.380423	94000	288664795.617139	94000	289456854.607148	94000	289983100.418531	94000	290486481.244834	94000	291259115.551171	94000	292033279.233072
94500	286169735.055845	94500	292964286.639685	94500	293439925.321593	94500	294998138.051524	94500	287187414.799629	94500	288506665.977916	94500	289469741.617754	94500	290634162.122680	94500	291128161.595865	94500	290902147.580733	94500	291991519.855347
95000	284222271.523400	95000	292826787.363321	95000	293374702.827286	95000	295587020.732565	95000	286343049.984394	95000	287792550.561364	95000	289540354.150477	95000	289720347.594780	95000	291015927.876748	95000	291486799.750743	95000	291966815.244552
95500	285772377.244727	95500	292331143.139648	95500	293391874.046418	95500	295699700.365984	95500	287581436.444211	95500	288528606.991797	95500	288333823.888839	95500	290325905.923415	95500	290679863.364375	95500	291350203.726570	95500	292947876.244518
96000	285202520.157009	96000	293160299.406086	96000	293987799.362135	96000	295357308.005948	96000	286853696.836227	96000	288780946.698379	96000	288965549.073189	96000	290424418.486495	96000	291345636.825583	96000	292070540.517880	96000	292126283.197054
96500	284817481.410962	96500	293150634.748596	96500	293223310.135136	96500	295454429.901245	96500	286899038.996413	96500	289042645.113856	96500	289350949.304225	96500	290470075.978389	96500	290722200.909920	96500	291835923.348390	96500	291976342.207893
97000	284783514.688460	97000	291988251.987320	97000	293828642.983619	97000	295232596.516156	97000	287011989.853869	97000	288826329.541222	97000	288795362.978182	97000	290865585.076330	97000	290286129.007345	97000	292256589.973826	97000	291802689.103294
97500	285488707.279781	97500	292801069.800534	97500	294709350.054943	97500	296028986.280650	97500	287222572.970447	97500	288967355.265672	97500	289618060.079288	97500	290294606.136239	97500	290778209.529557	97500	292167702.244103	97500	292796982.768276
98000	285703725.071224	98000	292669149.930553	98000	293909383.900386	98000	295637731.688488	98000	287213847.800660	98000	288948498.727950	98000	288928160.408819	98000	289689905.511200	98000	291266809.294104	98000	291890936.477994	98000	292270289.968844
98500	285139106.848466	98500	293423676.951471	98500	293807787.346669	98500	294828476.961991	98500	287020221.033158	98500	288562800.264305	98500	288672377.059300	98500	290558950.936647	98500	291309662.496654	98500	291793766.906642	98500	292508334.856389
99000	284930573.170712	99000	292687687.638154	99000	293909242.471229	99000	295923416.614913	99000	287256270.978057	99000	288061206.203952	99000	288774074.675725	99000	289839716.240701	99000	291042415.174769	99000	291636604.389910	99000	291897155.166491
99500	284608751.550493	99500	292464232.500910	99500	294184250.019123	99500	295856480.823796	99500	287325988.642320	99500	288164927.551907	99500	288715496.061622	99500	290052226.695010	99500	291209944.085071	99500	291948610.483630	99500	292506396.357049
100000	285159462.282885	100000	292625120.156596	100000	292698974.252261	100000	295537308.592769	100000	287452802.682539	100000	288719251.558068	100000	289785148.489366	100000	289924368.827082	100000	291711153.837433	100000	291624822.986209	100000	292745277.574738
