#	SIM_0		#	SIM_-10		#	SIM_-12		#	SIM_-15		#	SIM_-2		#	SIM_-4		#	SIM_-5		#	SIM_-6		#	SIM_-7		#	SIM_-8		#	SIM_-9	
1	285829459.721357	1	293809039.932100	1	294031543.110298	1	296522412.906792	1	287069472.910910	1	288704620.003447	1	290356817.534124	1	292768258.178686	1	292922006.547329	1	293543992.342435	1	293379103.316688
500	285617657.694326	500	292471518.811934	500	293123293.920085	500	296546542.313341	500	287023001.984580	500	289444571.742260	500	289533873.180071	500	289788276.343703	500	291045875.941942	500	291227267.192589	500	292194471.322560
1000	286422115.717828	1000	294383348.045356	1000	293909135.309095	1000	294591607.940049	1000	287590108.202168	1000	289294554.679526	1000	289958322.258075	1000	290941615.993277	1000	291406106.779875	1000	290946487.032940	1000	292158891.594071
1500	285254831.350330	1500	292638175.001140	1500	294126548.981740	1500	295811065.713743	1500	286500725.757535	1500	288751374.070315	1500	289005916.230968	1500	290783844.819426	1500	290911390.340273	1500	292530517.446971	1500	292986001.494169
2000	285044733.352033	2000	293709902.810495	2000	293949322.428350	2000	295131529.540873	2000	287304902.135418	2000	287796576.674808	2000	288668969.201433	2000	291334809.753026	2000	290409877.749882	2000	291369860.208473	2000	292041102.178443
2500	285723372.467722	2500	292597555.658197	2500	293007842.063736	2500	295529867.421638	2500	286756967.183102	2500	287088922.959180	2500	288645854.354059	2500	289970584.220047	2500	291045308.559866	2500	291377316.872777	2500	291400069.824288
3000	285684806.405774	3000	293237013.996788	3000	294775135.719795	3000	295266746.176154	3000	286457266.928636	3000	287488184.217452	3000	289311826.252937	3000	290545271.971515	3000	290835117.124774	3000	290530523.592025	3000	290864042.245758
3500	284324782.803970	3500	291854512.005881	3500	294485112.816732	3500	295726715.889725	3500	287758803.750926	3500	289014481.783197	3500	288792652.131363	3500	291364548.369045	3500	291215849.063034	3500	292122566.798833	3500	291374933.962594
4000	285266638.071223	4000	293354039.521914	4000	294372485.404210	4000	295968467.590447	4000	287030190.336471	4000	288889671.911862	4000	289555005.318310	4000	290401072.829750	4000	290998503.455702	4000	290979914.568484	4000	292733418.398339
4500	286105261.502447	4500	293053134.372094	4500	292769712.667614	4500	295631981.074456	4500	285324096.388048	4500	288994448.502658	4500	289368814.827528	4500	289233110.008682	4500	291362159.841184	4500	291208413.319041	4500	290503190.427730
5000	284224295.906962	5000	292830923.926944	5000	293837994.087558	5000	295325574.555580	5000	287401103.211789	5000	289922464.521911	5000	287959705.988788	5000	289897340.395061	5000	292284388.106407	5000	291168999.098925	5000	291591927.315964
5500	285607606.498110	5500	292960016.297241	5500	293857514.879021	5500	296346078.143294	5500	286265111.361174	5500	289070308.734958	5500	289318543.852760	5500	289851491.040529	5500	289721619.443601	5500	291211796.815394	5500	292757315.822815
6000	286281609.112376	6000	292886292.825192	6000	294720107.310331	6000	296128603.736959	6000	287308696.000534	6000	288898228.723504	6000	289419170.033251	6000	290520477.283266	6000	289941548.946446	6000	292093950.025822	6000	292877715.810159
6500	284138992.261058	6500	293577499.692003	6500	293766883.478437	6500	295900315.351819	6500	286745556.639849	6500	288923887.437526	6500	289121174.626961	6500	289028144.846183	6500	290254744.577081	6500	290799893.407862	6500	291653009.926753
7000	285492582.697246	7000	292531992.341614	7000	294322398.990125	7000	295658786.094640	7000	287700481.905805	7000	287770343.698592	7000	289153871.554355	7000	290244790.050598	7000	291205610.721015	7000	290950857.683389	7000	292260338.438291
7500	284654210.548101	7500	292478621.957184	7500	293275732.000110	7500	294114819.651486	7500	288042400.444951	7500	288100334.104943	7500	290388990.930246	7500	288264971.765561	7500	290416724.171017	7500	292016601.938275	7500	292363803.104650
8000	285868973.964312	8000	292948011.337909	8000	293677655.075159	8000	295877275.220328	8000	287477687.441432	8000	289343787.600605	8000	287939680.063298	8000	289696810.116132	8000	290432455.529152	8000	291769241.375627	8000	292013742.040685
8500	286448955.512146	8500	292780438.623834	8500	294208897.721635	8500	295857324.459572	8500	286917023.771025	8500	289765307.276783	8500	289407109.137853	8500	289776809.241561	8500	290828684.018083	8500	291697633.494398	8500	292293747.736510
9000	286319973.845511	9000	292208217.146114	9000	294153286.563721	9000	295070717.558182	9000	288421788.703451	9000	288918152.455496	9000	288983542.049416	9000	290139450.754402	9000	290222768.110741	9000	290009474.063569	9000	293121961.105402
9500	285303343.759137	9500	291563166.246053	9500	295594458.740442	9500	295443082.814796	9500	287132758.214513	9500	288976566.072862	9500	288039186.127837	9500	290295856.691761	9500	292301491.059351	9500	291159686.131849	9500	293071422.417782
10000	284532799.067638	10000	292510485.437309	10000	293701962.726781	10000	295689708.883569	10000	288028149.164679	10000	288890944.581371	10000	288911692.894468	10000	290445765.580299	10000	290936517.591881	10000	291442349.329529	10000	291740603.141812
10500	285874377.189389	10500	293221062.488107	10500	294985268.637784	10500	294131740.905947	10500	288431323.197657	10500	287538460.158392	10500	289943352.670577	10500	290176514.778027	10500	291167859.727663	10500	291511986.757448	10500	292758632.204391
11000	283998377.484022	11000	294043150.964109	11000	294848849.967108	11000	296485482.074241	11000	286961660.029818	11000	289143275.634466	11000	289273533.584757	11000	291313224.471326	11000	290919195.788695	11000	292916879.817642	11000	293414726.518253
11500	285418017.785662	11500	292441965.572901	11500	293754128.955224	11500	295129324.503121	11500	286442415.403973	11500	288572087.794459	11500	289775615.636663	11500	290411860.092841	11500	292233293.925688	11500	291673822.031478	11500	292362379.905532
12000	285295144.703378	12000	293717109.902159	12000	294000039.286591	12000	295188157.476950	12000	286497895.445988	12000	288536837.707998	12000	290796374.788265	12000	290126239.408662	12000	292039055.591324	12000	291960708.940025	12000	291989705.641102
12500	286071999.108970	12500	292803720.206320	12500	293351751.532883	12500	295015019.531211	12500	286767597.068756	12500	287996674.952641	12500	289990759.892364	12500	291583504.251391	12500	291088422.938855	12500	291251284.918513	12500	293297471.031777
13000	284996368.925815	13000	292641995.566770	13000	294264227.618814	13000	294469636.748044	13000	286082827.533659	13000	288664846.389006	13000	288676295.586902	13000	290044709.023838	13000	292097929.137123	13000	292758151.208852	13000	292661676.186239
13500	285472105.546164	13500	292871677.560382	13500	293877149.220534	13500	295470883.169053	13500	285581791.299651	13500	288031918.775254	13500	290270497.178868	13500	289328170.829035	13500	290216868.543830	13500	291037836.463742	13500	292413961.141128
14000	284264977.680793	14000	291253425.399054	14000	294439881.400336	14000	296042755.210344	14000	285960510.793874	14000	288003432.712244	14000	290221742.515717	14000	290086682.398895	14000	291419411.055846	14000	291500032.193292	14000	293333420.736319
14500	286231789.310804	14500	291955689.426100	14500	293656099.616148	14500	294366465.701255	14500	287213080.345822	14500	288538457.992738	14500	289240767.127819	14500	291653096.401792	14500	290173629.788767	14500	290940994.540500	14500	291250802.971425
15000	284563117.648451	15000	292702270.589411	15000	293034492.873750	15000	294860601.702338	15000	286633538.594225	15000	289677737.317868	15000	289957433.249453	15000	289902374.920659	15000	289859296.029022	15000	292350038.857377	15000	292385903.719873
15500	284516940.899003	15500	293627073.265509	15500	294061787.578744	15500	295472252.629027	15500	287267119.536665	15500	289796190.417087	15500	290212320.022389	15500	290963889.691326	15500	290171250.603199	15500	292004340.020696	15500	292262814.921434
16000	286194728.218079	16000	293386042.465449	16000	293107151.205308	16000	294925640.577749	16000	287220783.746388	16000	288471201.851545	16000	289045638.608954	16000	290277032.395149	16000	291600426.254795	16000	291940146.661846	16000	292132802.627525
16500	283842170.268232	16500	292817327.638495	16500	294331242.011075	16500	294671854.805674	16500	286250599.741989	16500	289485044.447252	16500	289567014.956123	16500	290745635.322711	16500	290563343.536310	16500	289290930.493152	16500	293122141.373584
17000	285366291.266218	17000	292707112.512962	17000	292919419.826910	17000	293514566.386186	17000	286499809.117018	17000	289250377.493824	17000	289178230.616517	17000	290023040.902865	17000	291347843.985128	17000	291912000.665023	17000	290617475.133314
17500	284336853.477386	17500	292890623.887172	17500	293407785.557573	17500	295046983.445527	17500	285290528.132797	17500	289135322.831868	17500	288975744.603393	17500	290608322.077148	17500	291796820.004773	17500	291131659.923871	17500	291675403.373107
18000	285701151.856604	18000	293167403.601849	18000	294522422.683247	18000	294514235.236312	18000	287417570.155088	18000	288140117.408667	18000	289485348.827428	18000	290005557.518897	18000	291970733.037081	18000	291196580.735409	18000	292999674.892083
18500	285453990.823727	18500	293207200.684613	18500	293972752.946205	18500	295652235.380603	18500	286667161.352504	18500	287975714.080715	18500	290366536.750550	18500	289321634.684139	18500	290431595.203062	18500	292403931.751146	18500	292371754.733126
19000	286899007.077877	19000	292914279.335820	19000	295555163.170095	19000	296437910.923676	19000	287844729.794631	19000	289446742.177113	19000	289985133.748230	19000	290967701.412182	19000	290721875.227634	19000	291416515.523293	19000	292198274.491910
19500	284763774.652176	19500	292491285.700043	19500	293620675.039867	19500	294661433.344271	19500	287822681.086635	19500	289737693.437346	19500	289873861.084343	19500	289725957.851742	19500	290297907.856464	19500	291371801.884313	19500	292032700.694639
20000	285222940.190074	20000	294360244.390381	20000	294462703.872027	20000	295280992.646794	20000	287209938.710474	20000	289985699.585981	20000	289021559.296425	20000	288499074.713357	20000	290362785.069305	20000	292428966.178806	20000	293370122.552317
20500	285939792.378303	20500	291683452.860464	20500	293912631.296599	20500	295731587.437008	20500	287369068.391918	20500	288786456.897695	20500	290514941.075680	20500	289727172.401001	20500	288954964.801370	20500	290699551.633649	20500	292539613.860023
21000	285133970.273955	21000	291646625.267543	21000	292357873.478582	21000	295562489.883085	21000	288190496.370752	21000	287524556.217280	21000	289255628.305854	21000	290293268.139064	21000	290692346.064813	21000	292259862.382443	21000	291434808.736967
21500	285092809.752768	21500	292234225.470583	21500	294218259.460553	21500	294615208.208017	21500	287600621.920159	21500	288548950.572490	21500	290155302.177001	21500	291531307.892625	21500	290019914.702919	21500	291222342.021850	21500	293019578.720647
22000	285188102.756875	22000	292318700.908133	22000	294682937.762921	22000	297127174.628930	22000	287499132.923666	22000	288487889.048952	22000	289890675.006877	22000	289033271.153571	22000	290844168.269438	22000	292059200.773590	22000	293126909.280172
22500	284733525.789174	22500	292916594.967064	22500	294187544.000030	22500	294691465.310422	22500	287699657.227532	22500	288175794.014486	22500	288326292.254533	22500	289642183.840364	22500	290786061.400439	22500	291170173.916940	22500	292415065.899920
23000	285294653.226174	23000	293381746.992975	23000	292685201.036484	23000	295367748.545284	23000	287660263.574563	23000	288015461.147906	23000	288254798.942373	23000	289182878.307444	23000	290486096.074736	23000	290799767.868981	23000	291644684.129445
23500	285797753.828711	23500	294273297.579017	23500	293980100.752321	23500	294644539.789559	23500	287731911.982825	23500	289156619.811088	23500	289971481.141917	23500	290359543.105588	23500	290753476.978227	23500	291297499.119783	23500	292216393.873700
24000	286144100.313081	24000	293278941.290259	24000	293392833.932908	24000	294944920.092514	24000	286628404.201734	24000	288032688.632641	24000	289141569.480900	24000	291458283.246797	24000	290765541.425256	24000	290085354.451190	24000	293476468.805552
24500	284543475.964460	24500	293230193.022424	24500	293537206.184714	24500	294168923.909496	24500	287011790.493608	24500	289229134.320945	24500	289820837.140569	24500	292193741.573786	24500	290060495.458436	24500	292332814.778734	24500	291187380.547838
25000	284633531.086870	25000	292998869.201740	25000	292770469.904576	25000	295612540.554227	25000	286788178.372049	25000	290162507.591828	25000	290131036.471160	25000	289972289.605021	25000	291186949.448137	25000	293160147.254671	25000	291319053.170129
25500	283564077.685772	25500	293491789.797062	25500	293244567.924122	25500	295468903.919786	25500	287295824.120572	25500	288632405.721935	25500	289098201.473207	25500	291004519.701439	25500	290600318.279080	25500	292175756.707815	25500	291700557.554102
26000	284629485.940621	26000	292602105.081466	26000	294542428.230577	26000	294998746.427763	26000	288911118.383401	26000	288561804.852928	26000	288483506.406169	26000	288416321.925523	26000	289059254.977233	26000	290257614.615070	26000	292279628.617880
26500	285281544.396269	26500	292975255.361928	26500	293390279.005634	26500	294296311.821074	26500	286866621.693681	26500	288003340.693318	26500	290458118.570962	26500	290089772.680583	26500	290497492.961905	26500	290666215.127024	26500	291873197.840849
27000	285072372.935835	27000	293090972.066136	27000	294546807.389066	27000	294420095.844764	27000	285784295.423140	27000	289778007.593851	27000	289801478.200578	27000	290697843.272884	27000	291878606.725226	27000	291446671.968551	27000	291368089.561274
27500	285514211.717493	27500	292490429.109548	27500	292364246.746121	27500	295243788.975585	27500	288471498.128711	27500	288446544.357585	27500	290054633.556707	27500	289783385.293838	27500	290905353.835196	27500	290850973.905070	27500	292089459.028849
28000	284705537.535461	28000	292966955.322486	28000	293147523.189319	28000	295509312.871753	28000	285914614.151791	28000	288644544.693845	28000	289507746.912675	28000	290425186.375348	28000	290893077.720099	28000	291325545.588526	28000	290993424.773351
28500	285224427.762576	28500	292463937.501339	28500	294212722.228507	28500	294459755.597216	28500	285944281.959811	28500	288546833.642843	28500	289379761.827501	28500	290139936.943452	28500	291732188.324082	28500	290743471.987689	28500	292410560.088456
29000	283735763.337143	29000	293291178.771605	29000	292829984.760547	29000	295661568.958760	29000	287758636.448149	29000	288735005.432599	29000	291130135.683839	29000	288630169.976948	29000	290536492.366845	29000	291882112.994114	29000	292306105.548510
29500	284810812.888143	29500	292032810.815711	29500	293414224.828220	29500	295215031.476434	29500	287560555.554251	29500	288791164.286137	29500	291035940.020709	29500	290829213.292517	29500	289892758.056059	29500	291045903.008823	29500	292250980.369787
30000	286703584.186467	30000	292296314.634857	30000	294324784.041097	30000	294241229.047155	30000	287233294.237629	30000	287925423.124581	30000	288842009.549517	30000	290860381.329000	30000	291482133.594370	30000	291807805.757115	30000	290394661.622882
30500	285501517.363822	30500	292703182.635357	30500	293758119.711948	30500	293991179.372213	30500	286014287.340196	30500	288645340.309928	30500	289659223.739147	30500	291067553.912247	30500	289864992.526116	30500	291495955.605416	30500	290943641.825388
31000	285045600.595476	31000	292124552.614036	31000	294173080.130214	31000	294967408.780831	31000	287482402.000093	31000	287811870.976077	31000	290462348.551582	31000	290392269.766219	31000	290786301.752552	31000	292346030.509565	31000	291832128.331038
31500	284294525.988156	31500	293004073.385390	31500	294297339.993650	31500	294169580.170748	31500	286793215.493503	31500	289321980.620768	31500	289548680.453333	31500	289669674.513979	31500	290048345.490757	31500	289993161.118682	31500	291240864.099365
32000	285516227.784717	32000	292448089.203972	32000	293686720.759698	32000	295272229.611409	32000	286602653.011011	32000	287744419.155247	32000	289614098.916694	32000	288790344.259925	32000	291313556.031933	32000	291331520.236727	32000	291765531.943624
32500	286046044.598334	32500	293761481.614568	32500	294275397.290277	32500	294383899.293881	32500	285755100.943600	32500	288551493.108103	32500	288624718.670937	32500	289364551.632191	32500	288976464.900814	32500	290686014.098820	32500	291139355.916186
33000	285696234.253771	33000	292647450.977419	33000	293670344.297028	33000	295655573.318813	33000	287119314.139748	33000	288573169.940969	33000	290572443.923644	33000	290286386.511863	33000	290960319.006706	33000	290545282.742215	33000	290696317.646941
33500	285043467.769800	33500	291776200.314035	33500	294396556.800169	33500	294545589.654955	33500	286552920.098974	33500	288151580.948545	33500	287976883.381683	33500	290837880.890582	33500	291494014.163016	33500	292160532.894761	33500	290325266.324091
34000	285748407.741426	34000	292948022.479189	34000	293872478.855714	34000	294693291.288473	34000	287656225.284355	34000	288782841.746557	34000	289787261.208031	34000	290102635.843986	34000	290417064.673144	34000	291691199.736273	34000	292114928.254663
34500	284790461.740448	34500	292560259.276753	34500	293306504.910866	34500	295869118.427215	34500	288222142.224469	34500	289841259.047313	34500	288710300.113755	34500	290586070.781265	34500	290517966.765296	34500	292205384.206585	34500	292233417.474832
35000	285696764.089473	35000	292571887.020299	35000	293892716.825965	35000	297092597.000048	35000	287381741.687424	35000	289209543.737789	35000	289715444.004452	35000	289277351.579324	35000	291394171.101584	35000	292574243.837705	35000	293599256.986071
35500	285208220.259207	35500	293014990.509532	35500	294788562.439773	35500	294841464.357486	35500	286498200.198836	35500	288851121.335158	35500	289877972.456116	35500	290282976.552442	35500	290330678.359064	35500	290597165.357911	35500	292889980.014271
36000	285757663.023761	36000	292636402.216642	36000	293812431.539979	36000	295364477.527158	36000	286181489.985238	36000	288735960.855452	36000	288378090.959822	36000	290160734.937152	36000	290720541.261499	36000	291522245.215242	36000	291215986.027447
36500	286620360.100712	36500	293394392.220713	36500	293855734.576830	36500	296459975.308702	36500	288580055.191133	36500	289561648.556854	36500	289501236.763304	36500	290747836.568022	36500	290260586.782512	36500	292055744.457418	36500	291519884.844095
37000	284527265.353797	37000	293358973.351175	37000	294766959.939154	37000	295510948.147906	37000	286519238.318882	37000	289817773.542940	37000	289560179.675442	37000	289422748.457031	37000	290265076.042298	37000	291977663.581648	37000	293935752.699438
37500	285737237.165603	37500	292022845.239214	37500	293488301.533190	37500	295334497.994861	37500	287335608.466825	37500	288879812.200825	37500	289228293.634812	37500	290621017.415073	37500	289907494.352243	37500	292960395.235148	37500	291823173.706447
38000	284235041.076213	38000	291573968.811197	38000	293827934.828143	38000	295504858.606160	38000	287231310.711745	38000	288150458.838778	38000	288533460.582475	38000	289527710.348128	38000	291647556.976255	38000	292875714.553995	38000	291727886.376696
38500	285989585.824578	38500	292068542.499824	38500	294695575.655231	38500	295698759.288995	38500	287431653.250969	38500	288630688.733237	38500	288690592.978234	38500	289658822.044840	38500	291643807.578534	38500	291444345.477296	38500	291540891.185098
39000	285008806.387412	39000	292755749.701364	39000	293540960.605839	39000	295846215.697909	39000	287962966.349050	39000	289048585.533801	39000	288629383.548349	39000	291076505.825023	39000	291238133.367834	39000	291195229.235976	39000	292147687.470748
39500	285038647.517849	39500	292612846.551776	39500	294027962.526167	39500	294688422.730506	39500	286393334.025906	39500	288676576.594220	39500	289051938.027986	39500	288355845.315264	39500	290164298.347017	39500	291171110.663113	39500	293033835.873263
40000	285583403.149444	40000	293038806.823737	40000	293250807.518939	40000	295379657.543023	40000	286516465.686663	40000	288502377.352177	40000	289818523.244696	40000	291430500.686565	40000	290437833.416075	40000	291497089.355534	40000	292640915.382442
40500	285530794.381306	40500	292164963.538224	40500	294021592.131084	40500	295325660.792162	40500	287251958.342308	40500	286446135.929054	40500	288245185.624553	40500	289799718.680471	40500	289620105.835831	40500	291201366.845916	40500	293202751.446129
41000	284940452.715594	41000	291213781.048314	41000	292020014.493440	41000	295970119.038148	41000	287557000.902462	41000	288817518.695894	41000	290482124.960687	41000	289793572.449197	41000	290739945.782618	41000	290340984.674737	41000	292226007.668455
41500	285054572.779474	41500	291958016.389595	41500	293097481.625345	41500	295067186.057006	41500	286636494.546133	41500	289183745.807000	41500	290444150.819979	41500	290447459.733053	41500	290833619.363164	41500	291284156.331392	41500	290931567.762113
42000	285235762.502600	42000	292163005.021333	42000	294275757.361233	42000	295300120.105997	42000	286669209.719420	42000	288384320.143612	42000	290111992.375732	42000	289138588.376374	42000	289804488.796256	42000	291141942.740496	42000	292661209.527193
42500	284796417.611161	42500	291871636.473655	42500	294192683.609163	42500	296033852.869735	42500	286193613.855372	42500	288147017.065366	42500	288557350.956453	42500	290901374.137193	42500	290159631.351908	42500	289253364.243521	42500	291773591.302991
43000	285007708.396164	43000	293338056.495709	43000	293992383.494210	43000	295756206.077471	43000	285524287.420698	43000	288419218.742272	43000	288414613.260978	43000	289771073.322402	43000	289834120.846984	43000	292416433.875538	43000	292136064.307961
43500	284380301.736818	43500	292471189.934603	43500	293256164.003469	43500	295644914.156809	43500	285876553.072142	43500	288500999.267735	43500	289944067.107985	43500	290146259.250282	43500	292009122.318549	43500	290964057.283743	43500	290831558.277767
44000	285166184.315749	44000	292556944.046228	44000	292648787.519687	44000	295517382.244826	44000	287193906.110400	44000	288638957.317270	44000	289530783.775729	44000	289339492.253998	44000	290700911.148018	44000	292191006.335454	44000	293050417.010954
44500	284738431.805386	44500	292916303.954151	44500	293939074.220329	44500	295601978.652785	44500	286555294.656042	44500	288252678.549786	44500	289925350.338982	44500	289361077.460909	44500	291703368.829859	44500	292030495.720660	44500	292110190.966649
45000	283585883.889205	45000	291677470.602848	45000	293652030.430263	45000	294618591.283598	45000	287508455.170206	45000	288346176.211494	45000	290270950.634283	45000	288810014.196819	45000	290885294.923335	45000	291952567.906371	45000	291638832.435769
45500	284879114.751187	45500	293214757.562884	45500	293953934.463256	45500	295451411.777871	45500	288388840.067482	45500	288952237.502792	45500	289045217.346411	45500	290226756.972546	45500	290899876.752283	45500	292356805.351575	45500	291412719.314520
46000	285003681.599896	46000	293374319.888304	46000	294689100.828148	46000	296086408.060066	46000	286809736.756008	46000	287797752.413813	46000	289473419.046030	46000	289660847.456062	46000	290359258.749625	46000	290898110.518396	46000	292526440.884720
46500	284352314.500138	46500	292731568.898777	46500	294133561.910716	46500	295415773.385679	46500	286833259.644246	46500	288336810.736902	46500	289762091.511160	46500	291213321.656632	46500	288786018.586400	46500	291330037.593566	46500	292119330.718443
47000	284598708.813430	47000	293702784.200307	47000	293230485.777072	47000	293652315.154987	47000	287207268.781321	47000	287360108.474733	47000	289369134.683733	47000	290433355.177447	47000	291690652.886785	47000	291344830.324464	47000	291968538.976613
47500	286198478.245857	47500	292362019.958258	47500	293761037.863897	47500	294799151.398036	47500	286821871.947980	47500	287968209.664593	47500	289848137.104486	47500	290820059.219415	47500	290652817.424404	47500	290369002.069694	47500	291475938.344194
48000	284577261.020218	48000	293443639.720286	48000	292763116.917545	48000	294831632.968146	48000	286283476.649148	48000	289473186.176069	48000	289850906.447267	48000	289624610.560378	48000	290212783.939802	48000	292602669.116110	48000	293158251.021810
48500	284674324.082999	48500	293104952.552489	48500	293171594.593436	48500	294315642.382417	48500	286828983.313716	48500	288415522.407383	48500	289348885.134529	48500	289221710.554306	48500	291013502.706601	48500	290354638.471619	48500	291346938.224170
49000	283870022.227759	49000	292822715.310874	49000	294078157.594879	49000	295464718.345144	49000	287020564.204627	49000	289165292.598297	49000	288163071.877228	49000	289968019.790604	49000	291094023.786791	49000	291128542.708543	49000	291813027.960035
49500	284347653.698054	49500	293094914.108073	49500	292795929.344699	49500	294750005.419001	49500	287586764.084511	49500	288869260.693369	49500	288715226.426994	49500	288857806.299679	49500	290853258.786877	49500	291217051.843257	49500	291461814.139025
50000	285681598.038437	50000	292430134.914305	50000	293104297.172125	50000	294885827.717199	50000	286959121.213972	50000	287880727.611863	50000	289483994.391422	50000	291489089.105704	50000	290148728.343465	50000	291219160.948311	50000	292322294.777274
50500	285607947.087223	50500	292726003.402641	50500	294193365.297138	50500	296855105.047348	50500	287021078.938396	50500	288682681.227054	50500	289518657.801362	50500	290253044.947053	50500	291445133.425283	50500	291518956.645006	50500	292390631.144429
51000	285381196.987159	51000	293457887.818747	51000	293690352.524539	51000	294780334.189354	51000	287332949.278148	51000	288815727.407710	51000	289223244.428236	51000	289143138.207773	51000	292259701.843630	51000	291604149.805662	51000	292392453.582155
51500	286010991.028897	51500	292909269.388046	51500	293983671.894761	51500	295748597.474447	51500	288101597.059519	51500	288558914.174451	51500	290518366.229625	51500	290782094.794000	51500	290550652.945570	51500	291567664.389566	51500	292914716.274117
52000	285772153.202697	52000	293813724.755229	52000	294060252.609810	52000	296212146.191537	52000	285983753.566210	52000	287233791.537510	52000	290212265.536749	52000	289617352.554438	52000	292578278.263749	52000	291612512.511934	52000	292220098.648414
52500	284324405.684673	52500	292501303.090842	52500	294037944.355453	52500	294090804.001984	52500	285465900.056096	52500	288895659.130033	52500	289072900.631519	52500	290389371.300879	52500	290872386.733679	52500	290981415.876035	52500	291197290.103504
53000	285828573.863543	53000	292121041.700027	53000	294358268.128212	53000	295459209.504967	53000	288124943.122419	53000	290053076.904873	53000	290410968.391170	53000	290579928.459371	53000	292111340.481659	53000	292072610.150619	53000	291212439.266886
53500	285249589.962562	53500	292825447.167517	53500	292948982.503543	53500	294681068.585525	53500	287198277.403952	53500	288592263.703144	53500	289730585.003218	53500	290224048.416835	53500	290831002.053207	53500	291806793.481572	53500	292147455.210911
54000	284385672.087555	54000	293026415.204432	54000	293786484.317841	54000	294558255.940785	54000	287179433.377196	54000	288640843.769532	54000	289562076.295153	54000	290745606.022820	54000	290572710.549337	54000	290879222.970104	54000	291644168.903462
54500	285712088.123171	54500	292927436.705455	54500	294161892.138094	54500	294806639.921597	54500	285625388.409356	54500	290108539.973639	54500	289495297.563909	54500	290788420.270682	54500	291508017.786787	54500	290427895.122421	54500	290999589.152657
55000	286670391.366388	55000	292192756.203886	55000	293444043.652961	55000	295476508.145678	55000	286404211.245268	55000	289366558.930224	55000	288284872.982070	55000	289702195.179751	55000	290620698.876426	55000	292379684.424667	55000	292455706.918343
55500	284867578.408661	55500	293211027.704547	55500	293886086.437813	55500	295765897.782297	55500	286683688.857468	55500	289323837.721390	55500	288930493.854471	55500	290281336.208354	55500	291336716.442420	55500	291623204.325770	55500	291884331.231332
56000	285457859.721297	56000	292685737.197479	56000	293838594.996123	56000	295502051.943092	56000	286256855.788574	56000	287665216.939440	56000	289661985.591269	56000	290040360.533707	56000	291377390.845071	56000	291733936.466433	56000	292452683.263882
56500	285361854.813186	56500	293311874.642694	56500	293363505.387432	56500	296335091.031079	56500	287513337.757388	56500	288083709.025610	56500	289279929.326869	56500	289901598.109490	56500	290636063.975280	56500	291905069.698303	56500	291387118.998103
57000	285888047.944423	57000	291167042.976510	57000	293726286.777260	57000	295527438.068904	57000	286849701.833794	57000	287831702.887788	57000	288244455.037478	57000	289544362.333791	57000	288698167.551080	57000	291371937.458003	57000	290401924.985838
57500	284137738.865662	57500	292107870.851582	57500	293199859.987284	57500	294046996.910980	57500	288306627.316822	57500	289122935.783471	57500	288708671.215526	57500	290329057.695856	57500	290342595.250775	57500	293093594.390831	57500	291599321.881224
58000	285713468.419763	58000	292510040.032562	58000	293414154.932343	58000	295832627.583701	58000	287163940.733908	58000	289398574.769389	58000	289702522.616946	58000	290273938.697308	58000	290970914.885249	58000	292819900.507520	58000	291856039.462569
58500	285259761.214885	58500	292756952.317810	58500	293564976.046014	58500	295575962.534542	58500	286969220.169090	58500	288376793.015880	58500	288704897.360532	58500	290120156.329336	58500	290807791.113772	58500	290999258.728922	58500	293086175.330968
59000	284527030.545787	59000	291100101.503543	59000	293845812.270527	59000	295301594.217793	59000	285494024.355536	59000	288342808.374102	59000	289165090.753638	59000	290714961.479044	59000	288852645.970006	59000	289995036.557295	59000	292515042.565158
59500	285536530.492528	59500	292831624.830887	59500	293930657.385237	59500	295191018.823119	59500	287134494.645107	59500	289760349.811040	59500	289152454.899130	59500	290843869.313043	59500	291960786.883570	59500	290922222.611862	59500	291465942.591971
60000	284325451.188949	60000	291263914.626753	60000	295003691.284674	60000	295859178.950634	60000	288468877.026586	60000	287739612.512929	60000	289222275.804828	60000	290498972.387226	60000	290252661.146322	60000	290596592.064858	60000	291997501.410666
60500	285678298.246990	60500	294482143.834979	60500	293351919.490632	60500	295921345.024563	60500	286548688.811203	60500	288594345.762341	60500	289532504.188091	60500	291399009.667165	60500	291268015.548593	60500	291588294.054796	60500	293768264.211541
61000	286113539.927327	61000	292080911.789568	61000	293824050.178922	61000	296468822.373798	61000	287827240.318221	61000	289248313.557214	61000	288884925.628966	61000	289531307.646185	61000	290728601.464230	61000	292018921.368099	61000	292266357.366529
61500	284362718.854396	61500	293798053.665786	61500	293274656.690408	61500	294173673.558627	61500	286628566.643957	61500	289883765.125418	61500	289809933.854433	61500	291596441.013330	61500	291153419.598764	61500	291527784.006362	61500	292285861.035980
62000	284198980.280688	62000	293301897.593306	62000	293406067.770117	62000	294452809.323389	62000	286394586.659216	62000	288334965.958495	62000	287514778.779984	62000	290385892.715997	62000	291259406.102990	62000	291212353.354501	62000	292666614.439734
62500	285208344.997795	62500	292823131.307755	62500	293820735.603838	62500	296667080.300012	62500	286207828.434593	62500	288306013.536976	62500	288871581.454673	62500	290325498.897256	62500	289069271.102473	62500	291387634.379165	62500	292065363.183666
63000	285857516.874417	63000	292188317.538612	63000	293245578.259676	63000	295086071.657857	63000	287534892.143444	63000	289832700.855027	63000	289394572.567469	63000	288418998.088769	63000	291470626.212873	63000	290777041.916675	63000	292797839.536681
63500	285267793.567175	63500	293389898.946036	63500	295406254.239408	63500	296264490.542814	63500	286951931.999491	63500	289153348.972790	63500	289404672.146621	63500	289201273.031443	63500	291260843.609310	63500	290338905.159763	63500	292309856.165561
64000	285454965.689049	64000	292780692.902376	64000	292850284.073665	64000	296021571.241172	64000	286105571.142665	64000	289581254.435857	64000	290043595.576164	64000	289810640.853352	64000	290088557.272993	64000	290621098.958891	64000	291980009.149424
64500	285470901.153471	64500	292914182.674624	64500	293998483.643180	64500	296441077.942366	64500	287083279.347164	64500	288358922.209616	64500	289650999.999580	64500	289777658.812221	64500	291715709.487562	64500	291555944.230374	64500	293052808.097833
65000	285648406.367652	65000	292139650.456016	65000	293424368.283502	65000	295174069.753474	65000	286429527.623573	65000	287874682.534808	65000	289406251.964206	65000	290083465.077146	65000	289617244.839950	65000	291256533.557539	65000	291410760.242478
65500	285060938.136051	65500	293537357.344148	65500	293128971.415195	65500	294639672.093069	65500	287133475.623333	65500	287834002.607218	65500	288961655.053445	65500	290308683.385156	65500	291910045.047436	65500	291951372.694891	65500	291681953.527152
66000	285075469.117162	66000	291011830.122527	66000	295424775.239943	66000	295154326.293836	66000	286485296.642741	66000	288355156.918459	66000	290510325.019771	66000	289791071.105381	66000	290191944.552571	66000	290402276.130527	66000	292403099.728451
66500	285188422.365998	66500	292260372.015105	66500	294412435.936508	66500	295874489.031747	66500	287347888.487009	66500	288880297.114287	66500	289828741.334454	66500	289687030.605456	66500	290821863.597231	66500	291575690.160182	66500	292160202.371368
67000	286175623.083575	67000	292672446.303949	67000	292550140.766880	67000	296127889.247333	67000	286571660.712613	67000	288835122.426509	67000	289858459.776578	67000	289805051.866627	67000	291079984.995567	67000	292121788.049872	67000	292216062.045124
67500	285254990.606200	67500	293357914.299319	67500	293955416.243098	67500	295885671.326554	67500	286173908.029867	67500	289361135.344908	67500	289769018.404121	67500	289262752.228115	67500	290881990.324922	67500	290625005.246835	67500	292690570.917459
68000	285823408.667561	68000	292019013.877604	68000	293720532.355243	68000	295710957.232185	68000	287311897.210386	68000	288098957.101920	68000	290972294.839507	68000	289815153.858497	68000	290344078.750542	68000	289551194.224437	68000	290718164.405356
68500	286135525.756660	68500	292640140.486863	68500	294890981.507542	68500	295033001.686949	68500	286560671.714509	68500	288432713.719459	68500	289032661.146626	68500	289664072.795582	68500	290823026.628603	68500	291133661.677232	68500	290822511.498579
69000	285044411.368957	69000	292641520.114205	69000	295327511.998062	69000	296834509.484063	69000	285711323.418167	69000	288161906.403222	69000	291595693.368691	69000	290469570.085079	69000	291060333.307180	69000	294040516.682072	69000	291995042.563124
69500	286320907.859606	69500	290925770.269560	69500	293828276.905949	69500	294793219.997833	69500	285437751.912362	69500	289340463.374080	69500	288285702.751078	69500	290372539.233421	69500	291393271.696615	69500	290976624.981614	69500	292138672.854705
70000	284773808.231227	70000	291847361.366600	70000	293855631.338258	70000	295720588.836397	70000	287194910.739317	70000	288508270.493348	70000	289756792.191391	70000	291375296.340612	70000	293079059.713070	70000	291376750.582138	70000	292494438.709571
70500	284829878.816958	70500	292710787.004611	70500	294530814.987570	70500	296116916.230751	70500	287277406.104162	70500	289228167.416970	70500	290293953.451664	70500	289709100.592793	70500	290597084.902464	70500	290846385.342856	70500	291958093.250124
71000	287077233.243280	71000	292636650.796829	71000	292441338.518790	71000	295152317.451587	71000	286669890.883175	71000	288289685.318996	71000	289303865.952645	71000	290579690.384118	71000	290562614.865367	71000	290975037.558600	71000	291728543.469056
71500	285231229.180578	71500	292804969.515137	71500	293998828.371807	71500	293704775.580610	71500	285724333.572039	71500	288017565.126778	71500	288812685.653222	71500	290062986.101760	71500	290890307.703252	71500	291392334.814859	71500	292138558.806351
72000	285286381.044334	72000	293470223.718811	72000	292369480.336078	72000	294977742.816801	72000	287134557.341037	72000	288391729.591534	72000	288578566.502828	72000	291093078.434230	72000	290355070.356048	72000	291607851.744086	72000	291045748.363353
72500	284784536.359392	72500	293008030.198134	72500	293134180.559447	72500	295034939.127329	72500	286661598.322320	72500	288449898.053493	72500	290106748.464739	72500	291018106.906075	72500	291948267.929168	72500	291677941.232393	72500	291496142.287679
73000	285069044.864772	73000	292696273.865294	73000	294652626.900242	73000	295143549.730707	73000	287738663.982885	73000	288906072.194545	73000	289156704.008664	73000	290606667.959063	73000	290635952.406885	73000	291694149.819975	73000	291222049.831436
73500	285019487.101397	73500	292446089.821273	73500	292687401.337688	73500	294211744.432281	73500	286715020.139111	73500	288752730.410884	73500	289355906.424564	73500	291297326.965801	73500	291433816.537480	73500	290801214.835608	73500	292663862.247227
74000	284741761.831190	74000	292238883.910201	74000	293032978.011642	74000	294769961.392490	74000	286732300.889501	74000	288339111.464002	74000	289849428.027974	74000	288614264.273647	74000	289302931.056360	74000	291612397.633572	74000	290479381.899669
74500	285126722.195241	74500	290258142.607066	74500	293254361.776716	74500	295109868.110501	74500	287017822.241820	74500	287322788.499278	74500	290811326.983020	74500	289915097.717724	74500	290522727.623509	74500	290442685.497214	74500	291229917.974591
75000	284185151.969308	75000	293543151.207710	75000	293627994.206950	75000	294773898.948514	75000	287190577.208046	75000	287904424.314065	75000	289342585.498258	75000	290085954.331969	75000	290838339.548265	75000	293110409.137323	75000	292281923.466991
75500	285199577.140679	75500	292473262.949468	75500	294247078.239496	75500	295290909.015552	75500	286180067.827456	75500	289136849.708319	75500	290054583.068562	75500	290025263.552217	75500	291390595.499473	75500	292513073.453547	75500	292029896.910081
76000	284993478.679057	76000	292397085.332053	76000	293409907.618231	76000	295209075.839174	76000	286750235.963339	76000	289191331.852977	76000	290129179.137831	76000	290121442.147233	76000	289453503.520060	76000	290651285.657407	76000	292196321.236847
76500	284683245.730447	76500	292757538.872013	76500	294176759.618055	76500	296263929.193207	76500	288051875.280970	76500	288061088.565345	76500	288528524.858789	76500	289204600.739341	76500	290408535.984859	76500	292498965.234969	76500	292337500.972204
77000	285208085.214071	77000	293007364.195043	77000	294389306.315689	77000	295758145.730754	77000	287282752.444162	77000	288067861.016503	77000	288477501.475098	77000	289445819.114185	77000	288997533.849214	77000	291898935.301256	77000	292463000.340784
77500	284458214.564434	77500	292483711.264065	77500	293868456.782505	77500	295365804.428048	77500	286541211.967619	77500	289979100.012655	77500	289202083.922788	77500	288898002.279083	77500	289812149.602909	77500	292704309.461655	77500	292475747.686507
78000	284711037.854951	78000	293449667.405981	78000	294959288.289862	78000	295065605.438662	78000	286905000.747203	78000	289001356.646180	78000	290077585.115680	78000	290958099.057111	78000	290863956.270650	78000	291577792.212840	78000	291899905.539775
78500	285603877.459332	78500	292777131.920911	78500	293821765.453183	78500	296282747.269690	78500	287949886.784101	78500	289172244.221477	78500	291786585.343719	78500	289599143.708452	78500	290567953.235358	78500	293213712.897432	78500	291028337.546157
79000	285631261.686601	79000	292154489.711917	79000	293716116.698934	79000	294276380.648223	79000	287795843.343099	79000	288714675.084641	79000	289816198.035258	79000	290565543.775719	79000	290290683.161793	79000	291695566.390303	79000	292649244.457003
79500	284553957.248988	79500	293096311.459613	79500	294397128.817801	79500	295907786.539411	79500	287062771.148875	79500	288769603.578360	79500	288928364.794789	79500	289303343.563938	79500	291173230.607445	79500	290712011.283220	79500	293399766.701392
80000	284585191.610862	80000	292943249.312107	80000	294156257.480791	80000	294772384.359771	80000	287667114.348006	80000	288035405.350749	80000	288548373.512694	80000	290267446.526479	80000	291360264.212715	80000	290653436.377925	80000	294223555.598769
80500	283953378.500927	80500	292691810.112134	80500	293748094.464245	80500	295247752.562468	80500	285451806.650406	80500	289668990.739250	80500	290216784.338264	80500	288855825.501617	80500	289379222.667672	80500	291782665.851369	80500	292244308.034898
81000	284600631.333701	81000	292562959.625038	81000	294479047.465742	81000	295881393.981860	81000	286296000.770021	81000	289877967.123831	81000	289575000.379879	81000	289727440.335607	81000	291748138.107655	81000	292026938.887601	81000	291494013.699200
81500	284653869.480544	81500	292150435.600344	81500	293571038.634129	81500	296211796.726339	81500	286737356.716049	81500	289177459.828868	81500	290335019.755157	81500	289240214.035853	81500	290809201.101539	81500	291343556.617794	81500	290471970.329799
82000	284042183.609042	82000	293235897.433248	82000	294013131.822224	82000	295164027.225764	82000	288335382.441837	82000	289410984.656078	82000	288489472.037651	82000	289366968.546426	82000	289863987.902175	82000	292719360.468103	82000	291926755.167742
82500	283940430.400905	82500	291637308.123789	82500	294638524.769132	82500	295289694.529099	82500	286771088.510795	82500	289043723.805198	82500	288638819.075265	82500	289448847.274031	82500	289777838.811666	82500	290481841.777411	82500	289736442.027341
83000	285997685.990166	83000	292911706.768051	83000	292545717.434042	83000	294313789.388608	83000	286885117.242893	83000	288557630.788519	83000	289282018.056525	83000	289967592.616158	83000	291773964.425818	83000	291922646.318923	83000	291700090.915901
83500	283999755.299913	83500	291972093.333042	83500	294791301.065628	83500	294239839.581320	83500	287287965.724024	83500	288487070.360516	83500	289379852.684674	83500	290467101.752478	83500	291814454.927589	83500	291278201.028248	83500	292677222.190130
84000	285291907.285986	84000	291522968.175934	84000	292962919.010445	84000	294700596.069514	84000	287349880.380464	84000	288276988.195073	84000	289850142.534764	84000	290453715.778677	84000	290299459.819513	84000	291710950.697776	84000	291445814.124720
84500	284730798.074129	84500	292436434.128005	84500	294139159.401128	84500	293914636.995650	84500	286131159.958630	84500	289258057.653162	84500	289677957.512860	84500	289615165.404391	84500	291882353.110974	84500	290830997.500248	84500	292262636.347050
85000	284959827.593996	85000	292422189.989631	85000	292980623.451169	85000	295697428.695235	85000	286406131.358318	85000	289219746.263713	85000	289667076.653904	85000	290317108.514484	85000	291362972.270193	85000	291474953.672913	85000	292213009.919102
85500	286929748.782572	85500	292168506.779603	85500	292736669.312445	85500	294369267.486616	85500	285963883.148508	85500	287721899.880946	85500	290252510.746148	85500	291678744.186803	85500	290287638.933197	85500	291599663.351816	85500	292016570.578846
86000	285866606.082610	86000	292837319.363363	86000	292544066.081580	86000	294734547.217886	86000	287708696.719609	86000	288961711.792994	86000	289772681.637657	86000	289171018.821037	86000	290173967.292183	86000	292026871.625323	86000	293046095.235052
86500	284541153.559131	86500	292236475.478820	86500	293144417.007668	86500	294500614.562948	86500	286645769.058597	86500	288854099.132316	86500	289353716.705047	86500	290507542.662272	86500	290292377.452293	86500	292081865.407295	86500	291033474.810415
87000	284854701.993795	87000	293175126.433542	87000	292583799.831849	87000	295120202.924409	87000	286768545.719285	87000	288629158.762906	87000	290419890.426283	87000	290886048.570863	87000	290989058.266419	87000	291381177.070096	87000	291306071.639850
87500	284925480.935387	87500	291654224.961883	87500	293725885.512998	87500	295369788.613733	87500	286310758.291127	87500	287955655.896647	87500	289933282.668251	87500	290209152.495737	87500	289587248.990265	87500	290711930.731925	87500	293656608.873197
88000	285999339.448241	88000	293386542.097307	88000	294711060.126437	88000	295909206.969959	88000	286910209.658620	88000	287752386.149705	88000	289414255.953057	88000	290712991.203531	88000	290363551.044234	88000	290631251.137871	88000	292399485.414197
88500	285085611.240505	88500	292053870.295241	88500	293518160.818948	88500	294993184.697631	88500	286804157.026399	88500	288413710.289090	88500	289789118.923323	88500	290810800.732584	88500	292195795.149641	88500	293287680.954503	88500	291119418.812155
89000	283847781.777838	89000	291536783.231456	89000	294667743.526502	89000	295560008.737366	89000	287661113.947496	89000	287849076.584463	89000	288451784.459970	89000	289695831.201613	89000	290615489.405892	89000	290885468.897483	89000	291978216.794712
89500	284503445.488668	89500	293929936.796885	89500	292954640.316463	89500	295816423.921226	89500	287409313.213023	89500	288809457.709441	89500	288089723.481266	89500	290387703.544122	89500	291046657.615276	89500	291596835.558661	89500	291571726.818261
90000	285269961.449943	90000	293101419.879209	90000	293649549.108254	90000	295107415.632765	90000	287698199.497993	90000	288521761.070780	90000	288601545.245240	90000	290924719.485600	90000	291261114.285586	90000	290807232.278845	90000	292412285.709762
90500	285774587.610278	90500	293814755.835991	90500	293697490.755316	90500	294451343.528178	90500	287168098.930351	90500	289622835.509163	90500	288417497.698753	90500	290370847.174995	90500	289009075.820524	90500	291785046.498859	90500	291983886.898910
91000	284693442.324902	91000	292376517.980354	91000	293998177.760977	91000	296572717.618037	91000	286473367.525643	91000	290067205.557558	91000	288000093.824092	91000	289849535.811265	91000	292018087.356301	91000	291995927.402966	91000	292030661.490364
91500	285780487.793877	91500	292290136.193616	91500	294144228.558157	91500	295610463.896825	91500	286893131.954029	91500	287355402.466621	91500	289330618.531905	91500	290894376.168517	91500	291772844.942653	91500	291554892.830580	91500	292614978.130223
92000	285675321.695591	92000	294685863.250312	92000	294538017.374805	92000	296440994.996725	92000	286784136.415633	92000	289329259.619050	92000	289339006.001193	92000	290774046.179236	92000	290567373.133542	92000	288969450.589660	92000	294065585.332124
92500	284665026.960498	92500	292760322.196253	92500	294861013.443189	92500	295419800.705093	92500	288295551.821977	92500	288571348.552097	92500	289869358.056494	92500	289848908.691313	92500	289722601.368401	92500	290258819.103427	92500	293552228.310958
93000	284589399.226863	93000	292657870.592770	93000	292922021.476694	93000	295019273.528430	93000	287231172.514456	93000	288437306.818512	93000	290067766.653130	93000	289938495.764212	93000	291420416.401790	93000	293002727.958547	93000	293629765.897330
93500	285777306.515642	93500	293019818.157793	93500	294047810.969012	93500	296477774.911445	93500	285835833.752236	93500	288075377.479813	93500	289543121.028401	93500	289864604.709816	93500	290793764.109062	93500	290905563.081370	93500	291553077.052467
94000	284057288.030925	94000	294159596.931941	94000	293268429.486705	94000	295140442.223221	94000	287312342.623470	94000	288578944.303343	94000	289462117.539323	94000	289830109.211720	94000	290844855.645717	94000	292473283.352333	94000	292204552.728300
94500	285623848.524716	94500	293974564.485865	94500	293347347.603770	94500	294974399.723467	94500	286587588.438700	94500	289991864.824511	94500	289184216.552779	94500	290008231.021709	94500	291657933.241752	94500	291576551.074024	94500	292335158.997966
95000	283259940.494917	95000	292816104.742128	95000	294727784.456309	95000	295491955.898370	95000	286846943.632034	95000	287163137.805809	95000	288998886.446738	95000	289752822.706044	95000	289981329.564144	95000	291271166.380304	95000	292564996.681504
95500	285394802.406752	95500	292506971.286404	95500	293237854.457373	95500	295312283.863604	95500	288028788.528868	95500	288208608.812903	95500	288513351.395148	95500	290239512.559781	95500	291225816.798584	95500	290645536.528136	95500	293717692.736003
96000	285250397.686403	96000	292894422.827289	96000	294259177.396486	96000	295270357.557706	96000	287144988.676528	96000	289404837.206121	96000	288581120.277377	96000	289876881.621732	96000	291151450.896000	96000	292368758.573053	96000	291464095.162355
96500	284237750.620540	96500	293827532.019648	96500	292841795.106961	96500	295400940.542194	96500	287076588.577017	96500	289707433.317009	96500	289952155.880724	96500	290143287.655722	96500	290855505.204138	96500	291766420.149660	96500	291427321.158174
97000	284338424.020700	97000	291881015.805636	97000	293900123.014858	97000	295871982.927428	97000	288008700.721375	97000	289198552.360173	97000	289513882.465576	97000	291111973.530921	97000	289620860.548059	97000	293939557.523989	97000	291489821.758066
97500	285436627.832245	97500	293261601.029900	97500	294308357.561981	97500	296016349.868962	97500	287260477.046208	97500	288164842.770893	97500	289758083.828798	97500	290821173.742001	97500	290147359.597329	97500	291612699.660259	97500	292373238.930498
98000	284728272.363184	98000	291965651.118918	98000	293473836.112371	98000	295247000.958390	98000	287285830.723314	98000	288633436.542326	98000	288888688.308274	98000	289127806.821902	98000	291631088.405577	98000	291641721.770655	98000	292580498.858146
98500	286582661.953122	98500	292704351.389614	98500	293101495.130899	98500	295432106.559844	98500	286579940.901614	98500	289088677.902759	98500	289240278.279212	98500	290143659.147332	98500	291192293.867378	98500	292055292.616067	98500	291334885.330472
99000	283696222.566167	99000	293452262.190853	99000	294383749.898011	99000	295336250.566645	99000	286967312.960965	99000	287353261.367489	99000	288691619.557315	99000	291028340.912157	99000	289968392.997205	99000	290599083.644500	99000	291513644.840791
99500	284392407.714573	99500	293510411.915224	99500	293911040.564520	99500	295870422.787205	99500	287272178.540591	99500	287820116.242583	99500	290484711.789846	99500	290613298.054457	99500	289932301.824373	99500	292417107.987032	99500	292485807.122882
100000	284894121.943062	100000	292407028.797511	100000	291801470.839918	100000	294986098.691223	100000	286926331.532612	100000	288540528.020664	100000	289499214.775171	100000	290001466.789350	100000	290212074.253176	100000	291121549.906283	100000	292040087.308672
