#	SIM_0		#	SIM_-10		#	SIM_-12		#	SIM_-15		#	SIM_-2		#	SIM_-4		#	SIM_-5		#	SIM_-6		#	SIM_-7		#	SIM_-8		#	SIM_-9	
1	2366.00000000000	1	2366.00000000000	1	2366.00000000000	1	2366.00000000000	1	2366.00000000000	1	2366.00000000000	1	2366.00000000000	1	2366.00000000000	1	2366.00000000000	1	2366.00000000000	1	2366.00000000000
500	2366.00000000000	500	2366.00000000000	500	2366.00000000000	500	2366.00000000000	500	2366.00000000000	500	2366.00000000000	500	2366.00000000000	500	2366.00000000000	500	2366.00000000000	500	2366.00000000000	500	2366.00000000000
1000	2366.00000000000	1000	2366.00000000000	1000	2366.00000000000	1000	2366.00000000000	1000	2366.00000000000	1000	2366.00000000000	1000	2366.00000000000	1000	2366.00000000000	1000	2366.00000000000	1000	2366.00000000000	1000	2366.00000000000
1500	2366.00000000000	1500	2366.00000000000	1500	2366.00000000000	1500	2366.00000000000	1500	2366.00000000000	1500	2366.00000000000	1500	2366.00000000000	1500	2366.00000000000	1500	2366.00000000000	1500	2366.00000000000	1500	2366.00000000000
2000	2366.00000000000	2000	2366.00000000000	2000	2366.00000000000	2000	2366.00000000000	2000	2366.00000000000	2000	2366.00000000000	2000	2366.00000000000	2000	2366.00000000000	2000	2366.00000000000	2000	2366.00000000000	2000	2366.00000000000
2500	2366.00000000000	2500	2366.00000000000	2500	2366.00000000000	2500	2366.00000000000	2500	2366.00000000000	2500	2366.00000000000	2500	2366.00000000000	2500	2366.00000000000	2500	2366.00000000000	2500	2366.00000000000	2500	2366.00000000000
3000	2366.00000000000	3000	2366.00000000000	3000	2366.00000000000	3000	2366.00000000000	3000	2366.00000000000	3000	2366.00000000000	3000	2366.00000000000	3000	2366.00000000000	3000	2366.00000000000	3000	2366.00000000000	3000	2366.00000000000
3500	2366.00000000000	3500	2366.00000000000	3500	2366.00000000000	3500	2366.00000000000	3500	2366.00000000000	3500	2366.00000000000	3500	2366.00000000000	3500	2366.00000000000	3500	2366.00000000000	3500	2366.00000000000	3500	2366.00000000000
4000	2366.00000000000	4000	2366.00000000000	4000	2366.00000000000	4000	2366.00000000000	4000	2366.00000000000	4000	2366.00000000000	4000	2366.00000000000	4000	2366.00000000000	4000	2366.00000000000	4000	2366.00000000000	4000	2366.00000000000
4500	2366.00000000000	4500	2366.00000000000	4500	2366.00000000000	4500	2366.00000000000	4500	2366.00000000000	4500	2366.00000000000	4500	2366.00000000000	4500	2366.00000000000	4500	2366.00000000000	4500	2366.00000000000	4500	2366.00000000000
5000	2366.00000000000	5000	2366.00000000000	5000	2366.00000000000	5000	2366.00000000000	5000	2366.00000000000	5000	2366.00000000000	5000	2366.00000000000	5000	2366.00000000000	5000	2366.00000000000	5000	2366.00000000000	5000	2366.00000000000
5500	2366.00000000000	5500	2366.00000000000	5500	2366.00000000000	5500	2366.00000000000	5500	2366.00000000000	5500	2366.00000000000	5500	2366.00000000000	5500	2366.00000000000	5500	2366.00000000000	5500	2366.00000000000	5500	2366.00000000000
6000	2366.00000000000	6000	2366.00000000000	6000	2366.00000000000	6000	2366.00000000000	6000	2366.00000000000	6000	2366.00000000000	6000	2366.00000000000	6000	2366.00000000000	6000	2366.00000000000	6000	2366.00000000000	6000	2366.00000000000
6500	2366.00000000000	6500	2366.00000000000	6500	2366.00000000000	6500	2366.00000000000	6500	2366.00000000000	6500	2366.00000000000	6500	2366.00000000000	6500	2366.00000000000	6500	2366.00000000000	6500	2366.00000000000	6500	2366.00000000000
7000	2366.00000000000	7000	2366.00000000000	7000	2366.00000000000	7000	2366.00000000000	7000	2366.00000000000	7000	2366.00000000000	7000	2366.00000000000	7000	2366.00000000000	7000	2366.00000000000	7000	2366.00000000000	7000	2366.00000000000
7500	2366.00000000000	7500	2366.00000000000	7500	2366.00000000000	7500	2366.00000000000	7500	2366.00000000000	7500	2366.00000000000	7500	2366.00000000000	7500	2366.00000000000	7500	2366.00000000000	7500	2366.00000000000	7500	2366.00000000000
8000	2366.00000000000	8000	2366.00000000000	8000	2366.00000000000	8000	2366.00000000000	8000	2366.00000000000	8000	2366.00000000000	8000	2366.00000000000	8000	2366.00000000000	8000	2366.00000000000	8000	2366.00000000000	8000	2366.00000000000
8500	2366.00000000000	8500	2366.00000000000	8500	2366.00000000000	8500	2366.00000000000	8500	2366.00000000000	8500	2366.00000000000	8500	2366.00000000000	8500	2366.00000000000	8500	2366.00000000000	8500	2366.00000000000	8500	2366.00000000000
9000	2366.00000000000	9000	2366.00000000000	9000	2366.00000000000	9000	2366.00000000000	9000	2366.00000000000	9000	2366.00000000000	9000	2366.00000000000	9000	2366.00000000000	9000	2366.00000000000	9000	2366.00000000000	9000	2366.00000000000
9500	2366.00000000000	9500	2366.00000000000	9500	2366.00000000000	9500	2366.00000000000	9500	2366.00000000000	9500	2366.00000000000	9500	2366.00000000000	9500	2366.00000000000	9500	2366.00000000000	9500	2366.00000000000	9500	2366.00000000000
10000	2366.00000000000	10000	2366.00000000000	10000	2366.00000000000	10000	2366.00000000000	10000	2366.00000000000	10000	2366.00000000000	10000	2366.00000000000	10000	2366.00000000000	10000	2366.00000000000	10000	2366.00000000000	10000	2366.00000000000
10500	2366.00000000000	10500	2366.00000000000	10500	2366.00000000000	10500	2366.00000000000	10500	2366.00000000000	10500	2366.00000000000	10500	2366.00000000000	10500	2366.00000000000	10500	2366.00000000000	10500	2366.00000000000	10500	2366.00000000000
11000	2366.00000000000	11000	2366.00000000000	11000	2366.00000000000	11000	2366.00000000000	11000	2366.00000000000	11000	2366.00000000000	11000	2366.00000000000	11000	2366.00000000000	11000	2366.00000000000	11000	2366.00000000000	11000	2366.00000000000
11500	2366.00000000000	11500	2366.00000000000	11500	2366.00000000000	11500	2366.00000000000	11500	2366.00000000000	11500	2366.00000000000	11500	2366.00000000000	11500	2366.00000000000	11500	2366.00000000000	11500	2366.00000000000	11500	2366.00000000000
12000	2366.00000000000	12000	2366.00000000000	12000	2366.00000000000	12000	2366.00000000000	12000	2366.00000000000	12000	2366.00000000000	12000	2366.00000000000	12000	2366.00000000000	12000	2366.00000000000	12000	2366.00000000000	12000	2366.00000000000
12500	2366.00000000000	12500	2366.00000000000	12500	2366.00000000000	12500	2366.00000000000	12500	2366.00000000000	12500	2366.00000000000	12500	2366.00000000000	12500	2366.00000000000	12500	2366.00000000000	12500	2366.00000000000	12500	2366.00000000000
13000	2366.00000000000	13000	2366.00000000000	13000	2366.00000000000	13000	2366.00000000000	13000	2366.00000000000	13000	2366.00000000000	13000	2366.00000000000	13000	2366.00000000000	13000	2366.00000000000	13000	2366.00000000000	13000	2366.00000000000
13500	2366.00000000000	13500	2366.00000000000	13500	2366.00000000000	13500	2366.00000000000	13500	2366.00000000000	13500	2366.00000000000	13500	2366.00000000000	13500	2366.00000000000	13500	2366.00000000000	13500	2366.00000000000	13500	2366.00000000000
14000	2366.00000000000	14000	2366.00000000000	14000	2366.00000000000	14000	2366.00000000000	14000	2366.00000000000	14000	2366.00000000000	14000	2366.00000000000	14000	2366.00000000000	14000	2366.00000000000	14000	2366.00000000000	14000	2366.00000000000
14500	2366.00000000000	14500	2366.00000000000	14500	2366.00000000000	14500	2366.00000000000	14500	2366.00000000000	14500	2366.00000000000	14500	2366.00000000000	14500	2366.00000000000	14500	2366.00000000000	14500	2366.00000000000	14500	2366.00000000000
15000	2366.00000000000	15000	2366.00000000000	15000	2366.00000000000	15000	2366.00000000000	15000	2366.00000000000	15000	2366.00000000000	15000	2366.00000000000	15000	2366.00000000000	15000	2366.00000000000	15000	2366.00000000000	15000	2366.00000000000
15500	2366.00000000000	15500	2366.00000000000	15500	2366.00000000000	15500	2366.00000000000	15500	2366.00000000000	15500	2366.00000000000	15500	2366.00000000000	15500	2366.00000000000	15500	2366.00000000000	15500	2366.00000000000	15500	2366.00000000000
16000	2366.00000000000	16000	2366.00000000000	16000	2366.00000000000	16000	2366.00000000000	16000	2366.00000000000	16000	2366.00000000000	16000	2366.00000000000	16000	2366.00000000000	16000	2366.00000000000	16000	2366.00000000000	16000	2366.00000000000
16500	2366.00000000000	16500	2366.00000000000	16500	2366.00000000000	16500	2366.00000000000	16500	2366.00000000000	16500	2366.00000000000	16500	2366.00000000000	16500	2366.00000000000	16500	2366.00000000000	16500	2366.00000000000	16500	2366.00000000000
17000	2366.00000000000	17000	2366.00000000000	17000	2366.00000000000	17000	2366.00000000000	17000	2366.00000000000	17000	2366.00000000000	17000	2366.00000000000	17000	2366.00000000000	17000	2366.00000000000	17000	2366.00000000000	17000	2366.00000000000
17500	2366.00000000000	17500	2366.00000000000	17500	2366.00000000000	17500	2366.00000000000	17500	2366.00000000000	17500	2366.00000000000	17500	2366.00000000000	17500	2366.00000000000	17500	2366.00000000000	17500	2366.00000000000	17500	2366.00000000000
18000	2366.00000000000	18000	2366.00000000000	18000	2366.00000000000	18000	2366.00000000000	18000	2366.00000000000	18000	2366.00000000000	18000	2366.00000000000	18000	2366.00000000000	18000	2366.00000000000	18000	2366.00000000000	18000	2366.00000000000
18500	2366.00000000000	18500	2366.00000000000	18500	2366.00000000000	18500	2366.00000000000	18500	2366.00000000000	18500	2366.00000000000	18500	2366.00000000000	18500	2366.00000000000	18500	2366.00000000000	18500	2366.00000000000	18500	2366.00000000000
19000	2366.00000000000	19000	2366.00000000000	19000	2366.00000000000	19000	2366.00000000000	19000	2366.00000000000	19000	2366.00000000000	19000	2366.00000000000	19000	2366.00000000000	19000	2366.00000000000	19000	2366.00000000000	19000	2366.00000000000
19500	2366.00000000000	19500	2366.00000000000	19500	2366.00000000000	19500	2366.00000000000	19500	2366.00000000000	19500	2366.00000000000	19500	2366.00000000000	19500	2366.00000000000	19500	2366.00000000000	19500	2366.00000000000	19500	2366.00000000000
20000	2366.00000000000	20000	2366.00000000000	20000	2366.00000000000	20000	2366.00000000000	20000	2366.00000000000	20000	2366.00000000000	20000	2366.00000000000	20000	2366.00000000000	20000	2366.00000000000	20000	2366.00000000000	20000	2366.00000000000
20500	2366.00000000000	20500	2366.00000000000	20500	2366.00000000000	20500	2366.00000000000	20500	2366.00000000000	20500	2366.00000000000	20500	2366.00000000000	20500	2366.00000000000	20500	2366.00000000000	20500	2366.00000000000	20500	2366.00000000000
21000	2366.00000000000	21000	2366.00000000000	21000	2366.00000000000	21000	2366.00000000000	21000	2366.00000000000	21000	2366.00000000000	21000	2366.00000000000	21000	2366.00000000000	21000	2366.00000000000	21000	2366.00000000000	21000	2366.00000000000
21500	2366.00000000000	21500	2366.00000000000	21500	2366.00000000000	21500	2366.00000000000	21500	2366.00000000000	21500	2366.00000000000	21500	2366.00000000000	21500	2366.00000000000	21500	2366.00000000000	21500	2366.00000000000	21500	2366.00000000000
22000	2366.00000000000	22000	2366.00000000000	22000	2366.00000000000	22000	2366.00000000000	22000	2366.00000000000	22000	2366.00000000000	22000	2366.00000000000	22000	2366.00000000000	22000	2366.00000000000	22000	2366.00000000000	22000	2366.00000000000
22500	2366.00000000000	22500	2366.00000000000	22500	2366.00000000000	22500	2366.00000000000	22500	2366.00000000000	22500	2366.00000000000	22500	2366.00000000000	22500	2366.00000000000	22500	2366.00000000000	22500	2366.00000000000	22500	2366.00000000000
23000	2366.00000000000	23000	2366.00000000000	23000	2366.00000000000	23000	2366.00000000000	23000	2366.00000000000	23000	2366.00000000000	23000	2366.00000000000	23000	2366.00000000000	23000	2366.00000000000	23000	2366.00000000000	23000	2366.00000000000
23500	2366.00000000000	23500	2366.00000000000	23500	2366.00000000000	23500	2366.00000000000	23500	2366.00000000000	23500	2366.00000000000	23500	2366.00000000000	23500	2366.00000000000	23500	2366.00000000000	23500	2366.00000000000	23500	2366.00000000000
24000	2366.00000000000	24000	2366.00000000000	24000	2366.00000000000	24000	2366.00000000000	24000	2366.00000000000	24000	2366.00000000000	24000	2366.00000000000	24000	2366.00000000000	24000	2366.00000000000	24000	2366.00000000000	24000	2366.00000000000
24500	2366.00000000000	24500	2366.00000000000	24500	2366.00000000000	24500	2366.00000000000	24500	2366.00000000000	24500	2366.00000000000	24500	2366.00000000000	24500	2366.00000000000	24500	2366.00000000000	24500	2366.00000000000	24500	2366.00000000000
25000	2366.00000000000	25000	2366.00000000000	25000	2366.00000000000	25000	2366.00000000000	25000	2366.00000000000	25000	2366.00000000000	25000	2366.00000000000	25000	2366.00000000000	25000	2366.00000000000	25000	2366.00000000000	25000	2366.00000000000
25500	2366.00000000000	25500	2366.00000000000	25500	2366.00000000000	25500	2366.00000000000	25500	2366.00000000000	25500	2366.00000000000	25500	2366.00000000000	25500	2366.00000000000	25500	2366.00000000000	25500	2366.00000000000	25500	2366.00000000000
26000	2366.00000000000	26000	2366.00000000000	26000	2366.00000000000	26000	2366.00000000000	26000	2366.00000000000	26000	2366.00000000000	26000	2366.00000000000	26000	2366.00000000000	26000	2366.00000000000	26000	2366.00000000000	26000	2366.00000000000
26500	2366.00000000000	26500	2366.00000000000	26500	2366.00000000000	26500	2366.00000000000	26500	2366.00000000000	26500	2366.00000000000	26500	2366.00000000000	26500	2366.00000000000	26500	2366.00000000000	26500	2366.00000000000	26500	2366.00000000000
27000	2366.00000000000	27000	2366.00000000000	27000	2366.00000000000	27000	2366.00000000000	27000	2366.00000000000	27000	2366.00000000000	27000	2366.00000000000	27000	2366.00000000000	27000	2366.00000000000	27000	2366.00000000000	27000	2366.00000000000
27500	2366.00000000000	27500	2366.00000000000	27500	2366.00000000000	27500	2366.00000000000	27500	2366.00000000000	27500	2366.00000000000	27500	2366.00000000000	27500	2366.00000000000	27500	2366.00000000000	27500	2366.00000000000	27500	2366.00000000000
28000	2366.00000000000	28000	2366.00000000000	28000	2366.00000000000	28000	2366.00000000000	28000	2366.00000000000	28000	2366.00000000000	28000	2366.00000000000	28000	2366.00000000000	28000	2366.00000000000	28000	2366.00000000000	28000	2366.00000000000
28500	2366.00000000000	28500	2366.00000000000	28500	2366.00000000000	28500	2366.00000000000	28500	2366.00000000000	28500	2366.00000000000	28500	2366.00000000000	28500	2366.00000000000	28500	2366.00000000000	28500	2366.00000000000	28500	2366.00000000000
29000	2366.00000000000	29000	2366.00000000000	29000	2366.00000000000	29000	2366.00000000000	29000	2366.00000000000	29000	2366.00000000000	29000	2366.00000000000	29000	2366.00000000000	29000	2366.00000000000	29000	2366.00000000000	29000	2366.00000000000
29500	2366.00000000000	29500	2366.00000000000	29500	2366.00000000000	29500	2366.00000000000	29500	2366.00000000000	29500	2366.00000000000	29500	2366.00000000000	29500	2366.00000000000	29500	2366.00000000000	29500	2366.00000000000	29500	2366.00000000000
30000	2366.00000000000	30000	2366.00000000000	30000	2366.00000000000	30000	2366.00000000000	30000	2366.00000000000	30000	2366.00000000000	30000	2366.00000000000	30000	2366.00000000000	30000	2366.00000000000	30000	2366.00000000000	30000	2366.00000000000
30500	2366.00000000000	30500	2366.00000000000	30500	2366.00000000000	30500	2366.00000000000	30500	2366.00000000000	30500	2366.00000000000	30500	2366.00000000000	30500	2366.00000000000	30500	2366.00000000000	30500	2366.00000000000	30500	2366.00000000000
31000	2366.00000000000	31000	2366.00000000000	31000	2366.00000000000	31000	2366.00000000000	31000	2366.00000000000	31000	2366.00000000000	31000	2366.00000000000	31000	2366.00000000000	31000	2366.00000000000	31000	2366.00000000000	31000	2366.00000000000
31500	2366.00000000000	31500	2366.00000000000	31500	2366.00000000000	31500	2366.00000000000	31500	2366.00000000000	31500	2366.00000000000	31500	2366.00000000000	31500	2366.00000000000	31500	2366.00000000000	31500	2366.00000000000	31500	2366.00000000000
32000	2366.00000000000	32000	2366.00000000000	32000	2366.00000000000	32000	2366.00000000000	32000	2366.00000000000	32000	2366.00000000000	32000	2366.00000000000	32000	2366.00000000000	32000	2366.00000000000	32000	2366.00000000000	32000	2366.00000000000
32500	2366.00000000000	32500	2366.00000000000	32500	2366.00000000000	32500	2366.00000000000	32500	2366.00000000000	32500	2366.00000000000	32500	2366.00000000000	32500	2366.00000000000	32500	2366.00000000000	32500	2366.00000000000	32500	2366.00000000000
33000	2366.00000000000	33000	2366.00000000000	33000	2366.00000000000	33000	2366.00000000000	33000	2366.00000000000	33000	2366.00000000000	33000	2366.00000000000	33000	2366.00000000000	33000	2366.00000000000	33000	2366.00000000000	33000	2366.00000000000
33500	2366.00000000000	33500	2366.00000000000	33500	2366.00000000000	33500	2366.00000000000	33500	2366.00000000000	33500	2366.00000000000	33500	2366.00000000000	33500	2366.00000000000	33500	2366.00000000000	33500	2366.00000000000	33500	2366.00000000000
34000	2366.00000000000	34000	2366.00000000000	34000	2366.00000000000	34000	2366.00000000000	34000	2366.00000000000	34000	2366.00000000000	34000	2366.00000000000	34000	2366.00000000000	34000	2366.00000000000	34000	2366.00000000000	34000	2366.00000000000
34500	2366.00000000000	34500	2366.00000000000	34500	2366.00000000000	34500	2366.00000000000	34500	2366.00000000000	34500	2366.00000000000	34500	2366.00000000000	34500	2366.00000000000	34500	2366.00000000000	34500	2366.00000000000	34500	2366.00000000000
35000	2366.00000000000	35000	2366.00000000000	35000	2366.00000000000	35000	2366.00000000000	35000	2366.00000000000	35000	2366.00000000000	35000	2366.00000000000	35000	2366.00000000000	35000	2366.00000000000	35000	2366.00000000000	35000	2366.00000000000
35500	2366.00000000000	35500	2366.00000000000	35500	2366.00000000000	35500	2366.00000000000	35500	2366.00000000000	35500	2366.00000000000	35500	2366.00000000000	35500	2366.00000000000	35500	2366.00000000000	35500	2366.00000000000	35500	2366.00000000000
36000	2366.00000000000	36000	2366.00000000000	36000	2366.00000000000	36000	2366.00000000000	36000	2366.00000000000	36000	2366.00000000000	36000	2366.00000000000	36000	2366.00000000000	36000	2366.00000000000	36000	2366.00000000000	36000	2366.00000000000
36500	2366.00000000000	36500	2366.00000000000	36500	2366.00000000000	36500	2366.00000000000	36500	2366.00000000000	36500	2366.00000000000	36500	2366.00000000000	36500	2366.00000000000	36500	2366.00000000000	36500	2366.00000000000	36500	2366.00000000000
37000	2366.00000000000	37000	2366.00000000000	37000	2366.00000000000	37000	2366.00000000000	37000	2366.00000000000	37000	2366.00000000000	37000	2366.00000000000	37000	2366.00000000000	37000	2366.00000000000	37000	2366.00000000000	37000	2366.00000000000
37500	2366.00000000000	37500	2366.00000000000	37500	2366.00000000000	37500	2366.00000000000	37500	2366.00000000000	37500	2366.00000000000	37500	2366.00000000000	37500	2366.00000000000	37500	2366.00000000000	37500	2366.00000000000	37500	2366.00000000000
38000	2366.00000000000	38000	2366.00000000000	38000	2366.00000000000	38000	2366.00000000000	38000	2366.00000000000	38000	2366.00000000000	38000	2366.00000000000	38000	2366.00000000000	38000	2366.00000000000	38000	2366.00000000000	38000	2366.00000000000
38500	2366.00000000000	38500	2366.00000000000	38500	2366.00000000000	38500	2366.00000000000	38500	2366.00000000000	38500	2366.00000000000	38500	2366.00000000000	38500	2366.00000000000	38500	2366.00000000000	38500	2366.00000000000	38500	2366.00000000000
39000	2366.00000000000	39000	2366.00000000000	39000	2366.00000000000	39000	2366.00000000000	39000	2366.00000000000	39000	2366.00000000000	39000	2366.00000000000	39000	2366.00000000000	39000	2366.00000000000	39000	2366.00000000000	39000	2366.00000000000
39500	2366.00000000000	39500	2366.00000000000	39500	2366.00000000000	39500	2366.00000000000	39500	2366.00000000000	39500	2366.00000000000	39500	2366.00000000000	39500	2366.00000000000	39500	2366.00000000000	39500	2366.00000000000	39500	2366.00000000000
40000	2366.00000000000	40000	2366.00000000000	40000	2366.00000000000	40000	2366.00000000000	40000	2366.00000000000	40000	2366.00000000000	40000	2366.00000000000	40000	2366.00000000000	40000	2366.00000000000	40000	2366.00000000000	40000	2366.00000000000
40500	2366.00000000000	40500	2366.00000000000	40500	2366.00000000000	40500	2366.00000000000	40500	2366.00000000000	40500	2366.00000000000	40500	2366.00000000000	40500	2366.00000000000	40500	2366.00000000000	40500	2366.00000000000	40500	2366.00000000000
41000	2366.00000000000	41000	2366.00000000000	41000	2366.00000000000	41000	2366.00000000000	41000	2366.00000000000	41000	2366.00000000000	41000	2366.00000000000	41000	2366.00000000000	41000	2366.00000000000	41000	2366.00000000000	41000	2366.00000000000
41500	2366.00000000000	41500	2366.00000000000	41500	2366.00000000000	41500	2366.00000000000	41500	2366.00000000000	41500	2366.00000000000	41500	2366.00000000000	41500	2366.00000000000	41500	2366.00000000000	41500	2366.00000000000	41500	2366.00000000000
42000	2366.00000000000	42000	2366.00000000000	42000	2366.00000000000	42000	2366.00000000000	42000	2366.00000000000	42000	2366.00000000000	42000	2366.00000000000	42000	2366.00000000000	42000	2366.00000000000	42000	2366.00000000000	42000	2366.00000000000
42500	2366.00000000000	42500	2366.00000000000	42500	2366.00000000000	42500	2366.00000000000	42500	2366.00000000000	42500	2366.00000000000	42500	2366.00000000000	42500	2366.00000000000	42500	2366.00000000000	42500	2366.00000000000	42500	2366.00000000000
43000	2366.00000000000	43000	2366.00000000000	43000	2366.00000000000	43000	2366.00000000000	43000	2366.00000000000	43000	2366.00000000000	43000	2366.00000000000	43000	2366.00000000000	43000	2366.00000000000	43000	2366.00000000000	43000	2366.00000000000
43500	2366.00000000000	43500	2366.00000000000	43500	2366.00000000000	43500	2366.00000000000	43500	2366.00000000000	43500	2366.00000000000	43500	2366.00000000000	43500	2366.00000000000	43500	2366.00000000000	43500	2366.00000000000	43500	2366.00000000000
44000	2366.00000000000	44000	2366.00000000000	44000	2366.00000000000	44000	2366.00000000000	44000	2366.00000000000	44000	2366.00000000000	44000	2366.00000000000	44000	2366.00000000000	44000	2366.00000000000	44000	2366.00000000000	44000	2366.00000000000
44500	2366.00000000000	44500	2366.00000000000	44500	2366.00000000000	44500	2366.00000000000	44500	2366.00000000000	44500	2366.00000000000	44500	2366.00000000000	44500	2366.00000000000	44500	2366.00000000000	44500	2366.00000000000	44500	2366.00000000000
45000	2366.00000000000	45000	2366.00000000000	45000	2366.00000000000	45000	2366.00000000000	45000	2366.00000000000	45000	2366.00000000000	45000	2366.00000000000	45000	2366.00000000000	45000	2366.00000000000	45000	2366.00000000000	45000	2366.00000000000
45500	2366.00000000000	45500	2366.00000000000	45500	2366.00000000000	45500	2366.00000000000	45500	2366.00000000000	45500	2366.00000000000	45500	2366.00000000000	45500	2366.00000000000	45500	2366.00000000000	45500	2366.00000000000	45500	2366.00000000000
46000	2366.00000000000	46000	2366.00000000000	46000	2366.00000000000	46000	2366.00000000000	46000	2366.00000000000	46000	2366.00000000000	46000	2366.00000000000	46000	2366.00000000000	46000	2366.00000000000	46000	2366.00000000000	46000	2366.00000000000
46500	2366.00000000000	46500	2366.00000000000	46500	2366.00000000000	46500	2366.00000000000	46500	2366.00000000000	46500	2366.00000000000	46500	2366.00000000000	46500	2366.00000000000	46500	2366.00000000000	46500	2366.00000000000	46500	2366.00000000000
47000	2366.00000000000	47000	2366.00000000000	47000	2366.00000000000	47000	2366.00000000000	47000	2366.00000000000	47000	2366.00000000000	47000	2366.00000000000	47000	2366.00000000000	47000	2366.00000000000	47000	2366.00000000000	47000	2366.00000000000
47500	2366.00000000000	47500	2366.00000000000	47500	2366.00000000000	47500	2366.00000000000	47500	2366.00000000000	47500	2366.00000000000	47500	2366.00000000000	47500	2366.00000000000	47500	2366.00000000000	47500	2366.00000000000	47500	2366.00000000000
48000	2366.00000000000	48000	2366.00000000000	48000	2366.00000000000	48000	2366.00000000000	48000	2366.00000000000	48000	2366.00000000000	48000	2366.00000000000	48000	2366.00000000000	48000	2366.00000000000	48000	2366.00000000000	48000	2366.00000000000
48500	2366.00000000000	48500	2366.00000000000	48500	2366.00000000000	48500	2366.00000000000	48500	2366.00000000000	48500	2366.00000000000	48500	2366.00000000000	48500	2366.00000000000	48500	2366.00000000000	48500	2366.00000000000	48500	2366.00000000000
49000	2366.00000000000	49000	2366.00000000000	49000	2366.00000000000	49000	2366.00000000000	49000	2366.00000000000	49000	2366.00000000000	49000	2366.00000000000	49000	2366.00000000000	49000	2366.00000000000	49000	2366.00000000000	49000	2366.00000000000
49500	2366.00000000000	49500	2366.00000000000	49500	2366.00000000000	49500	2366.00000000000	49500	2366.00000000000	49500	2366.00000000000	49500	2366.00000000000	49500	2366.00000000000	49500	2366.00000000000	49500	2366.00000000000	49500	2366.00000000000
50000	2366.00000000000	50000	2366.00000000000	50000	2366.00000000000	50000	2366.00000000000	50000	2366.00000000000	50000	2366.00000000000	50000	2366.00000000000	50000	2366.00000000000	50000	2366.00000000000	50000	2366.00000000000	50000	2366.00000000000
50500	2366.00000000000	50500	2366.00000000000	50500	2366.00000000000	50500	2366.00000000000	50500	2366.00000000000	50500	2366.00000000000	50500	2366.00000000000	50500	2366.00000000000	50500	2366.00000000000	50500	2366.00000000000	50500	2366.00000000000
51000	2366.00000000000	51000	2366.00000000000	51000	2366.00000000000	51000	2366.00000000000	51000	2366.00000000000	51000	2366.00000000000	51000	2366.00000000000	51000	2366.00000000000	51000	2366.00000000000	51000	2366.00000000000	51000	2366.00000000000
51500	2366.00000000000	51500	2366.00000000000	51500	2366.00000000000	51500	2366.00000000000	51500	2366.00000000000	51500	2366.00000000000	51500	2366.00000000000	51500	2366.00000000000	51500	2366.00000000000	51500	2366.00000000000	51500	2366.00000000000
52000	2366.00000000000	52000	2366.00000000000	52000	2366.00000000000	52000	2366.00000000000	52000	2366.00000000000	52000	2366.00000000000	52000	2366.00000000000	52000	2366.00000000000	52000	2366.00000000000	52000	2366.00000000000	52000	2366.00000000000
52500	2366.00000000000	52500	2366.00000000000	52500	2366.00000000000	52500	2366.00000000000	52500	2366.00000000000	52500	2366.00000000000	52500	2366.00000000000	52500	2366.00000000000	52500	2366.00000000000	52500	2366.00000000000	52500	2366.00000000000
53000	2366.00000000000	53000	2366.00000000000	53000	2366.00000000000	53000	2366.00000000000	53000	2366.00000000000	53000	2366.00000000000	53000	2366.00000000000	53000	2366.00000000000	53000	2366.00000000000	53000	2366.00000000000	53000	2366.00000000000
53500	2366.00000000000	53500	2366.00000000000	53500	2366.00000000000	53500	2366.00000000000	53500	2366.00000000000	53500	2366.00000000000	53500	2366.00000000000	53500	2366.00000000000	53500	2366.00000000000	53500	2366.00000000000	53500	2366.00000000000
54000	2366.00000000000	54000	2366.00000000000	54000	2366.00000000000	54000	2366.00000000000	54000	2366.00000000000	54000	2366.00000000000	54000	2366.00000000000	54000	2366.00000000000	54000	2366.00000000000	54000	2366.00000000000	54000	2366.00000000000
54500	2366.00000000000	54500	2366.00000000000	54500	2366.00000000000	54500	2366.00000000000	54500	2366.00000000000	54500	2366.00000000000	54500	2366.00000000000	54500	2366.00000000000	54500	2366.00000000000	54500	2366.00000000000	54500	2366.00000000000
55000	2366.00000000000	55000	2366.00000000000	55000	2366.00000000000	55000	2366.00000000000	55000	2366.00000000000	55000	2366.00000000000	55000	2366.00000000000	55000	2366.00000000000	55000	2366.00000000000	55000	2366.00000000000	55000	2366.00000000000
55500	2366.00000000000	55500	2366.00000000000	55500	2366.00000000000	55500	2366.00000000000	55500	2366.00000000000	55500	2366.00000000000	55500	2366.00000000000	55500	2366.00000000000	55500	2366.00000000000	55500	2366.00000000000	55500	2366.00000000000
56000	2366.00000000000	56000	2366.00000000000	56000	2366.00000000000	56000	2366.00000000000	56000	2366.00000000000	56000	2366.00000000000	56000	2366.00000000000	56000	2366.00000000000	56000	2366.00000000000	56000	2366.00000000000	56000	2366.00000000000
56500	2366.00000000000	56500	2366.00000000000	56500	2366.00000000000	56500	2366.00000000000	56500	2366.00000000000	56500	2366.00000000000	56500	2366.00000000000	56500	2366.00000000000	56500	2366.00000000000	56500	2366.00000000000	56500	2366.00000000000
57000	2366.00000000000	57000	2366.00000000000	57000	2366.00000000000	57000	2366.00000000000	57000	2366.00000000000	57000	2366.00000000000	57000	2366.00000000000	57000	2366.00000000000	57000	2366.00000000000	57000	2366.00000000000	57000	2366.00000000000
57500	2366.00000000000	57500	2366.00000000000	57500	2366.00000000000	57500	2366.00000000000	57500	2366.00000000000	57500	2366.00000000000	57500	2366.00000000000	57500	2366.00000000000	57500	2366.00000000000	57500	2366.00000000000	57500	2366.00000000000
58000	2366.00000000000	58000	2366.00000000000	58000	2366.00000000000	58000	2366.00000000000	58000	2366.00000000000	58000	2366.00000000000	58000	2366.00000000000	58000	2366.00000000000	58000	2366.00000000000	58000	2366.00000000000	58000	2366.00000000000
58500	2366.00000000000	58500	2366.00000000000	58500	2366.00000000000	58500	2366.00000000000	58500	2366.00000000000	58500	2366.00000000000	58500	2366.00000000000	58500	2366.00000000000	58500	2366.00000000000	58500	2366.00000000000	58500	2366.00000000000
59000	2366.00000000000	59000	2366.00000000000	59000	2366.00000000000	59000	2366.00000000000	59000	2366.00000000000	59000	2366.00000000000	59000	2366.00000000000	59000	2366.00000000000	59000	2366.00000000000	59000	2366.00000000000	59000	2366.00000000000
59500	2366.00000000000	59500	2366.00000000000	59500	2366.00000000000	59500	2366.00000000000	59500	2366.00000000000	59500	2366.00000000000	59500	2366.00000000000	59500	2366.00000000000	59500	2366.00000000000	59500	2366.00000000000	59500	2366.00000000000
60000	2366.00000000000	60000	2366.00000000000	60000	2366.00000000000	60000	2366.00000000000	60000	2366.00000000000	60000	2366.00000000000	60000	2366.00000000000	60000	2366.00000000000	60000	2366.00000000000	60000	2366.00000000000	60000	2366.00000000000
60500	2366.00000000000	60500	2366.00000000000	60500	2366.00000000000	60500	2366.00000000000	60500	2366.00000000000	60500	2366.00000000000	60500	2366.00000000000	60500	2366.00000000000	60500	2366.00000000000	60500	2366.00000000000	60500	2366.00000000000
61000	2366.00000000000	61000	2366.00000000000	61000	2366.00000000000	61000	2366.00000000000	61000	2366.00000000000	61000	2366.00000000000	61000	2366.00000000000	61000	2366.00000000000	61000	2366.00000000000	61000	2366.00000000000	61000	2366.00000000000
61500	2366.00000000000	61500	2366.00000000000	61500	2366.00000000000	61500	2366.00000000000	61500	2366.00000000000	61500	2366.00000000000	61500	2366.00000000000	61500	2366.00000000000	61500	2366.00000000000	61500	2366.00000000000	61500	2366.00000000000
62000	2366.00000000000	62000	2366.00000000000	62000	2366.00000000000	62000	2366.00000000000	62000	2366.00000000000	62000	2366.00000000000	62000	2366.00000000000	62000	2366.00000000000	62000	2366.00000000000	62000	2366.00000000000	62000	2366.00000000000
62500	2366.00000000000	62500	2366.00000000000	62500	2366.00000000000	62500	2366.00000000000	62500	2366.00000000000	62500	2366.00000000000	62500	2366.00000000000	62500	2366.00000000000	62500	2366.00000000000	62500	2366.00000000000	62500	2366.00000000000
63000	2366.00000000000	63000	2366.00000000000	63000	2366.00000000000	63000	2366.00000000000	63000	2366.00000000000	63000	2366.00000000000	63000	2366.00000000000	63000	2366.00000000000	63000	2366.00000000000	63000	2366.00000000000	63000	2366.00000000000
63500	2366.00000000000	63500	2366.00000000000	63500	2366.00000000000	63500	2366.00000000000	63500	2366.00000000000	63500	2366.00000000000	63500	2366.00000000000	63500	2366.00000000000	63500	2366.00000000000	63500	2366.00000000000	63500	2366.00000000000
64000	2366.00000000000	64000	2366.00000000000	64000	2366.00000000000	64000	2366.00000000000	64000	2366.00000000000	64000	2366.00000000000	64000	2366.00000000000	64000	2366.00000000000	64000	2366.00000000000	64000	2366.00000000000	64000	2366.00000000000
64500	2366.00000000000	64500	2366.00000000000	64500	2366.00000000000	64500	2366.00000000000	64500	2366.00000000000	64500	2366.00000000000	64500	2366.00000000000	64500	2366.00000000000	64500	2366.00000000000	64500	2366.00000000000	64500	2366.00000000000
65000	2366.00000000000	65000	2366.00000000000	65000	2366.00000000000	65000	2366.00000000000	65000	2366.00000000000	65000	2366.00000000000	65000	2366.00000000000	65000	2366.00000000000	65000	2366.00000000000	65000	2366.00000000000	65000	2366.00000000000
65500	2366.00000000000	65500	2366.00000000000	65500	2366.00000000000	65500	2366.00000000000	65500	2366.00000000000	65500	2366.00000000000	65500	2366.00000000000	65500	2366.00000000000	65500	2366.00000000000	65500	2366.00000000000	65500	2366.00000000000
66000	2366.00000000000	66000	2366.00000000000	66000	2366.00000000000	66000	2366.00000000000	66000	2366.00000000000	66000	2366.00000000000	66000	2366.00000000000	66000	2366.00000000000	66000	2366.00000000000	66000	2366.00000000000	66000	2366.00000000000
66500	2366.00000000000	66500	2366.00000000000	66500	2366.00000000000	66500	2366.00000000000	66500	2366.00000000000	66500	2366.00000000000	66500	2366.00000000000	66500	2366.00000000000	66500	2366.00000000000	66500	2366.00000000000	66500	2366.00000000000
67000	2366.00000000000	67000	2366.00000000000	67000	2366.00000000000	67000	2366.00000000000	67000	2366.00000000000	67000	2366.00000000000	67000	2366.00000000000	67000	2366.00000000000	67000	2366.00000000000	67000	2366.00000000000	67000	2366.00000000000
67500	2366.00000000000	67500	2366.00000000000	67500	2366.00000000000	67500	2366.00000000000	67500	2366.00000000000	67500	2366.00000000000	67500	2366.00000000000	67500	2366.00000000000	67500	2366.00000000000	67500	2366.00000000000	67500	2366.00000000000
68000	2366.00000000000	68000	2366.00000000000	68000	2366.00000000000	68000	2366.00000000000	68000	2366.00000000000	68000	2366.00000000000	68000	2366.00000000000	68000	2366.00000000000	68000	2366.00000000000	68000	2366.00000000000	68000	2366.00000000000
68500	2366.00000000000	68500	2366.00000000000	68500	2366.00000000000	68500	2366.00000000000	68500	2366.00000000000	68500	2366.00000000000	68500	2366.00000000000	68500	2366.00000000000	68500	2366.00000000000	68500	2366.00000000000	68500	2366.00000000000
69000	2366.00000000000	69000	2366.00000000000	69000	2366.00000000000	69000	2366.00000000000	69000	2366.00000000000	69000	2366.00000000000	69000	2366.00000000000	69000	2366.00000000000	69000	2366.00000000000	69000	2366.00000000000	69000	2366.00000000000
69500	2366.00000000000	69500	2366.00000000000	69500	2366.00000000000	69500	2366.00000000000	69500	2366.00000000000	69500	2366.00000000000	69500	2366.00000000000	69500	2366.00000000000	69500	2366.00000000000	69500	2366.00000000000	69500	2366.00000000000
70000	2366.00000000000	70000	2366.00000000000	70000	2366.00000000000	70000	2366.00000000000	70000	2366.00000000000	70000	2366.00000000000	70000	2366.00000000000	70000	2366.00000000000	70000	2366.00000000000	70000	2366.00000000000	70000	2366.00000000000
70500	2366.00000000000	70500	2366.00000000000	70500	2366.00000000000	70500	2366.00000000000	70500	2366.00000000000	70500	2366.00000000000	70500	2366.00000000000	70500	2366.00000000000	70500	2366.00000000000	70500	2366.00000000000	70500	2366.00000000000
71000	2366.00000000000	71000	2366.00000000000	71000	2366.00000000000	71000	2366.00000000000	71000	2366.00000000000	71000	2366.00000000000	71000	2366.00000000000	71000	2366.00000000000	71000	2366.00000000000	71000	2366.00000000000	71000	2366.00000000000
71500	2366.00000000000	71500	2366.00000000000	71500	2366.00000000000	71500	2366.00000000000	71500	2366.00000000000	71500	2366.00000000000	71500	2366.00000000000	71500	2366.00000000000	71500	2366.00000000000	71500	2366.00000000000	71500	2366.00000000000
72000	2366.00000000000	72000	2366.00000000000	72000	2366.00000000000	72000	2366.00000000000	72000	2366.00000000000	72000	2366.00000000000	72000	2366.00000000000	72000	2366.00000000000	72000	2366.00000000000	72000	2366.00000000000	72000	2366.00000000000
72500	2366.00000000000	72500	2366.00000000000	72500	2366.00000000000	72500	2366.00000000000	72500	2366.00000000000	72500	2366.00000000000	72500	2366.00000000000	72500	2366.00000000000	72500	2366.00000000000	72500	2366.00000000000	72500	2366.00000000000
73000	2366.00000000000	73000	2366.00000000000	73000	2366.00000000000	73000	2366.00000000000	73000	2366.00000000000	73000	2366.00000000000	73000	2366.00000000000	73000	2366.00000000000	73000	2366.00000000000	73000	2366.00000000000	73000	2366.00000000000
73500	2366.00000000000	73500	2366.00000000000	73500	2366.00000000000	73500	2366.00000000000	73500	2366.00000000000	73500	2366.00000000000	73500	2366.00000000000	73500	2366.00000000000	73500	2366.00000000000	73500	2366.00000000000	73500	2366.00000000000
74000	2366.00000000000	74000	2366.00000000000	74000	2366.00000000000	74000	2366.00000000000	74000	2366.00000000000	74000	2366.00000000000	74000	2366.00000000000	74000	2366.00000000000	74000	2366.00000000000	74000	2366.00000000000	74000	2366.00000000000
74500	2366.00000000000	74500	2366.00000000000	74500	2366.00000000000	74500	2366.00000000000	74500	2366.00000000000	74500	2366.00000000000	74500	2366.00000000000	74500	2366.00000000000	74500	2366.00000000000	74500	2366.00000000000	74500	2366.00000000000
75000	2366.00000000000	75000	2366.00000000000	75000	2366.00000000000	75000	2366.00000000000	75000	2366.00000000000	75000	2366.00000000000	75000	2366.00000000000	75000	2366.00000000000	75000	2366.00000000000	75000	2366.00000000000	75000	2366.00000000000
75500	2366.00000000000	75500	2366.00000000000	75500	2366.00000000000	75500	2366.00000000000	75500	2366.00000000000	75500	2366.00000000000	75500	2366.00000000000	75500	2366.00000000000	75500	2366.00000000000	75500	2366.00000000000	75500	2366.00000000000
76000	2366.00000000000	76000	2366.00000000000	76000	2366.00000000000	76000	2366.00000000000	76000	2366.00000000000	76000	2366.00000000000	76000	2366.00000000000	76000	2366.00000000000	76000	2366.00000000000	76000	2366.00000000000	76000	2366.00000000000
76500	2366.00000000000	76500	2366.00000000000	76500	2366.00000000000	76500	2366.00000000000	76500	2366.00000000000	76500	2366.00000000000	76500	2366.00000000000	76500	2366.00000000000	76500	2366.00000000000	76500	2366.00000000000	76500	2366.00000000000
77000	2366.00000000000	77000	2366.00000000000	77000	2366.00000000000	77000	2366.00000000000	77000	2366.00000000000	77000	2366.00000000000	77000	2366.00000000000	77000	2366.00000000000	77000	2366.00000000000	77000	2366.00000000000	77000	2366.00000000000
77500	2366.00000000000	77500	2366.00000000000	77500	2366.00000000000	77500	2366.00000000000	77500	2366.00000000000	77500	2366.00000000000	77500	2366.00000000000	77500	2366.00000000000	77500	2366.00000000000	77500	2366.00000000000	77500	2366.00000000000
78000	2366.00000000000	78000	2366.00000000000	78000	2366.00000000000	78000	2366.00000000000	78000	2366.00000000000	78000	2366.00000000000	78000	2366.00000000000	78000	2366.00000000000	78000	2366.00000000000	78000	2366.00000000000	78000	2366.00000000000
78500	2366.00000000000	78500	2366.00000000000	78500	2366.00000000000	78500	2366.00000000000	78500	2366.00000000000	78500	2366.00000000000	78500	2366.00000000000	78500	2366.00000000000	78500	2366.00000000000	78500	2366.00000000000	78500	2366.00000000000
79000	2366.00000000000	79000	2366.00000000000	79000	2366.00000000000	79000	2366.00000000000	79000	2366.00000000000	79000	2366.00000000000	79000	2366.00000000000	79000	2366.00000000000	79000	2366.00000000000	79000	2366.00000000000	79000	2366.00000000000
79500	2366.00000000000	79500	2366.00000000000	79500	2366.00000000000	79500	2366.00000000000	79500	2366.00000000000	79500	2366.00000000000	79500	2366.00000000000	79500	2366.00000000000	79500	2366.00000000000	79500	2366.00000000000	79500	2366.00000000000
80000	2366.00000000000	80000	2366.00000000000	80000	2366.00000000000	80000	2366.00000000000	80000	2366.00000000000	80000	2366.00000000000	80000	2366.00000000000	80000	2366.00000000000	80000	2366.00000000000	80000	2366.00000000000	80000	2366.00000000000
80500	2366.00000000000	80500	2366.00000000000	80500	2366.00000000000	80500	2366.00000000000	80500	2366.00000000000	80500	2366.00000000000	80500	2366.00000000000	80500	2366.00000000000	80500	2366.00000000000	80500	2366.00000000000	80500	2366.00000000000
81000	2366.00000000000	81000	2366.00000000000	81000	2366.00000000000	81000	2366.00000000000	81000	2366.00000000000	81000	2366.00000000000	81000	2366.00000000000	81000	2366.00000000000	81000	2366.00000000000	81000	2366.00000000000	81000	2366.00000000000
81500	2366.00000000000	81500	2366.00000000000	81500	2366.00000000000	81500	2366.00000000000	81500	2366.00000000000	81500	2366.00000000000	81500	2366.00000000000	81500	2366.00000000000	81500	2366.00000000000	81500	2366.00000000000	81500	2366.00000000000
82000	2366.00000000000	82000	2366.00000000000	82000	2366.00000000000	82000	2366.00000000000	82000	2366.00000000000	82000	2366.00000000000	82000	2366.00000000000	82000	2366.00000000000	82000	2366.00000000000	82000	2366.00000000000	82000	2366.00000000000
82500	2366.00000000000	82500	2366.00000000000	82500	2366.00000000000	82500	2366.00000000000	82500	2366.00000000000	82500	2366.00000000000	82500	2366.00000000000	82500	2366.00000000000	82500	2366.00000000000	82500	2366.00000000000	82500	2366.00000000000
83000	2366.00000000000	83000	2366.00000000000	83000	2366.00000000000	83000	2366.00000000000	83000	2366.00000000000	83000	2366.00000000000	83000	2366.00000000000	83000	2366.00000000000	83000	2366.00000000000	83000	2366.00000000000	83000	2366.00000000000
83500	2366.00000000000	83500	2366.00000000000	83500	2366.00000000000	83500	2366.00000000000	83500	2366.00000000000	83500	2366.00000000000	83500	2366.00000000000	83500	2366.00000000000	83500	2366.00000000000	83500	2366.00000000000	83500	2366.00000000000
84000	2366.00000000000	84000	2366.00000000000	84000	2366.00000000000	84000	2366.00000000000	84000	2366.00000000000	84000	2366.00000000000	84000	2366.00000000000	84000	2366.00000000000	84000	2366.00000000000	84000	2366.00000000000	84000	2366.00000000000
84500	2366.00000000000	84500	2366.00000000000	84500	2366.00000000000	84500	2366.00000000000	84500	2366.00000000000	84500	2366.00000000000	84500	2366.00000000000	84500	2366.00000000000	84500	2366.00000000000	84500	2366.00000000000	84500	2366.00000000000
85000	2366.00000000000	85000	2366.00000000000	85000	2366.00000000000	85000	2366.00000000000	85000	2366.00000000000	85000	2366.00000000000	85000	2366.00000000000	85000	2366.00000000000	85000	2366.00000000000	85000	2366.00000000000	85000	2366.00000000000
85500	2366.00000000000	85500	2366.00000000000	85500	2366.00000000000	85500	2366.00000000000	85500	2366.00000000000	85500	2366.00000000000	85500	2366.00000000000	85500	2366.00000000000	85500	2366.00000000000	85500	2366.00000000000	85500	2366.00000000000
86000	2366.00000000000	86000	2366.00000000000	86000	2366.00000000000	86000	2366.00000000000	86000	2366.00000000000	86000	2366.00000000000	86000	2366.00000000000	86000	2366.00000000000	86000	2366.00000000000	86000	2366.00000000000	86000	2366.00000000000
86500	2366.00000000000	86500	2366.00000000000	86500	2366.00000000000	86500	2366.00000000000	86500	2366.00000000000	86500	2366.00000000000	86500	2366.00000000000	86500	2366.00000000000	86500	2366.00000000000	86500	2366.00000000000	86500	2366.00000000000
87000	2366.00000000000	87000	2366.00000000000	87000	2366.00000000000	87000	2366.00000000000	87000	2366.00000000000	87000	2366.00000000000	87000	2366.00000000000	87000	2366.00000000000	87000	2366.00000000000	87000	2366.00000000000	87000	2366.00000000000
87500	2366.00000000000	87500	2366.00000000000	87500	2366.00000000000	87500	2366.00000000000	87500	2366.00000000000	87500	2366.00000000000	87500	2366.00000000000	87500	2366.00000000000	87500	2366.00000000000	87500	2366.00000000000	87500	2366.00000000000
88000	2366.00000000000	88000	2366.00000000000	88000	2366.00000000000	88000	2366.00000000000	88000	2366.00000000000	88000	2366.00000000000	88000	2366.00000000000	88000	2366.00000000000	88000	2366.00000000000	88000	2366.00000000000	88000	2366.00000000000
88500	2366.00000000000	88500	2366.00000000000	88500	2366.00000000000	88500	2366.00000000000	88500	2366.00000000000	88500	2366.00000000000	88500	2366.00000000000	88500	2366.00000000000	88500	2366.00000000000	88500	2366.00000000000	88500	2366.00000000000
89000	2366.00000000000	89000	2366.00000000000	89000	2366.00000000000	89000	2366.00000000000	89000	2366.00000000000	89000	2366.00000000000	89000	2366.00000000000	89000	2366.00000000000	89000	2366.00000000000	89000	2366.00000000000	89000	2366.00000000000
89500	2366.00000000000	89500	2366.00000000000	89500	2366.00000000000	89500	2366.00000000000	89500	2366.00000000000	89500	2366.00000000000	89500	2366.00000000000	89500	2366.00000000000	89500	2366.00000000000	89500	2366.00000000000	89500	2366.00000000000
90000	2366.00000000000	90000	2366.00000000000	90000	2366.00000000000	90000	2366.00000000000	90000	2366.00000000000	90000	2366.00000000000	90000	2366.00000000000	90000	2366.00000000000	90000	2366.00000000000	90000	2366.00000000000	90000	2366.00000000000
90500	2366.00000000000	90500	2366.00000000000	90500	2366.00000000000	90500	2366.00000000000	90500	2366.00000000000	90500	2366.00000000000	90500	2366.00000000000	90500	2366.00000000000	90500	2366.00000000000	90500	2366.00000000000	90500	2366.00000000000
91000	2366.00000000000	91000	2366.00000000000	91000	2366.00000000000	91000	2366.00000000000	91000	2366.00000000000	91000	2366.00000000000	91000	2366.00000000000	91000	2366.00000000000	91000	2366.00000000000	91000	2366.00000000000	91000	2366.00000000000
91500	2366.00000000000	91500	2366.00000000000	91500	2366.00000000000	91500	2366.00000000000	91500	2366.00000000000	91500	2366.00000000000	91500	2366.00000000000	91500	2366.00000000000	91500	2366.00000000000	91500	2366.00000000000	91500	2366.00000000000
92000	2366.00000000000	92000	2366.00000000000	92000	2366.00000000000	92000	2366.00000000000	92000	2366.00000000000	92000	2366.00000000000	92000	2366.00000000000	92000	2366.00000000000	92000	2366.00000000000	92000	2366.00000000000	92000	2366.00000000000
92500	2366.00000000000	92500	2366.00000000000	92500	2366.00000000000	92500	2366.00000000000	92500	2366.00000000000	92500	2366.00000000000	92500	2366.00000000000	92500	2366.00000000000	92500	2366.00000000000	92500	2366.00000000000	92500	2366.00000000000
93000	2366.00000000000	93000	2366.00000000000	93000	2366.00000000000	93000	2366.00000000000	93000	2366.00000000000	93000	2366.00000000000	93000	2366.00000000000	93000	2366.00000000000	93000	2366.00000000000	93000	2366.00000000000	93000	2366.00000000000
93500	2366.00000000000	93500	2366.00000000000	93500	2366.00000000000	93500	2366.00000000000	93500	2366.00000000000	93500	2366.00000000000	93500	2366.00000000000	93500	2366.00000000000	93500	2366.00000000000	93500	2366.00000000000	93500	2366.00000000000
94000	2366.00000000000	94000	2366.00000000000	94000	2366.00000000000	94000	2366.00000000000	94000	2366.00000000000	94000	2366.00000000000	94000	2366.00000000000	94000	2366.00000000000	94000	2366.00000000000	94000	2366.00000000000	94000	2366.00000000000
94500	2366.00000000000	94500	2366.00000000000	94500	2366.00000000000	94500	2366.00000000000	94500	2366.00000000000	94500	2366.00000000000	94500	2366.00000000000	94500	2366.00000000000	94500	2366.00000000000	94500	2366.00000000000	94500	2366.00000000000
95000	2366.00000000000	95000	2366.00000000000	95000	2366.00000000000	95000	2366.00000000000	95000	2366.00000000000	95000	2366.00000000000	95000	2366.00000000000	95000	2366.00000000000	95000	2366.00000000000	95000	2366.00000000000	95000	2366.00000000000
95500	2366.00000000000	95500	2366.00000000000	95500	2366.00000000000	95500	2366.00000000000	95500	2366.00000000000	95500	2366.00000000000	95500	2366.00000000000	95500	2366.00000000000	95500	2366.00000000000	95500	2366.00000000000	95500	2366.00000000000
96000	2366.00000000000	96000	2366.00000000000	96000	2366.00000000000	96000	2366.00000000000	96000	2366.00000000000	96000	2366.00000000000	96000	2366.00000000000	96000	2366.00000000000	96000	2366.00000000000	96000	2366.00000000000	96000	2366.00000000000
96500	2366.00000000000	96500	2366.00000000000	96500	2366.00000000000	96500	2366.00000000000	96500	2366.00000000000	96500	2366.00000000000	96500	2366.00000000000	96500	2366.00000000000	96500	2366.00000000000	96500	2366.00000000000	96500	2366.00000000000
97000	2366.00000000000	97000	2366.00000000000	97000	2366.00000000000	97000	2366.00000000000	97000	2366.00000000000	97000	2366.00000000000	97000	2366.00000000000	97000	2366.00000000000	97000	2366.00000000000	97000	2366.00000000000	97000	2366.00000000000
97500	2366.00000000000	97500	2366.00000000000	97500	2366.00000000000	97500	2366.00000000000	97500	2366.00000000000	97500	2366.00000000000	97500	2366.00000000000	97500	2366.00000000000	97500	2366.00000000000	97500	2366.00000000000	97500	2366.00000000000
98000	2366.00000000000	98000	2366.00000000000	98000	2366.00000000000	98000	2366.00000000000	98000	2366.00000000000	98000	2366.00000000000	98000	2366.00000000000	98000	2366.00000000000	98000	2366.00000000000	98000	2366.00000000000	98000	2366.00000000000
98500	2366.00000000000	98500	2366.00000000000	98500	2366.00000000000	98500	2366.00000000000	98500	2366.00000000000	98500	2366.00000000000	98500	2366.00000000000	98500	2366.00000000000	98500	2366.00000000000	98500	2366.00000000000	98500	2366.00000000000
99000	2366.00000000000	99000	2366.00000000000	99000	2366.00000000000	99000	2366.00000000000	99000	2366.00000000000	99000	2366.00000000000	99000	2366.00000000000	99000	2366.00000000000	99000	2366.00000000000	99000	2366.00000000000	99000	2366.00000000000
99500	2366.00000000000	99500	2366.00000000000	99500	2366.00000000000	99500	2366.00000000000	99500	2366.00000000000	99500	2366.00000000000	99500	2366.00000000000	99500	2366.00000000000	99500	2366.00000000000	99500	2366.00000000000	99500	2366.00000000000
100000	2366.00000000000	100000	2366.00000000000	100000	2366.00000000000	100000	2366.00000000000	100000	2366.00000000000	100000	2366.00000000000	100000	2366.00000000000	100000	2366.00000000000	100000	2366.00000000000	100000	2366.00000000000	100000	2366.00000000000
