#	SIM_20_0.05_0		#	SIM_20_0.05_-10		#	SIM_20_0.05_-12		#	SIM_20_0.05_-15		#	SIM_20_0.05_-2		#	SIM_20_0.05_-4		#	SIM_20_0.05_-5		#	SIM_20_0.05_-6		#	SIM_20_0.05_-7		#	SIM_20_0.05_-8		#	SIM_20_0.05_-9	
1	180796283.242510	1	193677546.022220	1	195905112.035974	1	197993168.190490	1	183613580.870478	1	187054456.231012	1	188008735.603994	1	189677659.237282	1	190056334.025605	1	192032747.555004	1	192526760.454133
500	180951024.545990	500	193712851.465077	500	195321303.599609	500	197440126.223222	500	184247974.671169	500	186744662.971068	500	188178305.952924	500	189348740.881496	500	190588198.945221	500	191466187.113407	500	192569948.160366
1000	180214988.882243	1000	193357667.676387	1000	195850555.211134	1000	197839315.147149	1000	182965264.154123	1000	186497042.617142	1000	187923222.007885	1000	188903957.237153	1000	190609374.311744	1000	191090571.954115	1000	191757928.100821
1500	180897838.245038	1500	193675944.755743	1500	195521640.149380	1500	197584800.198596	1500	183226802.547254	1500	186197720.465425	1500	187287971.972899	1500	188940522.142161	1500	189995034.113704	1500	191715869.484136	1500	192741525.895639
2000	180481420.147527	2000	193166011.013086	2000	195104873.404064	2000	198030123.582901	2000	183428729.313434	2000	186514556.769610	2000	187382924.564358	2000	188679497.943383	2000	190302532.526689	2000	190960009.846541	2000	192044704.809154
2500	179847919.459192	2500	193198264.416671	2500	194962291.655938	2500	197719841.030798	2500	183559291.958958	2500	186681005.728167	2500	187482894.044252	2500	189208807.334048	2500	190224262.418196	2500	191676603.540515	2500	192298219.390501
3000	179881402.021325	3000	194001920.260905	3000	195059630.724959	3000	197589529.309779	3000	184438747.011040	3000	186737107.917818	3000	188313773.080592	3000	189211782.127538	3000	190365176.885707	3000	191910490.848345	3000	192430969.499040
3500	180680046.530306	3500	193336056.053797	3500	196561341.039848	3500	197386821.017012	3500	183015132.556776	3500	187444311.311153	3500	187881716.945767	3500	188867508.215689	3500	190506333.666808	3500	191341331.649156	3500	192438774.239389
4000	179892693.077398	4000	193737173.207982	4000	195745152.529586	4000	197623393.742950	4000	183652081.152931	4000	186600996.816555	4000	187628989.729109	4000	188786498.162979	4000	190104314.820752	4000	191383510.418205	4000	192915528.492531
4500	180304132.290036	4500	193694959.984878	4500	194438023.368717	4500	197702598.732030	4500	184815781.166277	4500	186028969.840645	4500	187368377.163358	4500	189247862.714980	4500	190130341.190273	4500	191243648.562897	4500	191796079.998356
5000	180115525.087366	5000	193748211.588154	5000	195781892.428359	5000	198015955.745820	5000	183463152.504166	5000	186449167.387792	5000	187525628.708325	5000	189419718.111372	5000	189889379.611500	5000	191367928.416469	5000	192061140.442862
5500	179853750.977440	5500	193775388.506422	5500	195346905.102263	5500	198052059.571487	5500	183942103.299202	5500	186366444.649403	5500	187368688.901285	5500	188969596.548322	5500	189950700.904890	5500	191503889.798761	5500	192143605.958338
6000	179580089.921133	6000	193507952.691514	6000	194809285.272543	6000	197821616.632592	6000	184057794.653018	6000	186392976.016422	6000	187922570.995612	6000	189025410.188324	6000	190036983.994010	6000	191522309.927228	6000	192149796.277016
6500	180070577.933754	6500	192678724.484818	6500	194894018.901051	6500	197553300.482945	6500	184389391.197874	6500	185202122.417367	6500	186895982.234712	6500	188547251.730973	6500	189162247.718894	6500	191068302.396658	6500	192776363.909967
7000	180043873.578204	7000	194104170.340363	7000	195617037.352890	7000	197701624.443905	7000	183562143.722773	7000	186937304.349481	7000	187132289.398850	7000	188300647.360704	7000	190243611.211432	7000	190866716.416371	7000	192350300.123071
7500	180627390.112714	7500	193184547.563679	7500	196282943.855090	7500	197055181.765377	7500	183468331.274740	7500	186983929.541135	7500	187327294.905617	7500	188489630.254274	7500	190920898.634553	7500	191089316.679000	7500	192134617.933579
8000	179928676.469344	8000	194294037.100801	8000	195807161.141265	8000	196962949.362074	8000	183092939.422013	8000	186713120.786912	8000	187494453.704629	8000	188759887.998601	8000	190831246.548279	8000	191027399.424727	8000	191984795.172643
8500	180626643.339365	8500	193190468.308162	8500	195370297.315014	8500	197346825.916267	8500	183688075.527841	8500	186470694.800822	8500	187479441.354112	8500	188982079.530563	8500	190038306.949926	8500	191484216.492109	8500	192763609.762489
9000	180822054.523201	9000	193083218.893968	9000	195508987.585056	9000	197643858.567106	9000	183699126.277701	9000	186891523.031190	9000	187334206.622563	9000	189680949.690947	9000	190188973.554155	9000	191632694.791659	9000	192239039.099226
9500	180315218.548682	9500	193757083.510884	9500	194888469.401900	9500	197407111.709702	9500	183411586.449219	9500	186073734.389687	9500	187284560.974203	9500	188639568.170616	9500	189688968.421040	9500	191334295.914695	9500	192903010.932229
10000	180011375.787524	10000	193665610.304795	10000	195117184.258086	10000	197020060.551049	10000	183621632.073183	10000	186421325.939408	10000	187583585.350905	10000	188334871.755067	10000	190397978.874941	10000	190902197.552887	10000	192354046.650566
10500	180716032.843017	10500	193263425.405239	10500	195979190.486060	10500	197882668.607581	10500	183558685.452954	10500	186546410.950679	10500	188072526.242824	10500	189108273.126814	10500	190574675.430045	10500	191693019.243161	10500	192640083.685600
11000	180452486.862228	11000	193617641.518276	11000	195242750.992771	11000	197477119.943137	11000	183372407.366616	11000	185580905.486221	11000	187578000.723094	11000	188934626.927219	11000	190104633.723906	11000	191108430.541688	11000	192085765.681373
11500	180631310.428626	11500	193766906.277242	11500	195756302.999515	11500	197729804.559585	11500	183775674.951898	11500	186534677.635045	11500	187388451.198627	11500	188393873.433288	11500	190177624.244991	11500	191032596.173851	11500	192968623.779612
12000	180855971.797634	12000	193516003.826840	12000	195705943.649405	12000	198608826.423387	12000	184100457.271437	12000	186991127.434748	12000	187478338.617715	12000	188826370.369859	12000	190028473.145720	12000	190831565.791189	12000	192534263.681261
12500	180324863.549124	12500	194175373.965214	12500	195410850.214504	12500	198775628.360719	12500	182701532.426199	12500	186790740.884545	12500	188133118.443970	12500	188515924.922823	12500	190456007.784800	12500	191077836.261459	12500	191827884.535524
13000	180674869.596212	13000	193690130.543932	13000	196249261.739547	13000	197204722.626630	13000	183484153.420575	13000	186629716.090549	13000	188286693.710836	13000	189214067.260200	13000	190189009.372919	13000	191785967.384861	13000	193367919.155124
13500	180475124.758659	13500	193289797.691016	13500	195433256.585183	13500	197171200.271070	13500	183672440.908559	13500	185594655.445122	13500	188356375.134583	13500	188161750.146547	13500	189664692.788412	13500	191386027.228853	13500	192503647.593599
14000	180010003.493955	14000	194350145.537306	14000	195974332.866109	14000	197272364.858252	14000	183640834.340334	14000	186156889.102428	14000	188001647.238027	14000	189291521.761461	14000	190460840.116975	14000	191376619.080622	14000	192425553.599898
14500	179994962.861213	14500	193591026.094386	14500	195448056.312789	14500	197549324.481381	14500	183961395.307998	14500	186739025.617843	14500	188008835.352578	14500	189146983.799926	14500	189785952.888168	14500	191964707.061491	14500	192373115.284640
15000	180580657.049926	15000	194016193.460549	15000	195492555.023835	15000	197137934.258100	15000	183285832.790815	15000	186461659.013538	15000	187524072.838277	15000	189889055.211782	15000	190391381.322195	15000	192025871.656125	15000	192391236.043456
15500	180633911.350548	15500	194094642.558172	15500	195152202.919624	15500	197446536.318428	15500	183300325.160219	15500	186230847.073019	15500	188212994.370251	15500	188421844.852614	15500	190432750.856436	15500	191254675.106648	15500	192612770.550079
16000	179854163.351725	16000	193453961.913870	16000	195026501.389919	16000	197908027.233208	16000	183110322.410199	16000	186144582.621052	16000	187159221.616199	16000	188021769.766762	16000	190334541.844498	16000	190724464.988583	16000	192341172.736024
16500	179927648.239312	16500	193688068.919215	16500	195671436.714920	16500	197706518.091131	16500	183690855.890162	16500	186677624.520943	16500	187824815.901830	16500	188675984.978541	16500	190458531.414445	16500	191838701.960412	16500	192816813.649152
17000	180651392.516873	17000	193548078.711130	17000	195873288.476446	17000	197499942.918354	17000	183511435.434027	17000	186622902.510334	17000	187660172.584124	17000	189163048.390344	17000	190297034.790976	17000	191530066.914288	17000	193057437.150390
17500	179726382.325626	17500	193281390.316400	17500	195111305.367457	17500	197802855.260380	17500	183050579.222639	17500	186553669.148921	17500	187959732.497952	17500	189144299.672923	17500	189655509.766299	17500	191181421.639429	17500	192079863.597641
18000	180328240.024922	18000	194006837.144353	18000	195845572.680144	18000	197988967.782099	18000	183342183.404552	18000	186602131.612674	18000	187831742.236714	18000	189930745.439769	18000	190341377.041453	18000	191515642.116449	18000	192734665.720481
18500	179988858.499832	18500	193282706.971092	18500	195557112.690014	18500	198058330.760027	18500	184197207.586735	18500	186933127.493107	18500	188401367.211617	18500	189095394.376375	18500	190870694.878841	18500	191993852.692731	18500	192736930.449549
19000	180168914.447477	19000	194306976.713712	19000	195513867.794928	19000	197242192.996385	19000	183176566.054729	19000	186381909.404427	19000	187878328.640814	19000	188951738.637710	19000	190078034.304744	19000	191952838.385105	19000	191969432.403026
19500	179791691.872976	19500	193544912.535756	19500	194577734.321626	19500	197426240.030299	19500	183737319.797667	19500	185455177.800595	19500	188203113.223493	19500	189562499.924480	19500	190150312.922026	19500	191904924.468089	19500	192217328.677556
20000	180000861.387739	20000	194132798.111673	20000	195502749.028528	20000	197921676.712427	20000	183210513.866655	20000	186338426.040698	20000	187744072.467860	20000	188878529.015578	20000	190294965.441026	20000	191111752.825430	20000	192484967.423583
20500	180205701.043015	20500	193512009.898272	20500	195767265.098083	20500	196803657.895454	20500	183590555.626093	20500	186133451.528177	20500	188382913.046094	20500	189282478.928162	20500	189932924.866269	20500	192227064.398849	20500	192219911.583058
21000	180208540.940343	21000	193317303.959398	21000	194820821.881588	21000	198630440.468902	21000	183294986.899878	21000	185944655.381831	21000	187855283.474340	21000	188789490.405347	21000	189973553.966411	21000	191639918.692470	21000	191882045.978324
21500	179886529.095047	21500	193049281.254994	21500	195339888.764543	21500	198514132.921811	21500	183800535.225219	21500	186032096.045302	21500	187834058.265426	21500	189232524.176397	21500	189839556.578334	21500	191875269.742988	21500	192200498.127207
22000	179715216.773115	22000	193619144.828969	22000	195120916.298749	22000	197790638.806168	22000	183625433.142930	22000	185942853.027497	22000	187456704.953021	22000	189460718.071942	22000	189765797.306440	22000	191379686.263284	22000	191920327.125813
22500	180403354.689438	22500	193159448.676581	22500	195185455.381433	22500	197949661.761088	22500	183578105.089270	22500	185364193.396138	22500	188171539.387146	22500	188768910.745798	22500	190211571.509765	22500	191748330.747949	22500	192427123.639455
23000	180678172.539905	23000	193789893.400207	23000	194899574.916711	23000	198170331.809586	23000	183726908.259597	23000	186465421.162487	23000	187720860.875081	23000	188519369.245658	23000	189955691.870893	23000	191433640.860946	23000	192188028.021767
23500	180701275.893902	23500	194430262.805568	23500	195217389.174923	23500	197630241.626131	23500	183795916.152586	23500	186601208.560323	23500	187809590.777525	23500	188825156.721777	23500	190159686.453550	23500	191676606.203668	23500	191776152.436335
24000	179970815.702428	24000	193832977.893872	24000	195152144.143648	24000	197621080.261815	24000	182899021.506334	24000	185718312.411332	24000	188321529.968787	24000	189174482.547290	24000	190317099.520705	24000	191674416.527511	24000	193010189.491430
24500	179890114.455829	24500	193391931.519998	24500	195318815.901432	24500	197733434.505682	24500	183299419.517363	24500	185572926.511967	24500	187754741.914502	24500	188579074.318173	24500	189887568.462789	24500	191201325.131637	24500	192765369.765092
25000	180154924.412413	25000	193351488.239937	25000	195569141.401966	25000	197302230.518022	25000	184233095.215119	25000	186243255.132822	25000	187694755.242187	25000	188857274.905499	25000	190703636.163079	25000	191789277.635452	25000	192106709.917740
25500	179508559.106262	25500	194069722.320317	25500	195377640.080769	25500	198277408.113499	25500	183577806.214783	25500	186373332.870153	25500	187616451.996760	25500	189669042.147947	25500	190601828.303668	25500	191224061.193683	25500	192676458.307523
26000	180027184.430420	26000	193201036.640278	26000	195734686.670930	26000	197930077.148537	26000	183254509.323783	26000	186602952.174001	26000	188254498.739885	26000	188266104.137486	26000	191218492.408747	26000	190912268.377350	26000	191789393.873023
26500	180215075.130607	26500	193154916.056839	26500	195301444.405913	26500	197720980.759244	26500	183175664.955510	26500	185814113.940320	26500	188099990.538795	26500	188546371.457609	26500	190592281.369071	26500	191737727.702550	26500	192607480.925553
27000	179435565.759159	27000	193426046.234155	27000	194240503.997186	27000	197092867.220290	27000	183741630.557796	27000	185252719.737402	27000	187949397.585666	27000	188837585.658078	27000	190179541.647561	27000	191026037.973791	27000	192471014.531426
27500	180230501.207282	27500	193588317.129933	27500	195585574.515406	27500	197510781.302656	27500	183767803.544134	27500	186239974.438373	27500	187257219.377162	27500	188653259.871191	27500	190536415.850681	27500	190765678.190902	27500	192704760.878265
28000	180771643.858467	28000	193861713.655906	28000	195367796.818314	28000	197357179.783181	28000	182680573.534478	28000	185829740.804972	28000	187501475.265499	28000	188019294.451297	28000	190113925.965696	28000	190687368.512593	28000	192068293.164544
28500	179785218.089850	28500	193929781.629333	28500	195334055.982477	28500	197470008.780406	28500	183748475.652318	28500	186550928.291144	28500	187626638.656588	28500	189138002.823998	28500	189936780.807183	28500	191837901.999563	28500	191829648.012690
29000	180143505.026750	29000	193896909.178308	29000	194931397.062637	29000	197534182.669100	29000	183030594.769136	29000	186064972.840442	29000	187851613.544584	29000	188894789.878968	29000	190088384.853978	29000	191449753.510389	29000	192105463.143810
29500	179069526.803537	29500	193323940.585745	29500	195287051.955334	29500	197000119.242814	29500	183136597.558559	29500	187251121.864998	29500	188063872.347117	29500	189175290.889099	29500	190802824.232334	29500	192317995.016041	29500	193452757.761159
30000	179852423.414136	30000	193876038.731333	30000	195305006.212493	30000	197480883.846709	30000	183639227.322598	30000	186405142.482357	30000	188392568.813776	30000	189365716.977404	30000	190285051.355276	30000	191135015.596854	30000	192688008.172059
30500	180742218.529731	30500	193406162.983201	30500	195196802.343272	30500	198067003.927909	30500	183716286.219946	30500	186374722.374373	30500	187652954.382109	30500	189432300.266457	30500	189859282.452025	30500	191636826.028025	30500	192808264.086001
31000	180004292.790216	31000	194011283.402580	31000	195101713.689018	31000	198697151.484656	31000	183535450.751932	31000	186615394.786170	31000	187493309.379076	31000	189388916.831171	31000	190418270.534409	31000	191514460.581712	31000	192656028.993515
31500	180359256.496835	31500	193661365.242062	31500	195415643.097531	31500	197162847.454622	31500	182675610.590649	31500	186374468.330806	31500	187543396.088422	31500	189125883.011614	31500	190445788.215375	31500	191211067.677584	31500	192672356.102326
32000	179799926.220254	32000	194249679.469938	32000	195256864.458731	32000	197378055.074226	32000	183381410.505612	32000	185928319.198103	32000	187095972.216321	32000	188441664.901165	32000	190567372.865300	32000	191239767.212449	32000	191278611.661127
32500	180270081.176729	32500	194094888.479824	32500	195436601.226005	32500	197634659.051975	32500	183548646.787317	32500	186289291.733353	32500	188271073.553543	32500	189474107.484609	32500	189941454.592993	32500	192478987.697972	32500	192698232.236776
33000	180523518.674642	33000	193111919.312114	33000	195300069.080133	33000	197496484.853745	33000	184110474.642347	33000	186034752.872359	33000	188464051.301126	33000	189223710.027007	33000	190345009.835562	33000	191705059.652756	33000	192852640.649783
33500	179663030.216065	33500	193536030.089094	33500	194949105.705669	33500	197220731.594531	33500	183114062.357189	33500	186403851.999628	33500	188212180.771705	33500	189149885.214619	33500	190101635.899256	33500	191910483.012483	33500	193226582.818900
34000	179973771.028864	34000	193460966.946035	34000	195175107.804587	34000	196875699.310559	34000	183108619.535894	34000	186194032.127640	34000	186640982.970867	34000	189562737.784835	34000	190331373.851012	34000	191189661.691470	34000	192006978.672937
34500	180454401.922430	34500	193231726.770732	34500	195688928.808096	34500	197710121.654028	34500	183847727.330032	34500	186242302.671018	34500	186414260.574858	34500	189543994.468497	34500	189957354.474247	34500	191614414.477525	34500	192803613.290632
35000	179381673.756081	35000	193655607.017421	35000	195253644.399170	35000	197776428.961802	35000	183147830.267837	35000	186037415.404666	35000	187895378.810579	35000	189284083.644473	35000	190002929.739668	35000	190864057.514131	35000	192044453.898711
35500	179504461.207612	35500	193897999.596045	35500	194956825.491381	35500	197481776.245006	35500	183277662.730096	35500	185777856.573359	35500	187401268.569310	35500	188659769.696008	35500	189911484.881903	35500	191383350.273532	35500	193055003.879995
36000	180173306.030256	36000	192786149.006556	36000	194557609.214697	36000	198127868.294522	36000	183619454.995304	36000	185509144.591231	36000	188202342.208142	36000	188908590.980221	36000	189019567.241272	36000	191652106.172610	36000	192387315.913102
36500	180661911.904950	36500	193597719.471349	36500	195360325.543838	36500	197285752.205280	36500	184246553.469848	36500	186451533.933776	36500	188588694.316061	36500	188930618.587909	36500	190231538.041310	36500	191486942.009176	36500	192751961.909358
37000	180039081.215127	37000	193835524.048072	37000	195289004.070039	37000	197513525.870878	37000	183715715.890365	37000	186034219.286247	37000	187715352.939313	37000	189228208.984207	37000	190222146.268906	37000	191354158.481007	37000	193392746.831462
37500	180135620.208158	37500	193009404.659901	37500	195253527.523441	37500	196845819.978282	37500	182640572.825318	37500	185739580.626687	37500	187056565.541961	37500	188754001.871760	37500	190554518.717444	37500	190925663.856589	37500	191919842.582356
38000	180189092.778664	38000	193124021.295172	38000	195470780.124850	38000	197051511.305839	38000	183659529.585403	38000	186165095.132210	38000	187122695.391046	38000	189199478.296139	38000	190019631.145937	38000	190961686.157713	38000	192362229.568571
38500	179439121.824289	38500	192878223.334950	38500	194584707.148813	38500	197532651.444581	38500	183490456.174482	38500	185056359.697209	38500	187863387.906163	38500	188336213.347237	38500	189462913.179857	38500	191761743.446829	38500	192504490.449831
39000	179841922.356718	39000	193744799.244142	39000	196173958.063872	39000	197350213.580871	39000	183532768.797381	39000	186501800.260754	39000	187812001.217119	39000	189573784.524437	39000	190499908.342903	39000	191531145.933454	39000	192243861.130094
39500	180482371.676360	39500	194397599.046789	39500	195332611.125988	39500	197653947.710499	39500	184194758.129154	39500	187054361.155253	39500	188051899.854315	39500	188733493.847123	39500	191203839.803788	39500	191285986.123765	39500	192805558.888473
40000	180297784.604329	40000	193973210.597455	40000	195962278.999066	40000	198425283.949613	40000	184047590.316877	40000	186921823.179473	40000	187530812.024253	40000	190302770.267484	40000	190582781.129434	40000	191611396.606418	40000	192107946.654424
40500	179973162.979389	40500	193268432.200006	40500	195369918.518687	40500	197650484.847476	40500	183930958.075330	40500	186363591.269556	40500	188010275.329969	40500	188900722.631944	40500	189766167.082805	40500	191242074.076301	40500	191881840.520731
41000	179842173.514778	41000	193757488.224721	41000	195240801.354975	41000	198501753.289871	41000	183003551.372381	41000	186383561.999702	41000	187638379.750906	41000	188688833.703129	41000	190239793.895424	41000	190950964.505618	41000	193073021.276181
41500	180184346.613926	41500	192874757.005984	41500	195322239.872879	41500	197313094.897676	41500	183628271.210655	41500	186330798.896116	41500	188094777.878860	41500	188941958.497198	41500	189968868.814443	41500	191017344.176194	41500	192521556.631455
42000	179743948.555811	42000	193342551.785087	42000	195558030.143826	42000	198421392.526649	42000	183657450.830791	42000	186245283.106641	42000	187321494.038197	42000	189257456.182114	42000	190431090.179055	42000	191525159.459070	42000	193130918.229580
42500	180524864.594621	42500	194139745.455388	42500	194994504.368249	42500	198180254.062600	42500	183377960.552537	42500	186376730.060076	42500	187155261.871826	42500	188878317.109279	42500	190298471.824492	42500	190862552.317373	42500	192409556.337123
43000	180092539.819191	43000	193427956.204059	43000	195499504.348979	43000	197956037.176108	43000	183648289.407055	43000	186445363.130160	43000	188187429.478100	43000	188754551.105296	43000	190326609.287272	43000	191779615.811298	43000	192067712.803356
43500	179507304.372341	43500	194063049.017297	43500	195492211.039627	43500	197928779.071598	43500	183825366.237611	43500	186094878.338804	43500	187402561.702320	43500	188656093.139893	43500	190439191.319628	43500	191141583.618902	43500	192723392.572497
44000	180250228.053475	44000	194435439.201968	44000	195968593.913481	44000	197277668.167506	44000	183381166.179987	44000	187389592.794076	44000	187947369.609244	44000	189334366.551162	44000	190788315.223729	44000	191452770.166397	44000	191902361.473025
44500	180670249.114691	44500	193516789.563906	44500	195651397.782227	44500	198571483.590261	44500	183350225.529516	44500	186291304.045433	44500	188010924.974441	44500	189294306.824043	44500	190089945.044778	44500	191179109.543435	44500	192583624.808090
45000	179713796.339912	45000	193768502.915360	45000	194761424.516458	45000	197611696.120565	45000	183032477.901298	45000	186104003.181368	45000	187871575.571858	45000	188447232.033247	45000	190033189.682685	45000	190842082.585811	45000	191889153.469024
45500	180407152.341063	45500	193062330.398819	45500	195189566.034205	45500	197806424.427551	45500	184508635.737200	45500	185793172.874130	45500	188366578.214448	45500	189357083.424569	45500	190331059.439379	45500	192158760.870059	45500	192833855.658718
46000	180447040.772907	46000	194078199.159618	46000	195216684.020778	46000	197938003.035164	46000	183879543.321645	46000	185858247.022452	46000	188036051.177934	46000	189306127.418465	46000	190207239.533638	46000	191457401.333471	46000	192535195.607056
46500	180587699.134248	46500	193517499.751641	46500	195619143.352030	46500	197498783.830432	46500	183360212.428362	46500	186892541.700521	46500	188443151.828837	46500	189646310.570248	46500	190809361.737801	46500	192019862.261457	46500	192328099.552826
47000	180189027.962394	47000	193884943.052079	47000	195476454.083476	47000	197468510.616252	47000	183428921.068371	47000	186212578.786863	47000	188090312.788077	47000	188803790.563900	47000	190443260.762191	47000	191041394.696896	47000	192282931.907156
47500	179907730.578086	47500	193440003.580779	47500	195353267.191017	47500	198026141.755738	47500	183670690.308288	47500	186590533.149523	47500	187614360.027838	47500	189055798.073013	47500	189499245.938830	47500	191640885.963887	47500	192176723.973742
48000	180165666.442088	48000	193384704.291597	48000	196105035.110642	48000	197921176.318301	48000	183698375.657397	48000	186277667.581206	48000	187720335.075057	48000	188512842.782936	48000	190520183.638864	48000	190665101.977476	48000	192409756.488329
48500	180804846.373311	48500	194074765.173541	48500	195759155.526644	48500	198464442.797550	48500	183390383.886223	48500	187120883.119443	48500	188141367.340295	48500	188722989.349890	48500	190648143.546376	48500	191704320.956263	48500	192335492.684382
49000	179718779.563223	49000	194123567.083919	49000	195689483.161079	49000	198093554.433658	49000	183064615.261484	49000	185647777.412173	49000	187605508.135722	49000	188723736.438466	49000	190590889.539338	49000	191014122.068535	49000	192809918.562661
49500	179608504.559534	49500	193810251.088982	49500	195549286.671707	49500	197963164.598124	49500	184133823.484737	49500	186232282.926938	49500	187571708.499955	49500	188249160.651041	49500	190610353.019837	49500	191779348.760543	49500	192666644.307488
50000	180055248.276209	50000	193722351.031522	50000	195145108.957265	50000	197461785.294947	50000	183201802.611299	50000	186241432.791548	50000	187638164.621245	50000	188515910.805098	50000	191016034.013563	50000	191616236.469624	50000	193004748.656292
50500	180208530.140789	50500	194035693.932593	50500	195088339.425606	50500	197723195.535980	50500	183493220.978024	50500	186223437.016839	50500	187450557.425912	50500	188870529.965542	50500	190423587.562944	50500	191261849.439887	50500	193201546.451245
51000	180249075.958089	51000	193356864.803223	51000	194917152.721102	51000	197784607.067931	51000	183787729.766960	51000	186451711.269293	51000	187501957.601073	51000	188433907.920658	51000	190236034.465480	51000	191188971.518937	51000	192774351.632051
51500	179983483.440121	51500	194232069.038594	51500	195284810.738180	51500	197696055.975839	51500	182917931.638597	51500	186218788.076385	51500	186972024.724631	51500	189310683.371865	51500	190321346.112677	51500	190346746.073422	51500	192699106.118853
52000	180217059.428934	52000	194395563.550996	52000	194894813.042114	52000	197751566.786644	52000	183838213.572555	52000	186916333.336438	52000	187257703.479671	52000	189074943.267720	52000	189698433.074050	52000	191341582.968784	52000	192286550.694341
52500	180059903.812011	52500	193245094.661110	52500	194563601.617914	52500	197906452.340942	52500	182853487.891431	52500	186268171.381211	52500	187944353.498206	52500	189441620.592025	52500	189869853.461324	52500	191088644.249702	52500	192327332.673146
53000	179921834.079725	53000	193861644.815632	53000	194905981.608757	53000	197760194.843390	53000	183724293.586895	53000	186559223.369623	53000	187645360.630667	53000	188124399.025511	53000	190812683.184685	53000	190754497.072948	53000	192626640.187299
53500	180061420.917717	53500	193820419.995297	53500	195344977.885976	53500	197407889.047168	53500	183792512.089267	53500	186481756.070569	53500	188137858.364048	53500	189741668.452821	53500	190496690.085200	53500	191862972.292589	53500	192161390.307767
54000	180542568.311677	54000	193075470.257461	54000	195879642.610479	54000	197589475.632571	54000	183528009.479592	54000	186305491.060064	54000	188928627.264564	54000	189224609.334903	54000	190796825.815824	54000	192245536.969295	54000	192894783.026845
54500	179683769.119153	54500	193403573.006323	54500	195402524.346759	54500	197485034.509513	54500	183034646.776342	54500	186429959.993855	54500	188020266.494103	54500	189316941.044432	54500	190208548.946144	54500	191665437.514844	54500	192431049.029404
55000	179881870.739491	55000	193417350.874625	55000	195253518.695364	55000	197580731.176724	55000	183496151.182083	55000	186642066.634432	55000	188050830.806055	55000	189923053.619398	55000	190083973.851323	55000	191660404.099292	55000	192853528.732695
55500	180274418.637731	55500	193810306.305095	55500	194738956.856607	55500	197301533.965336	55500	183431137.304412	55500	185845266.664407	55500	188163559.459168	55500	190062964.019960	55500	189861642.706750	55500	191801000.591052	55500	193332836.131435
56000	180829736.871303	56000	193341808.532547	56000	196172627.653771	56000	197981437.107089	56000	183776983.547712	56000	186689297.221832	56000	188268816.589921	56000	189051551.331128	56000	191018494.000552	56000	191940751.392083	56000	191823372.872162
56500	180174261.703429	56500	193086083.614206	56500	195118219.527469	56500	197964240.152621	56500	184105456.192255	56500	185645634.617278	56500	187883197.086404	56500	188631374.758541	56500	189372905.718549	56500	191569335.009123	56500	192517148.589356
57000	180118291.639474	57000	192896180.217066	57000	194916288.866076	57000	197634739.321732	57000	183535523.915952	57000	186286676.565859	57000	187821214.913842	57000	189029099.485557	57000	189269522.929989	57000	191321404.994747	57000	192654271.256732
57500	180096051.941372	57500	194023202.258288	57500	195385224.996598	57500	197670805.590543	57500	183530519.631537	57500	186807538.754402	57500	187719521.835352	57500	189035246.885606	57500	190246049.616503	57500	191602715.508179	57500	192572132.087209
58000	180825800.330634	58000	193973017.878795	58000	195706575.349642	58000	198266575.549547	58000	183018309.006382	58000	186793746.080462	58000	187806874.054599	58000	188609522.240496	58000	191902922.610543	58000	191587139.740471	58000	193347241.255327
58500	180225292.032044	58500	193859234.766405	58500	195728086.602225	58500	197578870.815630	58500	183776426.416801	58500	186078044.672277	58500	188275993.950705	58500	188619945.329760	58500	190369448.477256	58500	191429817.092451	58500	192154616.054692
59000	179661951.840314	59000	193415286.328819	59000	194718369.264262	59000	197647664.475301	59000	183799649.816779	59000	185866261.931173	59000	188327733.631424	59000	188580570.235388	59000	190044570.687713	59000	192414251.778924	59000	192407408.808609
59500	180072806.569139	59500	193693175.608494	59500	194912759.476498	59500	198204189.285449	59500	183854212.126857	59500	185977335.913907	59500	188030411.823635	59500	188918093.934059	59500	190080724.576215	59500	191592453.438595	59500	193173836.073624
60000	179915458.049209	60000	193192545.646606	60000	195313852.660731	60000	198020213.959073	60000	183189675.029235	60000	186392662.096349	60000	188656512.485722	60000	189114938.081714	60000	190298279.984675	60000	191584667.636987	60000	192566159.877131
60500	180323454.615621	60500	193752934.796519	60500	196038024.241041	60500	196969693.825274	60500	183480223.514287	60500	186584536.996367	60500	187766935.840595	60500	189051502.796241	60500	190417607.117775	60500	190941808.228947	60500	192099388.118666
61000	180119794.141104	61000	192766648.497375	61000	194944804.326384	61000	198043656.590401	61000	183117293.048963	61000	185951782.879350	61000	187599396.791831	61000	188927891.391571	61000	189843983.463844	61000	191060004.328706	61000	192980719.878040
61500	180189627.708238	61500	193503525.318981	61500	195490750.222476	61500	197287177.065196	61500	183297636.453567	61500	186519154.541257	61500	188159674.044171	61500	189252382.283505	61500	189892757.643488	61500	191392333.691181	61500	192272694.390419
62000	179516969.450025	62000	193254149.169175	62000	195184674.103415	62000	196784036.883819	62000	183805291.948736	62000	185451918.959489	62000	187934430.598107	62000	189505621.018480	62000	189593668.318444	62000	191500062.345180	62000	192808763.338672
62500	180137709.093203	62500	193798354.816764	62500	196227687.623889	62500	197599230.546318	62500	183544733.933466	62500	186463783.417300	62500	187367299.266061	62500	188850223.399297	62500	190801414.271502	62500	191299346.881252	62500	192662153.032919
63000	181006637.266442	63000	192863099.268774	63000	195645809.146735	63000	197097509.705561	63000	183230317.949170	63000	186208171.975920	63000	187194264.206410	63000	188276043.670824	63000	190160672.819999	63000	190575534.218507	63000	192281448.139629
63500	180953921.871859	63500	193647038.993707	63500	195230285.230172	63500	198017690.477378	63500	183668707.512045	63500	186539533.546717	63500	187352638.616452	63500	189556548.099846	63500	189718349.854246	63500	191142677.896785	63500	192583881.389120
64000	180140401.846702	64000	194215788.825771	64000	195905015.731553	64000	197285602.775971	64000	183215175.316780	64000	186081353.864204	64000	187516087.835059	64000	189388602.918609	64000	190337149.135755	64000	190757722.189348	64000	192369234.790262
64500	180693976.733533	64500	193846487.543191	64500	196334888.223235	64500	196617065.489034	64500	184224605.874482	64500	186793155.855827	64500	187800465.010554	64500	189203415.149840	64500	190651189.574736	64500	191486575.586278	64500	192323908.678059
65000	179919212.734322	65000	193654092.591794	65000	195377024.604386	65000	196876966.024947	65000	182921701.713339	65000	187060152.255855	65000	188227651.591607	65000	189218690.729528	65000	190889616.372061	65000	191262173.181835	65000	193120665.098153
65500	180199256.558318	65500	193907636.107721	65500	195162639.718035	65500	196911583.504307	65500	183109957.369957	65500	186336555.246881	65500	187263764.689318	65500	189095422.730126	65500	190211086.480018	65500	190768405.810051	65500	192924943.129825
66000	180307087.368146	66000	194057665.940566	66000	194913055.287114	66000	196877946.567490	66000	183059732.197558	66000	186723890.835759	66000	187843626.895399	66000	189085163.610223	66000	190396641.094172	66000	191576983.147496	66000	192353950.373667
66500	180364998.734380	66500	193722652.268957	66500	195423261.526075	66500	196745220.349095	66500	183661837.600545	66500	186591328.516791	66500	187575568.645528	66500	189268904.260047	66500	189977684.723992	66500	191617346.703314	66500	192147443.558758
67000	180515336.829970	67000	193802053.813202	67000	195738715.020674	67000	197752772.692868	67000	183946460.355446	67000	186913814.273762	67000	188201676.660488	67000	189107803.317948	67000	190451164.257584	67000	191581931.450440	67000	192445868.630540
67500	180353205.576060	67500	193373787.920746	67500	195398702.691345	67500	197759327.335660	67500	183136699.081262	67500	186273831.777935	67500	187137282.386098	67500	188634226.600418	67500	190182034.116279	67500	191170594.059754	67500	192270309.919061
68000	180720110.553744	68000	194063683.386939	68000	196000700.133886	68000	198294742.734585	68000	183618236.459949	68000	187381207.690626	68000	187872535.318406	68000	189357562.189313	68000	190346811.144031	68000	191667671.131785	68000	192517953.672021
68500	180689996.915650	68500	193608679.443569	68500	195225022.837697	68500	198195683.012088	68500	183540077.556649	68500	185666742.505618	68500	187876607.647059	68500	189916589.912385	68500	189519437.593498	68500	191537704.692057	68500	192401337.787059
69000	179850469.392774	69000	193389713.271985	69000	194984567.733802	69000	197854899.416703	69000	183433859.668780	69000	186033300.845983	69000	187863825.272740	69000	189137745.088035	69000	190259612.023915	69000	191349883.628126	69000	192504525.068039
69500	179918266.492795	69500	193711270.507430	69500	195026531.737058	69500	198177695.787090	69500	182835156.574377	69500	186176378.623299	69500	187221488.798073	69500	189017028.349439	69500	189965929.092681	69500	190762631.368820	69500	191777254.625940
70000	179692069.344397	70000	193226573.371309	70000	195809234.342775	70000	198112086.300057	70000	183144430.990423	70000	187067079.326608	70000	187216537.033535	70000	188816559.982938	70000	190310324.080153	70000	191057071.722631	70000	191808888.826445
70500	180178956.083921	70500	192942557.524813	70500	195735689.891688	70500	197327115.341492	70500	183532031.685522	70500	186528358.606494	70500	188125915.647159	70500	189281833.790493	70500	189717787.418825	70500	191802783.409979	70500	193218195.881824
71000	180451428.340684	71000	193727718.170858	71000	195232942.639784	71000	198207768.203349	71000	182898017.477672	71000	186875000.307633	71000	187917131.776361	71000	189057260.245208	71000	190262784.912859	71000	190930894.660292	71000	192805652.644476
71500	180236147.878631	71500	193404305.932407	71500	194840482.413395	71500	197311438.750432	71500	183759721.823043	71500	186300033.582913	71500	187830989.453367	71500	189097392.590374	71500	190428806.016085	71500	190984456.201890	71500	192453740.500415
72000	180537299.716132	72000	193509085.844760	72000	196253595.211511	72000	197161339.625665	72000	183970834.900756	72000	187288746.840159	72000	187639927.025528	72000	188855890.283424	72000	190845688.603364	72000	191632389.061810	72000	192022941.147658
72500	180382448.852103	72500	193393505.185173	72500	196193787.796490	72500	197502723.743058	72500	183453460.578185	72500	187275196.072777	72500	187098073.330847	72500	188710751.616802	72500	190747219.752982	72500	191057949.380422	72500	192842904.785833
73000	180437772.196909	73000	193185565.555964	73000	195460583.975378	73000	197173491.798618	73000	182837571.195879	73000	185952730.829457	73000	188217806.777499	73000	188434085.693805	73000	190647400.969512	73000	191261989.310143	73000	193016223.855944
73500	180267469.043802	73500	193542645.449595	73500	195061333.255053	73500	198017623.272437	73500	183988410.496274	73500	186815225.926103	73500	187549018.110035	73500	188923488.149221	73500	190008904.681985	73500	191938104.235728	73500	192754283.422664
74000	180238710.121879	74000	192725723.539083	74000	195644883.591228	74000	197930882.184574	74000	184003018.972853	74000	186733842.521095	74000	187033571.059499	74000	189188911.366140	74000	189750323.442633	74000	191565300.160405	74000	192684250.227353
74500	180150465.629799	74500	193663493.421372	74500	195098355.468681	74500	198068118.797127	74500	183879180.539303	74500	186588656.728451	74500	188345438.577781	74500	189491618.829664	74500	190555640.132817	74500	191767081.707284	74500	192954470.416259
75000	180265153.259183	75000	192406574.482310	75000	195249019.937233	75000	198443880.240317	75000	183169672.107946	75000	186182215.253020	75000	188105377.234741	75000	188701492.261065	75000	189892838.048381	75000	191675336.324703	75000	192944295.238919
75500	180955681.742966	75500	194005662.168223	75500	195644847.780170	75500	197198633.234619	75500	183726161.783907	75500	186450328.244756	75500	187224777.374594	75500	189252759.290392	75500	190375166.860751	75500	190841805.222997	75500	192543389.381732
76000	179940561.311885	76000	193553966.567240	76000	195418471.681531	76000	197706346.918847	76000	183638665.070754	76000	186519176.004927	76000	187972369.545165	76000	188889094.595511	76000	189216279.303820	76000	191394338.788807	76000	193037383.989454
76500	180218024.799506	76500	192853242.201993	76500	195303500.197909	76500	197481457.329474	76500	183161100.851101	76500	186206107.289296	76500	188362631.188028	76500	188974313.957834	76500	189808624.728473	76500	191176487.155061	76500	192488178.780931
77000	180152462.401238	77000	193681667.014808	77000	195568796.357643	77000	197385340.317594	77000	183052653.279023	77000	186594509.057206	77000	186863755.387021	77000	189535464.687956	77000	189732246.208408	77000	191096905.447867	77000	192539834.886840
77500	179690461.854255	77500	194173632.435050	77500	195102494.563152	77500	198292176.648389	77500	183209331.967726	77500	187113124.464420	77500	188024764.286652	77500	189167376.704510	77500	189955203.515111	77500	191402717.634310	77500	192360061.409646
78000	180430308.527929	78000	193893080.205834	78000	195285456.701913	78000	197266414.269148	78000	184280280.605604	78000	186133364.227383	78000	188604881.926318	78000	189549621.552565	78000	190185060.759289	78000	191320868.150094	78000	192870810.858928
78500	180380529.111780	78500	193934164.866688	78500	195423663.685337	78500	197956927.077998	78500	183467704.316406	78500	186675219.980165	78500	187525089.072656	78500	189087415.475750	78500	190317289.568307	78500	191289297.700839	78500	192618077.196384
79000	180332696.988112	79000	194103877.939146	79000	195532837.520470	79000	197223784.060379	79000	183282760.615563	79000	186057876.054283	79000	187228864.461443	79000	189680143.140047	79000	190253821.442332	79000	191243876.497529	79000	192242859.886752
79500	180096260.160223	79500	193486839.356774	79500	195278895.412309	79500	197166019.053226	79500	183895235.553027	79500	186379075.590192	79500	188312740.612867	79500	189510036.700098	79500	189297001.459070	79500	192269095.100042	79500	191921372.393353
80000	180340286.558261	80000	194711418.886010	80000	196038272.308856	80000	197356594.488031	80000	183798633.355115	80000	186400155.273979	80000	187928481.703568	80000	189474024.475927	80000	190616866.402855	80000	191682139.278917	80000	192299213.012309
80500	180290443.238843	80500	194463509.683008	80500	195735176.247397	80500	197630445.542357	80500	184067313.829968	80500	186428906.167637	80500	188424717.303119	80500	188807055.140077	80500	190193854.906854	80500	191442792.719289	80500	193100531.231612
81000	179860983.604595	81000	193691993.581140	81000	195656666.578743	81000	197858130.106536	81000	183157259.713993	81000	186350392.758386	81000	188140598.083540	81000	188793571.759091	81000	190101023.202525	81000	191384878.379448	81000	192042287.021989
81500	179965303.220006	81500	192920458.039938	81500	194408396.964077	81500	197682507.256893	81500	183377635.810246	81500	185777598.340651	81500	187197205.733213	81500	188988009.058138	81500	188901999.819062	81500	190296938.066991	81500	192388804.159526
82000	180511894.925112	82000	192759867.490386	82000	195961795.431921	82000	197788563.819214	82000	183132276.670089	82000	186076887.178038	82000	187087905.360933	82000	188437637.921795	82000	190296742.164256	82000	189882735.688033	82000	192000866.449971
82500	180062635.989086	82500	192392053.483433	82500	195712780.131723	82500	198040691.478537	82500	183194859.189037	82500	186426389.101485	82500	187752274.656478	82500	188922454.270501	82500	190493365.270096	82500	191149849.482202	82500	192573612.721748
83000	179859176.386334	83000	193416424.828173	83000	194501734.428517	83000	197585702.188957	83000	183413843.047895	83000	186032889.675637	83000	188322841.054527	83000	189196054.670105	83000	190028277.376982	83000	191328205.411693	83000	193298698.543497
83500	179931781.953421	83500	193707991.086416	83500	194941741.734048	83500	197276014.239573	83500	183773845.173488	83500	186431569.060547	83500	187803653.558599	83500	188962693.394711	83500	190341145.062163	83500	191233907.954053	83500	192612908.526537
84000	179577040.479541	84000	193728814.752724	84000	195290690.431878	84000	197132783.308500	84000	183530194.466300	84000	186892634.129288	84000	187042810.201984	84000	189285306.892166	84000	191319792.794066	84000	191143694.536982	84000	192583195.261782
84500	179558487.986299	84500	193290804.562078	84500	195451734.819719	84500	197614870.884145	84500	183441100.167049	84500	186814720.814778	84500	187930876.935948	84500	189155130.270716	84500	190269466.262878	84500	191438113.915278	84500	193068622.450691
85000	179572218.454675	85000	193442278.920791	85000	195972683.709923	85000	198090205.984084	85000	183311103.366620	85000	187274987.460039	85000	187190821.405725	85000	188803562.524859	85000	191257509.311873	85000	191404917.177594	85000	192932831.872261
85500	180161486.914037	85500	193366011.354679	85500	195800663.013677	85500	197837357.333318	85500	183371432.745753	85500	186311334.018929	85500	187541649.693156	85500	188985440.573270	85500	190012380.788492	85500	191235106.554438	85500	193282247.027745
86000	180436427.480697	86000	194131555.124961	86000	196192540.578473	86000	198063714.591604	86000	182554054.044031	86000	186575587.587118	86000	188475286.038485	86000	189194244.667019	86000	190247330.285806	86000	191273497.828328	86000	192465106.579969
86500	180543576.977371	86500	193466527.670813	86500	195738752.804968	86500	197364421.805658	86500	183406463.002478	86500	186593668.751428	86500	188223198.343193	86500	189278137.745352	86500	189902872.628067	86500	191426864.369256	86500	192011884.666190
87000	180008895.420490	87000	194030701.487747	87000	196102571.027815	87000	197801635.931905	87000	183368710.709196	87000	186525463.150144	87000	186767824.925189	87000	189492098.139795	87000	190251580.136174	87000	190745265.215332	87000	191904477.090558
87500	180585867.597397	87500	192946847.585263	87500	195846447.648102	87500	197491058.160851	87500	183364472.709538	87500	186989179.917427	87500	187325665.040179	87500	188976430.272051	87500	190662709.869915	87500	191226165.419911	87500	192665410.279116
88000	180249408.730817	88000	194106769.222901	88000	195167179.223519	88000	197334784.817896	88000	183931311.945572	88000	186472054.047979	88000	187176580.693758	88000	188970460.396754	88000	189717068.553882	88000	190706459.989462	88000	192991880.511050
88500	179805506.860617	88500	193359390.292095	88500	194683786.182002	88500	197190369.064103	88500	183027177.151838	88500	186680451.329078	88500	187862656.675774	88500	189381606.410304	88500	190273879.337129	88500	190946495.468720	88500	191935506.335462
89000	180166082.066931	89000	193665185.688531	89000	195003548.221954	89000	197617706.884180	89000	182603472.116537	89000	186230928.382418	89000	187973530.556702	89000	189042457.142085	89000	189904112.736142	89000	191620359.589669	89000	192791301.087908
89500	180099626.243683	89500	193452599.650994	89500	195348969.539170	89500	197983405.391208	89500	183619441.978061	89500	185928827.146051	89500	188360530.492151	89500	189410904.349497	89500	189796794.585230	89500	192279858.267193	89500	193222552.684490
90000	179579827.449503	90000	193010184.585412	90000	195485364.893677	90000	197336607.321011	90000	183587092.127924	90000	186131189.307531	90000	188896794.382751	90000	188968890.466544	90000	190001524.285664	90000	191883847.096837	90000	192733963.467517
90500	180288355.160813	90500	193804883.465504	90500	195409977.137093	90500	197477351.087988	90500	183197307.727526	90500	185936768.974380	90500	188058216.461097	90500	189399108.869327	90500	191241465.157213	90500	191020719.198208	90500	192358369.819204
91000	180597087.261222	91000	193640655.246585	91000	195296449.868814	91000	197664448.722313	91000	184015172.289686	91000	186468974.959340	91000	188530371.856475	91000	189157917.203164	91000	190691545.798304	91000	191649074.947987	91000	192443239.892156
91500	180482954.300479	91500	194006761.366580	91500	195657869.356957	91500	197706446.865774	91500	184381469.719214	91500	186398907.111643	91500	187807794.478559	91500	189106963.738700	91500	190404790.869147	91500	191490918.090546	91500	192759887.175595
92000	179874574.608541	92000	193864740.419858	92000	194976456.757037	92000	198193338.992861	92000	183711749.191693	92000	186299511.422377	92000	188163390.442316	92000	189169620.319582	92000	190600394.954899	92000	192042772.591277	92000	192668202.499709
92500	179994607.530426	92500	193472730.680014	92500	195298832.457041	92500	197665715.172029	92500	183569118.133636	92500	186278327.817834	92500	188135440.523611	92500	189579319.037053	92500	190221619.652167	92500	191108331.623062	92500	192157965.543601
93000	180034378.735452	93000	193195002.438604	93000	195039949.519446	93000	197914432.227738	93000	183272995.334682	93000	186754798.148354	93000	186982180.669358	93000	188916298.118892	93000	190274303.314615	93000	191289203.955104	93000	192436549.054078
93500	180095228.055545	93500	192711141.352428	93500	195434595.746291	93500	197618099.064139	93500	182905398.486940	93500	186332951.912407	93500	187647910.783844	93500	188613222.901462	93500	189822048.727593	93500	190631765.414183	93500	192391026.077574
94000	180187135.571862	94000	193883560.513893	94000	195087556.452878	94000	196795933.555721	94000	183724816.993372	94000	186644779.821151	94000	187223979.662180	94000	188812325.850674	94000	190338520.425869	94000	191544567.823702	94000	191982375.577276
94500	180278894.135059	94500	193255991.195101	94500	196112243.195237	94500	197370182.617935	94500	183525058.429604	94500	187221913.099821	94500	188326994.536119	94500	189062337.728605	94500	190550706.454605	94500	191987796.282447	94500	192115085.516751
95000	179725844.411596	95000	193509287.967773	95000	195633691.679548	95000	198514977.283451	95000	183611028.357872	95000	185903786.184511	95000	187395154.505528	95000	188982088.043731	95000	190709825.155038	95000	191880800.014808	95000	192341437.178683
95500	179336350.746391	95500	192756164.026154	95500	195199272.929470	95500	197435697.379273	95500	184011554.663013	95500	186141324.133389	95500	187763318.029991	95500	188998072.179608	95500	190972244.322408	95500	191039044.289952	95500	193789468.851382
96000	179536050.134688	96000	194250501.528380	96000	196115824.693118	96000	196913137.714041	96000	183659813.572040	96000	186102932.727882	96000	187205633.070658	96000	188811933.224775	96000	190144774.026098	96000	190676093.937851	96000	192963983.378555
96500	180621834.249580	96500	194104252.406610	96500	195707986.847653	96500	197484493.732175	96500	183441188.279260	96500	186646943.514513	96500	187885065.845769	96500	188423548.327883	96500	190123848.976097	96500	191258139.456910	96500	193217840.884947
97000	180235907.570777	97000	193528963.568361	97000	195619436.984436	97000	198057219.299650	97000	183918804.020366	97000	185698577.737390	97000	187912060.646604	97000	189439429.233840	97000	189903086.510275	97000	191768917.296584	97000	192578072.452741
97500	180185368.044961	97500	194395230.269172	97500	196204959.120106	97500	196958727.884022	97500	183447504.938465	97500	186594352.630121	97500	187215028.320524	97500	188704675.171034	97500	190425223.092927	97500	191329208.717671	97500	192502349.661330
98000	180198603.239608	98000	193783220.548363	98000	195972809.355550	98000	197633063.333136	98000	182998053.696205	98000	186028787.600604	98000	188526251.781302	98000	188398284.396659	98000	190366152.569053	98000	192295497.188888	98000	192915084.051354
98500	180309172.286868	98500	193917807.023350	98500	195364705.432705	98500	198095849.312109	98500	183284493.508828	98500	185710264.235553	98500	187908894.559705	98500	189475985.440454	98500	189778538.981836	98500	191773667.999833	98500	193228599.135028
99000	180407346.222155	99000	193463820.332541	99000	195517736.137310	99000	197000635.170768	99000	183439106.297137	99000	186178306.902422	99000	187703604.114286	99000	189066618.316532	99000	190033793.831247	99000	191474361.467396	99000	192873106.698713
99500	180095969.214152	99500	193276514.905691	99500	195389212.747186	99500	197496029.163283	99500	183251328.412924	99500	186752366.925420	99500	187697516.459609	99500	189273904.194120	99500	190922332.539985	99500	191491989.972904	99500	193117782.833516
100000	179627296.928075	100000	193640378.962247	100000	194858496.820302	100000	197073611.975942	100000	183694869.549696	100000	186314333.331351	100000	188489131.145161	100000	189321368.367834	100000	190484654.020969	100000	191596961.971014	100000	192705059.172873
