    1 230.1
    2 230.1
    3 232.8
    4 230.9
    5 237.3
    6 233.6
    7 235.2
    8 238.3
    9 236.4
   10 240.4
   11 240.2
   12 236.7
   13 234.0
   14 238.8
   15 238.8
   16 237.1
   17 236.3
   18 235.0
   19 236.0
   20 236.6
   21 237.5
   22 236.0
   23 238.7
   24 235.9
   25 237.8
   26 235.9
   27 233.0
   28 238.0
   29 236.1
   30 232.1
   31 233.4
   32 234.0
   33 234.9
   34 234.6
   35 234.6
   36 231.7
   37 230.0
   38 230.3
   39 238.9
   40 238.7
   41 233.4
   42 230.2
   43 232.0
   44 232.0
   45 229.2
   46 231.3
   47 236.3
   48 239.6
   49 239.5
   50 242.8
   51 240.5
   52 237.9
   53 238.9
   54 233.1
   55 229.0
   56 228.9
   57 226.0
   58 223.7
   59 221.1
   60 220.3
   61 218.4
   62 222.5
   63 224.8
   64 224.1
   65 220.9
   66 221.3
   67 222.6
   68 229.7
   69 230.0
   70 231.8
   71 233.7
   72 237.8
   73 240.3
   74 239.9
   75 241.9
   76 241.4
   77 241.8
   78 241.8
   79 242.0
   80 238.8
   81 231.9
   82 232.8
   83 235.3
   84 241.7
   85 239.7
   86 242.7
   87 241.3
   88 239.2
   89 236.7
   90 240.5
   91 242.9
   92 244.2
   93 235.8
   94 236.3
   95 230.4
   96 230.5
   97 231.2
   98 236.3
   99 231.4
  100 232.1
  101 232.7
  102 231.9
  103 228.9
  104 226.4
  105 229.0
  106 226.4
  107 231.4
  108 234.6
  109 233.8
  110 233.9
  111 233.9
  112 235.7
  113 238.2
  114 234.3
  115 236.6
  116 235.0
  117 236.2
  118 231.2
  119 231.4
  120 232.0
  121 230.4
  122 230.9
  123 236.7
  124 236.6
  125 236.4
  126 240.6
  127 233.4
  128 235.2
  129 237.0
  130 233.7
  131 243.1
  132 240.2
  133 237.3
  134 238.6
  135 237.9
  136 232.9
  137 236.3
  138 231.2
  139 230.5
  140 236.5
  141 241.8
  142 236.8
  143 233.4
  144 231.1
  145 229.6
  146 236.9
  147 232.7
  148 232.4
  149 235.6
  150 237.3
  151 241.6
  152 231.5
  153 231.3
  154 226.6
  155 225.2
  156 223.2
  157 231.1
  158 227.0
  159 231.7
  160 236.6
  161 235.8
  162 239.3
  163 235.3
  164 233.5
  165 234.2
  166 235.9
  167 233.8
  168 231.7
  169 233.2
  170 236.0
  171 235.4
  172 238.2
  173 236.0
  174 240.9
  175 236.9
  176 233.0
  177 236.0
  178 233.2
  179 232.4
  180 238.7
  181 236.3
  182 237.8
  183 231.3
  184 230.1
  185 230.3
  186 232.4
  187 232.1
  188 235.1
  189 234.1
  190 238.9
  191 232.7
  192 235.7
  193 238.9
  194 235.9
  195 235.6
  196 238.7
  197 240.5
  198 237.8
  199 237.6
  200 236.3
  201 234.8
  202 239.3
  203 239.3
  204 239.4
  205 242.7
  206 242.4
  207 241.1
  208 231.4
  209 231.8
  210 231.0
  211 230.7
  212 234.2
  213 235.5
  214 236.5
  215 238.2
  216 231.6
  217 228.3
  218 227.5
  219 225.1
  220 229.1
  221 229.3
  222 225.3
  223 229.6
  224 227.4
  225 223.8
  226 219.5
  227 214.0
  228 213.0
  229 213.7
  230 214.7
  231 216.0
  232 217.3
  233 219.6
  234 220.6
  235 220.6
  236 219.4
  237 218.6
  238 221.2
  239 221.5
  240 218.0
  241 210.5
  242 216.3
  243 219.6
  244 223.8
  245 224.5
  246 226.3
  247 224.9
  248 227.3
  249 227.6
  250 226.8
  251 229.1
  252 224.8
  253 223.7
  254 225.2
  255 225.9
  256 222.5
  257 222.4
  258 227.4
  259 225.3
  260 229.7
  261 224.0
  262 223.7
  263 222.6
  264 219.3
  265 209.6
  266 214.2
  267 216.7
  268 217.3
  269 216.5
  270 215.5
  271 212.3
  272 214.7
  273 216.4
  274 212.2
  275 212.5
  276 207.8
  277 212.4
  278 215.1
  279 211.5
  280 209.1
  281 213.2
  282 216.2
  283 220.8
  284 224.8
  285 225.8
  286 220.9
  287 221.5
  288 220.7
  289 219.3
  290 216.0
  291 214.5
  292 216.1
  293 212.1
  294 211.8
  295 212.9
  296 212.4
  297 211.8
  298 215.9
  299 216.5
  300 223.4
  301 218.5
  302 218.8
  303 213.8
  304 213.7
  305 209.6
  306 206.1
  307 211.1
  308 208.3
  309 207.5
  310 209.8
  311 210.7
  312 211.8
  313 214.1
  314 210.9
  315 213.2
  316 214.1
  317 215.6
  318 219.8
  319 219.3
  320 219.1
  321 222.6
  322 222.3
  323 224.3
  324 227.4
  325 224.9
  326 223.1
  327 222.3
  328 216.0
  329 216.4
  330 220.2
  331 214.7
  332 213.7
  333 216.8
  334 220.0
  335 219.5
  336 221.2
  337 218.2
  338 221.9
  339 224.7
  340 223.4
  341 218.3
  342 217.2
  343 213.6
  344 215.1
  345 215.7
  346 216.1
  347 215.6
  348 218.8
  349 215.1
  350 219.7
  351 219.3
  352 219.0
  353 214.9
  354 217.6
  355 219.3
  356 215.1
  357 217.1
  358 216.1
  359 215.2
  360 214.5
  361 209.6
  362 212.2
  363 210.8
  364 215.8
  365 220.6
  366 221.2
  367 223.8
  368 223.1
  369 226.3
  370 223.5
  371 223.0
  372 225.7
  373 226.3
  374 222.9
  375 222.6
  376 222.9
  377 223.6
  378 222.8
  379 219.7
  380 218.8
  381 217.9
  382 217.4
  383 215.3
  384 216.5
  385 214.3
  386 217.6
  387 215.8
  388 215.0
  389 216.8
  390 217.2
  391 215.7
  392 218.4
  393 218.8
  394 221.4
  395 221.2
  396 222.1
  397 215.9
  398 218.1
  399 210.6
  400 212.8
  401 219.3
  402 222.3
  403 220.4
  404 222.3
  405 222.3
  406 222.2
  407 224.0
  408 224.2
  409 222.8
  410 220.0
  411 218.3
  412 220.8
  413 218.7
  414 217.6
  415 219.3
  416 225.7
  417 225.4
  418 222.1
  419 218.1
  420 217.5
  421 218.8
  422 220.1
  423 222.2
  424 217.2
  425 218.0
  426 218.0
  427 215.1
  428 217.4
  429 214.7
  430 213.4
  431 216.7
  432 213.9
  433 208.8
  434 211.3
  435 215.7
  436 221.1
  437 217.7
  438 217.7
  439 218.4
  440 218.2
  441 220.0
  442 222.9
  443 217.0
  444 223.0
  445 224.9
  446 226.7
  447 223.5
  448 226.1
  449 232.6
  450 230.2
  451 229.8
  452 225.7
  453 226.5
  454 223.7
  455 222.7
  456 221.8
  457 221.2
  458 220.7
  459 217.3
  460 221.2
  461 222.7
  462 220.7
  463 218.9
  464 220.6
  465 220.6
  466 219.9
  467 225.0
  468 225.4
  469 227.0
  470 225.1
  471 228.6
  472 228.6
  473 230.8
  474 223.8
  475 222.1
  476 224.8
  477 229.4
  478 223.1
  479 219.2
  480 219.5
  481 225.0
  482 222.6
  483 224.5
  484 224.9
  485 227.8
  486 227.0
  487 226.3
  488 225.7
  489 228.7
  490 224.6
  491 223.4
  492 220.1
  493 219.2
  494 226.3
  495 226.3
  496 221.4
  497 221.4
  498 220.1
  499 222.0
  500 219.2
  501 225.7
  502 220.6
  503 220.3
  504 219.4
  505 220.0
  506 218.4
  507 215.3
  508 217.9
  509 223.8
  510 225.4
  511 222.8
  512 217.4
  513 221.1
  514 222.0
  515 219.0
  516 219.8
  517 222.0
  518 220.3
  519 220.2
  520 221.4
  521 217.8
  522 219.2
  523 220.2
  524 218.6
  525 211.1
  526 213.2
  527 209.7
  528 205.8
  529 209.0
  530 210.2
  531 212.9
  532 220.5
  533 219.9
  534 220.5
  535 223.8
  536 217.6
  537 224.7
  538 219.6
  539 219.3
  540 224.8
  541 217.1
  542 219.2
  543 217.1
  544 219.3
  545 216.8
  546 216.1
  547 217.4
  548 219.1
  549 219.2
  550 217.7
  551 215.3
  552 215.2
  553 218.4
  554 219.3
  555 219.7
  556 219.1
  557 218.7
  558 218.9
  559 214.3
  560 216.6
  561 213.4
  562 216.3
  563 218.7
  564 219.3
  565 221.3
  566 223.0
  567 221.3
  568 222.1
  569 219.3
  570 223.3
  571 225.1
  572 221.9
  573 223.1
  574 220.1
  575 221.3
  576 220.6
  577 218.1
  578 218.0
  579 219.4
  580 219.8
  581 217.4
  582 219.8
  583 219.8
  584 223.2
  585 217.9
  586 216.6
  587 214.6
  588 217.0
  589 210.5
  590 211.2
  591 208.4
  592 212.1
  593 212.1
  594 211.9
  595 220.0
  596 213.5
  597 213.8
  598 214.8
  599 213.7
  600 214.8
  601 217.0
  602 218.6
  603 214.9
  604 217.5
  605 212.7
  606 215.5
  607 215.5
  608 215.5
  609 218.2
  610 216.0
  611 219.2
  612 216.8
  613 216.0
  614 218.0
  615 214.6
  616 213.6
  617 217.8
  618 219.3
  619 220.7
  620 219.1
  621 219.3
  622 219.4
  623 222.2
  624 219.3
  625 220.5
  626 219.9
  627 216.5
  628 215.8
  629 217.1
  630 216.6
  631 221.8
  632 222.4
  633 222.9
  634 224.8
  635 224.4
  636 223.4
  637 226.6
  638 220.5
  639 218.6
  640 220.6
  641 217.4
  642 216.3
  643 217.8
  644 217.8
  645 214.0
  646 218.3
  647 216.1
  648 210.0
  649 205.9
  650 201.9
  651 200.0
  652 201.9
  653 195.5
  654 196.9
  655 200.6
  656 200.5
  657 200.3
  658 203.6
  659 209.4
  660 209.7
  661 218.2
  662 216.8
  663 218.4
  664 214.8
  665 210.7
  666 213.8
  667 217.0
  668 215.2
  669 212.8
  670 213.4
  671 212.1
  672 205.9
  673 209.7
  674 209.7
  675 207.2
  676 199.4
  677 201.3
  678 206.4
  679 211.7
  680 211.7
  681 212.9
  682 209.6
  683 208.0
  684 213.0
  685 215.5
  686 214.0
  687 211.0
  688 216.0
  689 215.4
  690 214.4
  691 215.2
  692 217.4
  693 213.5
  694 213.7
  695 215.3
  696 214.4
  697 216.6
  698 210.9
  699 208.7
  700 209.4
  701 210.9
  702 206.5
  703 205.1
  704 203.7
  705 201.8
  706 207.6
  707 207.2
  708 208.4
  709 209.6
  710 203.6
  711 203.2
  712 204.5
  713 204.0
  714 206.3
  715 203.3
  716 203.5
  717 206.0
  718 204.5
  719 204.6
  720 200.7
  721 200.0
  722 199.2
  723 198.9
  724 190.4
  725 186.0
  726 193.4
  727 195.0
  728 200.5
  729 199.7
  730 199.1
  731 197.1
  732 192.9
  733 193.3
  734 190.9
  735 193.1
  736 199.4
  737 199.3
  738 200.6
  739 203.8
  740 199.0
  741 193.3
  742 191.6
  743 198.4
  744 196.4
  745 197.6
  746 202.9
  747 202.6
  748 200.3
  749 202.2
  750 199.7
  751 196.0
  752 195.9
  753 202.1
  754 203.2
  755 205.8
  756 207.4
  757 203.0
  758 202.2
  759 203.1
  760 197.3
  761 198.3
  762 202.0
  763 200.4
  764 200.8
  765 200.5
  766 202.3
  767 201.9
  768 203.5
  769 196.6
  770 198.9
  771 200.8
  772 201.1
  773 198.2
  774 200.6
  775 201.7
  776 205.0
  777 199.9
  778 203.1
  779 201.2
  780 197.2
  781 202.5
  782 200.7
  783 198.9
  784 195.4
  785 197.3
  786 199.2
  787 197.6
  788 195.2
  789 195.3
  790 194.0
  791 193.1
  792 197.7
  793 191.8
  794 192.9
  795 199.1
  796 203.2
  797 198.0
  798 198.3
  799 197.7
  800 199.0
  801 197.7
  802 200.0
  803 197.7
  804 198.9
  805 199.7
  806 203.2
  807 203.9
  808 200.7
  809 200.7
  810 200.6
  811 201.2
  812 199.4
  813 199.6
  814 196.5
  815 194.8
  816 192.5
  817 197.7
  818 199.6
  819 200.1
  820 201.0
  821 202.8
  822 202.0
  823 197.5
  824 198.1
  825 202.2
  826 196.2
  827 194.1
  828 195.1
  829 197.0
  830 205.5
  831 202.3
  832 200.9
  833 198.7
  834 196.0
  835 193.8
  836 191.0
  837 193.1
  838 189.8
  839 188.4
  840 187.9
  841 185.9
  842 186.0
  843 190.4
  844 189.8
  845 190.5
  846 188.8
  847 188.8
  848 191.2
  849 191.9
  850 190.4
  851 190.7
  852 190.7
  853 187.8
  854 188.4
  855 184.5
  856 188.7
  857 188.4
  858 187.1
  859 185.3
  860 186.4
  861 187.5
  862 185.4
  863 180.0
  864 182.6
  865 186.3
  866 181.1
  867 183.4
  868 181.9
  869 182.6
  870 178.1
  871 181.0
  872 180.9
  873 182.8
  874 182.7
  875 182.3
  876 183.6
  877 186.0
  878 188.4
  879 186.6
  880 181.8
  881 180.9
  882 180.2
  883 183.1
  884 180.7
  885 183.4
  886 180.6
  887 183.9
  888 180.6
  889 182.5
  890 180.7
  891 185.8
  892 188.7
  893 188.9
  894 189.7
  895 193.4
  896 192.7
  897 193.1
  898 192.6
  899 192.6
  900 195.1
  901 195.4
  902 192.3
  903 190.7
  904 190.8
  905 188.7
  906 191.9
  907 192.4
  908 197.7
  909 196.4
  910 200.8
  911 197.3
  912 198.6
  913 202.2
  914 201.5
  915 202.0
  916 204.1
  917 199.8
  918 206.3
  919 206.0
  920 201.7
  921 203.4
  922 198.2
  923 194.5
  924 199.4
  925 199.5
  926 200.4
  927 199.9
  928 195.3
  929 197.8
  930 197.2
  931 201.5
  932 198.4
  933 201.2
  934 202.1
  935 199.6
  936 201.2
  937 200.9
  938 202.4
  939 203.4
  940 200.4
  941 196.9
  942 196.0
  943 198.0
  944 202.3
  945 202.5
  946 202.1
  947 203.5
  948 203.1
  949 200.8
  950 203.0
  951 206.5
  952 202.3
  953 207.0
  954 204.7
  955 200.8
  956 199.6
  957 202.7
  958 201.0
  959 206.6
  960 204.9
  961 203.0
  962 201.0
  963 200.9
  964 201.6
  965 203.5
  966 202.4
  967 205.5
  968 205.2
  969 202.9
  970 201.5
  971 197.0
  972 188.8
  973 192.5
  974 192.5
  975 190.4
  976 181.3
  977 188.2
  978 193.7
  979 188.5
  980 186.3
  981 186.1
  982 182.9
  983 179.3
  984 181.3
  985 176.2
  986 183.0
  987 181.5
  988 180.3
  989 185.6
  990 189.7
  991 190.7
  992 194.7
  993 191.3
  994 192.1
  995 190.6
  996 195.1
  997 193.6
  998 194.2
  999 196.7
 1000 194.7
 1001 196.3
 1002 195.4
 1003 189.4
 1004 189.4
 1005 189.5
 1006 185.3
 1007 185.9
 1008 186.5
 1009 186.1
 1010 186.5
 1011 186.5
 1012 186.5
 1013 190.9
 1014 189.4
 1015 194.2
 1016 192.1
 1017 192.0
 1018 189.0
 1019 185.4
 1020 185.0
 1021 185.0
 1022 188.5
 1023 187.1
 1024 189.0
 1025 186.9
 1026 183.7
 1027 181.3
 1028 171.6
 1029 174.9
 1030 176.0
 1031 177.7
 1032 177.0
 1033 177.9
 1034 174.3
 1035 174.6
 1036 179.5
 1037 177.3
 1038 174.7
 1039 179.9
 1040 177.1
 1041 176.2
 1042 182.3
 1043 177.6
 1044 182.2
 1045 184.6
 1046 179.6
 1047 176.6
 1048 180.7
 1049 180.1
 1050 180.7
 1051 182.5
 1052 182.0
 1053 182.7
 1054 177.4
 1055 180.5
 1056 178.2
 1057 178.5
 1058 177.1
 1059 172.4
 1060 173.2
 1061 171.3
 1062 175.2
 1063 175.6
 1064 179.1
 1065 176.9
 1066 174.5
 1067 177.8
 1068 175.8
 1069 172.6
 1070 168.1
 1071 165.5
 1072 166.8
 1073 166.9
 1074 169.0
 1075 163.4
 1076 161.7
 1077 164.4
 1078 167.7
 1079 165.7
 1080 169.2
 1081 166.2
 1082 163.0
 1083 166.6
 1084 162.4
 1085 161.7
 1086 165.6
 1087 170.9
 1088 171.5
 1089 172.5
 1090 174.4
 1091 174.2
 1092 170.8
 1093 171.2
 1094 177.1
 1095 172.4
 1096 177.5
 1097 181.0
 1098 174.6
 1099 173.2
 1100 174.3
 1101 170.4
 1102 173.6
 1103 172.5
 1104 180.8
 1105 176.3
 1106 182.0
 1107 178.5
 1108 183.0
 1109 184.2
 1110 174.7
 1111 171.0
 1112 176.6
 1113 180.7
 1114 178.4
 1115 180.4
 1116 180.8
 1117 181.1
 1118 181.6
 1119 180.5
 1120 181.2
 1121 178.0
 1122 176.8
 1123 175.9
 1124 172.5
 1125 173.1
 1126 174.2
 1127 172.2
 1128 171.9
 1129 172.7
 1130 173.2
 1131 171.6
 1132 167.7
 1133 162.6
 1134 162.2
 1135 162.3
 1136 161.4
 1137 159.4
 1138 161.0
 1139 160.5
 1140 157.5
 1141 156.4
 1142 148.7
 1143 156.6
 1144 160.1
 1145 163.3
 1146 160.6
 1147 162.2
 1148 159.5
 1149 167.4
 1150 165.1
 1151 160.2
 1152 150.4
 1153 149.7
 1154 153.6
 1155 156.4
 1156 162.1
 1157 162.7
 1158 158.4
 1159 162.8
 1160 161.4
 1161 161.4
 1162 161.8
 1163 159.0
 1164 167.9
 1165 159.2
 1166 164.0
 1167 161.9
 1168 168.9
 1169 169.3
 1170 168.2
 1171 166.6
 1172 164.5
 1173 158.3
 1174 154.7
 1175 154.9
 1176 156.2
 1177 159.3
 1178 163.7
 1179 163.8
 1180 161.4
 1181 165.1
 1182 168.7
 1183 166.8
 1184 166.2
 1185 168.3
 1186 162.6
 1187 159.6
 1188 155.9
 1189 160.4
 1190 158.1
 1191 154.1
 1192 152.8
 1193 151.5
 1194 151.6
 1195 149.7
 1196 150.3
 1197 151.3
 1198 151.6
 1199 152.2
 1200 154.1
 1201 152.0
 1202 149.8
 1203 151.7
 1204 155.1
 1205 159.7
 1206 158.1
 1207 159.6
 1208 162.4
 1209 159.2
 1210 158.9
 1211 157.5
 1212 159.3
 1213 159.3
 1214 159.3
 1215 160.5
 1216 161.7
 1217 157.9
 1218 158.9
 1219 160.6
 1220 160.0
 1221 164.1
 1222 164.5
 1223 166.0
 1224 163.7
 1225 162.8
 1226 159.8
 1227 162.2
 1228 164.6
 1229 164.0
 1230 164.8
 1231 164.5
 1232 159.9
 1233 159.4
 1234 162.1
 1235 158.6
 1236 156.0
 1237 159.5
 1238 157.5
 1239 158.9
 1240 155.1
 1241 161.7
 1242 161.5
 1243 159.9
 1244 161.4
 1245 159.5
 1246 163.1
 1247 158.8
 1248 160.5
 1249 161.8
 1250 157.2
 1251 160.1
 1252 163.6
 1253 163.0
 1254 165.7
 1255 161.9
 1256 159.1
 1257 158.5
 1258 162.0
 1259 164.4
 1260 158.3
 1261 159.3
 1262 163.7
 1263 162.6
 1264 156.7
 1265 156.5
 1266 158.0
 1267 157.7
 1268 157.0
 1269 156.6
 1270 154.8
 1271 156.1
 1272 158.9
 1273 159.3
 1274 158.1
 1275 157.0
 1276 158.8
 1277 158.9
 1278 158.8
 1279 159.6
 1280 158.9
 1281 155.6
 1282 153.3
 1283 156.1
 1284 156.0
 1285 156.5
 1286 153.0
 1287 158.3
 1288 163.0
 1289 156.3
 1290 146.3
 1291 146.8
 1292 147.9
 1293 149.3
 1294 149.8
 1295 157.7
 1296 153.5
 1297 153.5
 1298 148.2
 1299 151.3
 1300 153.3
 1301 151.9
 1302 150.9
 1303 152.7
 1304 151.1
 1305 151.4
 1306 150.1
 1307 156.8
 1308 155.8
 1309 157.5
 1310 155.9
 1311 155.4
 1312 151.8
 1313 148.4
 1314 148.3
 1315 147.1
 1316 147.9
 1317 147.3
 1318 150.7
 1319 148.3
 1320 149.5
 1321 152.2
 1322 152.6
 1323 155.9
 1324 149.7
 1325 153.0
 1326 154.7
 1327 160.4
 1328 158.7
 1329 164.1
 1330 159.2
 1331 154.7
 1332 156.5
 1333 157.2
 1334 162.2
 1335 165.3
 1336 163.4
 1337 159.8
 1338 162.3
 1339 169.5
 1340 165.3
 1341 167.4
 1342 166.1
 1343 163.0
 1344 167.5
 1345 171.2
 1346 172.8
 1347 170.0
 1348 169.4
 1349 167.5
 1350 170.2
 1351 173.0
 1352 172.2
 1353 176.1
 1354 177.4
 1355 175.8
 1356 175.4
 1357 172.8
 1358 173.2
 1359 174.6
 1360 175.4
 1361 173.9
 1362 171.6
 1363 166.2
 1364 175.3
 1365 174.6
 1366 172.8
 1367 171.0
 1368 166.4
 1369 166.7
 1370 167.1
 1371 164.7
 1372 163.0
 1373 165.8
 1374 170.6
 1375 170.4
 1376 171.5
 1377 170.8
 1378 173.2
 1379 167.6
 1380 167.9
 1381 167.6
 1382 170.0
 1383 170.5
 1384 167.3
 1385 163.8
 1386 168.3
 1387 177.2
 1388 172.1
 1389 170.3
 1390 171.3
 1391 172.8
 1392 168.3
 1393 164.1
 1394 172.6
 1395 168.2
 1396 164.5
 1397 168.0
 1398 171.5
 1399 171.5
 1400 171.1
 1401 169.6
 1402 164.6
 1403 163.6
 1404 162.2
 1405 161.5
 1406 163.6
 1407 166.7
 1408 166.9
 1409 164.6
 1410 161.6
 1411 155.3
 1412 156.4
 1413 162.6
 1414 163.1
 1415 163.1
 1416 163.1
 1417 163.6
 1418 162.6
 1419 153.5
 1420 159.6
 1421 159.4
 1422 163.2
 1423 160.9
 1424 153.2
 1425 151.1
 1426 149.9
 1427 152.4
 1428 153.2
 1429 157.4
 1430 158.1
 1431 160.3
 1432 163.6
 1433 158.3
 1434 154.3
 1435 157.1
 1436 153.8
 1437 153.7
 1438 149.6
 1439 147.6
 1440 149.3
 1441 150.7
 1442 148.0
 1443 144.5
 1444 143.4
 1445 140.5
 1446 143.0
 1447 135.8
 1448 134.4
 1449 132.9
 1450 136.0
 1451 137.2
 1452 134.5
 1453 141.0
 1454 145.4
 1455 147.0
 1456 147.0
 1457 145.1
 1458 144.9
 1459 145.4
 1460 145.2
 1461 149.1
 1462 145.7
 1463 149.2
 1464 148.4
 1465 151.8
 1466 153.2
 1467 155.6
 1468 153.1
 1469 150.2
 1470 151.2
 1471 149.4
 1472 147.5
 1473 146.8
 1474 149.3
 1475 152.0
 1476 156.1
 1477 153.2
 1478 153.3
 1479 153.5
 1480 154.9
 1481 157.3
 1482 159.5
 1483 155.9
 1484 156.2
 1485 156.6
 1486 156.2
 1487 156.5
 1488 156.6
 1489 155.8
 1490 158.8
 1491 158.7
 1492 160.9
 1493 161.5
 1494 158.3
 1495 163.7
 1496 157.4
 1497 159.1
 1498 153.7
 1499 156.0
 1500 160.4
 1501 161.5
 1502 159.6
 1503 157.5
 1504 156.9
 1505 156.3
 1506 156.6
 1507 152.1
 1508 152.6
 1509 146.1
 1510 144.3
 1511 144.6
 1512 143.0
 1513 147.8
 1514 147.8
 1515 154.7
 1516 154.4
 1517 149.2
 1518 152.9
 1519 155.4
 1520 156.9
 1521 156.3
 1522 158.2
 1523 159.2
 1524 162.6
 1525 159.8
 1526 164.2
 1527 164.6
 1528 163.5
 1529 163.7
 1530 156.6
 1531 156.1
 1532 154.2
 1533 154.5
 1534 157.3
 1535 155.9
 1536 158.1
 1537 161.2
 1538 160.1
 1539 155.8
 1540 157.2
 1541 155.5
 1542 155.8
 1543 158.9
 1544 156.9
 1545 154.9
 1546 155.8
 1547 156.3
 1548 153.7
 1549 154.7
 1550 154.7
 1551 163.3
 1552 163.1
 1553 164.5
 1554 165.1
 1555 167.5
 1556 163.1
 1557 163.7
 1558 163.1
 1559 160.5
 1560 163.8
 1561 160.1
 1562 157.7
 1563 155.9
 1564 154.9
 1565 151.8
 1566 152.5
 1567 157.2
 1568 159.2
 1569 160.2
 1570 158.0
 1571 163.0
 1572 166.8
 1573 165.6
 1574 162.5
 1575 162.5
 1576 160.1
 1577 163.2
 1578 159.1
 1579 163.7
 1580 165.0
 1581 164.3
 1582 160.9
 1583 162.0
 1584 163.5
 1585 163.1
 1586 159.4
 1587 159.7
 1588 164.4
 1589 159.1
 1590 155.7
 1591 151.5
 1592 149.2
 1593 148.6
 1594 148.6
 1595 150.3
 1596 149.1
 1597 150.5
 1598 152.4
 1599 148.0
 1600 156.1
 1601 161.3
 1602 162.2
 1603 159.1
 1604 159.6
 1605 159.4
 1606 151.4
 1607 150.9
 1608 158.3
 1609 159.9
 1610 161.1
 1611 165.1
 1612 167.2
 1613 166.7
 1614 163.7
 1615 166.6
 1616 166.8
 1617 166.8
 1618 166.7
 1619 163.2
 1620 161.8
 1621 160.2
 1622 160.1
 1623 155.6
 1624 152.7
 1625 155.3
 1626 161.1
 1627 163.1
 1628 162.1
 1629 162.1
 1630 164.5
 1631 167.7
 1632 163.5
 1633 165.3
 1634 165.3
 1635 160.4
 1636 162.2
 1637 157.4
 1638 160.5
 1639 158.3
 1640 159.4
 1641 158.5
 1642 159.3
 1643 159.5
 1644 157.0
 1645 160.1
 1646 161.7
 1647 152.8
 1648 161.2
 1649 159.5
 1650 166.1
 1651 164.2
 1652 166.5
 1653 170.0
 1654 167.2
 1655 163.3
 1656 162.2
 1657 166.7
 1658 166.9
 1659 164.3
 1660 163.7
 1661 165.5
 1662 161.7
 1663 160.2
 1664 157.4
 1665 156.5
 1666 152.6
 1667 155.8
 1668 162.5
 1669 154.2
 1670 154.8
 1671 152.9
 1672 157.6
 1673 154.6
 1674 151.1
 1675 151.0
 1676 153.7
 1677 154.1
 1678 160.2
 1679 163.3
 1680 165.8
 1681 164.5
 1682 160.5
 1683 162.7
 1684 159.6
 1685 159.2
 1686 161.7
 1687 157.3
 1688 159.5
 1689 161.7
 1690 159.0
 1691 158.6
 1692 154.1
 1693 151.2
 1694 147.6
 1695 144.6
 1696 149.5
 1697 144.6
 1698 146.6
 1699 147.5
 1700 148.7
 1701 148.5
 1702 151.5
 1703 155.8
 1704 156.6
 1705 155.9
 1706 153.1
 1707 155.7
 1708 153.9
 1709 152.1
 1710 154.4
 1711 148.5
 1712 154.7
 1713 152.4
 1714 151.0
 1715 155.4
 1716 160.6
 1717 154.7
 1718 158.5
 1719 158.0
 1720 156.8
 1721 153.9
 1722 155.6
 1723 151.2
 1724 156.5
 1725 159.6
 1726 156.4
 1727 158.8
 1728 160.4
 1729 159.7
 1730 155.9
 1731 156.6
 1732 155.3
 1733 158.2
 1734 154.6
 1735 156.2
 1736 157.9
 1737 154.1
 1738 151.8
 1739 152.5
 1740 157.0
 1741 156.0
 1742 156.3
 1743 159.7
 1744 157.7
 1745 160.7
 1746 159.4
 1747 164.1
 1748 160.0
 1749 159.9
 1750 158.9
 1751 163.8
 1752 161.9
 1753 155.7
 1754 157.3
 1755 156.9
 1756 158.1
 1757 153.6
 1758 148.8
 1759 150.8
 1760 154.2
 1761 156.1
 1762 158.0
 1763 159.9
 1764 159.1
 1765 150.3
 1766 154.4
 1767 155.9
 1768 152.7
 1769 151.5
 1770 149.9
 1771 146.1
 1772 151.4
 1773 151.9
 1774 149.7
 1775 153.6
 1776 152.2
 1777 154.5
 1778 151.6
 1779 153.6
 1780 155.1
 1781 155.6
 1782 158.1
 1783 157.0
 1784 158.1
 1785 160.9
 1786 158.2
 1787 157.0
 1788 154.3
 1789 157.8
 1790 155.3
 1791 154.5
 1792 152.9
 1793 152.3
 1794 148.8
 1795 147.3
 1796 151.4
 1797 151.7
 1798 149.8
 1799 150.1
 1800 150.6
 1801 147.6
 1802 144.8
 1803 147.0
 1804 151.5
 1805 151.3
 1806 144.9
 1807 146.4
 1808 148.3
 1809 148.6
 1810 147.2
 1811 146.4
 1812 145.2
 1813 143.5
 1814 143.3
 1815 139.6
 1816 141.2
 1817 144.9
 1818 148.9
 1819 148.9
 1820 149.0
 1821 149.4
 1822 148.5
 1823 148.6
 1824 151.7
 1825 148.1
 1826 151.7
 1827 150.3
 1828 153.5
 1829 158.7
 1830 154.1
 1831 159.9
 1832 161.5
 1833 160.0
 1834 161.3
 1835 161.7
 1836 156.8
 1837 160.2
 1838 162.1
 1839 161.3
 1840 163.8
 1841 163.7
 1842 163.2
 1843 167.2
 1844 164.8
 1845 165.3
 1846 165.9
 1847 166.3
 1848 165.6
 1849 164.7
 1850 159.7
 1851 160.9
 1852 160.6
 1853 161.3
 1854 161.1
 1855 162.3
 1856 162.3
 1857 163.2
 1858 163.2
 1859 165.1
 1860 161.6
 1861 159.6
 1862 161.5
 1863 160.9
 1864 161.9
 1865 161.1
 1866 158.2
 1867 164.9
 1868 162.2
 1869 162.0
 1870 163.2
 1871 163.0
 1872 163.5
 1873 162.8
 1874 165.2
 1875 162.5
 1876 158.7
 1877 161.2
 1878 164.3
 1879 162.2
 1880 169.0
 1881 168.1
 1882 170.3
 1883 168.2
 1884 161.8
 1885 164.6
 1886 164.1
 1887 161.4
 1888 160.4
 1889 161.0
 1890 152.9
 1891 161.3
 1892 166.5
 1893 158.3
 1894 160.6
 1895 160.3
 1896 161.6
 1897 167.8
 1898 166.8
 1899 163.2
 1900 164.9
 1901 160.8
 1902 157.7
 1903 159.6
 1904 157.9
 1905 157.5
 1906 155.5
 1907 150.6
 1908 150.9
 1909 152.7
 1910 151.0
 1911 151.0
 1912 151.7
 1913 151.9
 1914 148.1
 1915 152.0
 1916 151.3
 1917 153.1
 1918 152.8
 1919 155.3
 1920 157.8
 1921 157.8
 1922 156.2
 1923 155.5
 1924 153.8
 1925 158.2
 1926 154.6
 1927 156.2
 1928 157.6
 1929 156.8
 1930 158.9
 1931 159.2
 1932 158.1
 1933 156.2
 1934 154.5
 1935 146.7
 1936 146.5
 1937 144.7
 1938 147.7
 1939 149.1
 1940 149.8
 1941 149.1
 1942 149.7
 1943 152.5
 1944 145.0
 1945 139.8
 1946 149.2
 1947 151.8
 1948 148.4
 1949 149.9
 1950 149.3
 1951 149.9
 1952 147.0
 1953 150.0
 1954 147.9
 1955 148.2
 1956 149.3
 1957 146.8
 1958 145.6
 1959 147.8
 1960 146.0
 1961 144.1
 1962 142.5
 1963 147.1
 1964 149.0
 1965 144.0
 1966 148.1
 1967 151.9
 1968 149.4
 1969 151.8
 1970 152.8
 1971 153.5
 1972 151.7
 1973 151.2
 1974 154.3
 1975 152.9
 1976 157.9
 1977 154.9
 1978 154.8
 1979 157.2
 1980 157.6
 1981 156.8
 1982 155.3
 1983 157.1
 1984 158.7
 1985 160.5
 1986 157.8
 1987 159.4
 1988 157.0
 1989 155.4
 1990 160.4
 1991 158.1
 1992 158.0
 1993 151.0
 1994 158.4
 1995 156.8
 1996 151.3
 1997 150.5
 1998 147.7
 1999 154.3
 2000 151.3
 2001 154.8
 2002 152.5
 2003 143.9
 2004 151.3
 2005 151.4
 2006 150.8
 2007 151.8
 2008 153.5
 2009 147.3
 2010 136.3
 2011 136.0
 2012 137.1
 2013 136.4
 2014 135.2
 2015 139.9
 2016 142.2
 2017 138.0
 2018 135.4
 2019 139.3
 2020 142.2
 2021 142.2
 2022 142.2
 2023 139.8
 2024 139.0
 2025 139.8
 2026 138.5
 2027 140.2
 2028 148.6
 2029 144.1
 2030 144.6
 2031 145.7
 2032 139.0
 2033 139.9
 2034 139.6
 2035 139.2
 2036 142.3
 2037 141.4
 2038 140.9
 2039 138.9
 2040 146.0
 2041 142.9
 2042 141.8
 2043 151.4
 2044 150.5
 2045 150.8
 2046 147.9
 2047 144.5
 2048 147.2
 2049 141.6
 2050 146.1
 2051 144.9
 2052 148.1
 2053 146.3
 2054 143.3
 2055 143.7
 2056 144.3
 2057 141.3
 2058 134.1
 2059 134.0
 2060 137.4
 2061 140.9
 2062 142.0
 2063 135.5
 2064 148.5
 2065 150.0
 2066 146.6
 2067 142.3
 2068 146.0
 2069 143.6
 2070 149.8
 2071 145.2
 2072 146.3
 2073 138.6
 2074 144.7
 2075 150.7
 2076 146.1
 2077 150.4
 2078 148.4
 2079 146.3
 2080 151.1
 2081 149.2
 2082 151.1
 2083 147.7
 2084 156.1
 2085 160.5
 2086 158.3
 2087 151.2
 2088 150.6
 2089 158.4
 2090 158.9
 2091 157.6
 2092 163.1
 2093 163.7
 2094 163.4
 2095 163.3
 2096 160.1
 2097 158.6
 2098 160.3
 2099 153.3
 2100 153.7
 2101 154.7
 2102 157.4
 2103 158.0
 2104 158.4
 2105 153.2
 2106 155.1
 2107 149.9
 2108 150.7
 2109 152.0
 2110 151.5
 2111 155.2
 2112 150.4
 2113 153.6
 2114 155.3
 2115 157.9
 2116 155.9
 2117 153.1
 2118 152.1
 2119 153.5
 2120 152.4
 2121 149.9
 2122 154.7
 2123 155.7
 2124 150.6
 2125 149.4
 2126 153.4
 2127 147.5
 2128 148.4
 2129 151.4
 2130 152.0
 2131 152.9
 2132 150.3
 2133 154.7
 2134 150.4
 2135 141.5
 2136 144.8
 2137 149.4
 2138 152.8
 2139 150.8
 2140 153.6
 2141 151.5
 2142 146.7
 2143 152.2
 2144 157.4
 2145 157.2
 2146 158.6
 2147 150.4
 2148 152.8
 2149 153.7
 2150 149.5
 2151 144.7
 2152 149.3
 2153 152.7
 2154 149.6
 2155 149.1
 2156 151.5
 2157 149.5
 2158 150.6
 2159 151.3
 2160 153.2
 2161 149.1
 2162 148.5
 2163 147.8
 2164 146.9
 2165 149.1
 2166 142.9
 2167 143.3
 2168 144.0
 2169 144.8
 2170 148.5
 2171 149.6
 2172 152.1
 2173 153.1
 2174 151.6
 2175 148.5
 2176 147.6
 2177 146.6
 2178 141.8
 2179 140.8
 2180 143.6
 2181 142.4
 2182 138.5
 2183 136.7
 2184 140.5
 2185 138.7
 2186 139.3
 2187 134.2
 2188 139.9
 2189 146.0
 2190 147.6
 2191 142.7
 2192 141.5
 2193 144.8
 2194 147.3
 2195 148.9
 2196 148.4
 2197 149.3
 2198 151.6
 2199 149.8
 2200 147.2
 2201 147.2
 2202 147.4
 2203 148.3
 2204 147.8
 2205 150.9
 2206 148.1
 2207 153.2
 2208 144.9
 2209 144.5
 2210 142.9
 2211 140.3
 2212 145.1
 2213 144.9
 2214 144.8
 2215 149.6
 2216 142.1
 2217 139.1
 2218 145.1
 2219 146.9
 2220 148.7
 2221 148.3
 2222 146.7
 2223 146.7
 2224 146.7
 2225 148.6
 2226 145.4
 2227 149.9
 2228 150.0
 2229 152.6
 2230 153.8
 2231 156.4
 2232 154.8
 2233 155.1
 2234 152.9
 2235 150.9
 2236 153.4
 2237 152.7
 2238 156.5
 2239 156.9
 2240 153.9
 2241 152.3
 2242 148.2
 2243 146.4
 2244 145.1
 2245 141.9
 2246 141.3
 2247 149.8
 2248 149.8
 2249 144.6
 2250 146.3
 2251 147.5
 2252 145.5
 2253 144.8
 2254 143.8
 2255 145.6
 2256 148.2
 2257 149.1
 2258 147.1
 2259 147.3
 2260 144.1
 2261 146.5
 2262 146.3
 2263 147.6
 2264 148.7
 2265 147.0
 2266 143.8
 2267 149.2
 2268 143.7
 2269 148.2
 2270 145.4
 2271 147.5
 2272 152.0
 2273 156.0
 2274 156.7
 2275 160.4
 2276 161.5
 2277 162.1
 2278 164.8
 2279 162.4
 2280 161.3
 2281 166.7
 2282 164.7
 2283 162.8
 2284 161.0
 2285 161.5
 2286 165.6
 2287 166.1
 2288 168.5
 2289 168.1
 2290 167.6
 2291 167.4
 2292 167.0
 2293 165.5
 2294 163.2
 2295 162.5
 2296 161.1
 2297 161.6
 2298 165.2
 2299 160.8
 2300 163.0
 2301 163.4
 2302 161.8
 2303 162.1
 2304 164.7
 2305 168.9
 2306 167.1
 2307 167.0
 2308 167.4
 2309 168.0
 2310 170.0
 2311 169.1
 2312 164.2
 2313 162.3
 2314 166.1
 2315 164.1
 2316 165.1
 2317 161.4
 2318 164.0
 2319 166.5
 2320 167.6
 2321 165.6
 2322 163.8
 2323 168.3
 2324 166.8
 2325 166.5
 2326 160.7
 2327 164.6
 2328 165.1
 2329 168.4
 2330 171.3
 2331 170.3
 2332 169.7
 2333 165.2
 2334 169.2
 2335 168.7
 2336 169.3
 2337 169.4
 2338 173.3
 2339 169.7
 2340 172.8
 2341 167.2
 2342 167.9
 2343 168.1
 2344 168.2
 2345 168.2
 2346 164.8
 2347 165.9
 2348 165.3
 2349 164.9
 2350 165.3
 2351 169.6
 2352 166.1
 2353 165.3
 2354 160.8
 2355 165.4
 2356 165.3
 2357 165.3
 2358 160.3
 2359 162.6
 2360 159.8
 2361 154.0
 2362 154.8
 2363 154.0
 2364 153.5
 2365 152.5
 2366 151.9
 2367 151.7
 2368 152.5
 2369 155.4
 2370 156.2
 2371 154.2
 2372 151.8
 2373 145.2
 2374 148.6
 2375 146.8
 2376 143.6
 2377 143.2
 2378 141.4
 2379 150.1
 2380 146.4
 2381 147.8
 2382 143.5
 2383 143.1
 2384 143.3
 2385 141.5
 2386 137.5
 2387 137.8
 2388 138.4
 2389 140.0
 2390 138.0
 2391 136.1
 2392 135.6
 2393 146.4
 2394 147.3
 2395 151.7
 2396 150.0
 2397 150.5
 2398 151.8
 2399 149.1
 2400 151.4
 2401 142.7
 2402 150.0
 2403 152.7
 2404 148.0
 2405 144.1
 2406 142.7
 2407 145.5
 2408 141.2
 2409 142.7
 2410 137.2
 2411 141.4
 2412 134.2
 2413 133.9
 2414 135.4
 2415 134.1
 2416 131.0
 2417 132.0
 2418 136.9
 2419 141.5
 2420 141.2
 2421 147.1
 2422 142.0
 2423 145.8
 2424 149.4
 2425 149.4
 2426 149.4
 2427 141.9
 2428 139.4
 2429 142.4
 2430 136.2
 2431 136.9
 2432 139.3
 2433 139.9
 2434 128.6
 2435 129.2
 2436 131.2
 2437 135.7
 2438 130.3
 2439 131.0
 2440 132.6
 2441 129.4
 2442 131.1
 2443 123.1
 2444 123.3
 2445 124.6
 2446 121.2
 2447 126.1
 2448 124.0
 2449 129.8
 2450 127.1
 2451 133.6
 2452 130.9
 2453 133.2
 2454 134.0
 2455 133.4
 2456 133.7
 2457 136.4
 2458 136.1
 2459 137.1
 2460 135.2
 2461 137.3
 2462 137.5
 2463 141.3
 2464 139.7
 2465 141.2
 2466 135.6
 2467 135.2
 2468 138.3
 2469 134.0
 2470 127.9
 2471 128.4
 2472 126.3
 2473 124.8
 2474 121.1
 2475 126.9
 2476 124.6
 2477 114.1
 2478 117.7
 2479 116.1
 2480 114.8
 2481 118.1
 2482 115.8
 2483 118.7
 2484 126.2
 2485 131.7
 2486 133.8
 2487 125.6
 2488 130.0
 2489 128.8
 2490 132.9
 2491 131.9
 2492 130.9
 2493 135.0
 2494 132.6
 2495 132.7
 2496 136.7
 2497 132.6
 2498 136.9
 2499 131.6
 2500 129.2
 2501 130.1
 2502 134.3
 2503 132.7
 2504 128.3
 2505 129.9
 2506 129.1
 2507 128.4
 2508 132.3
 2509 133.4
 2510 133.0
 2511 128.1
 2512 133.9
 2513 136.2
 2514 133.4
 2515 132.5
 2516 128.9
 2517 135.1
 2518 134.1
 2519 140.3
 2520 142.2
 2521 146.6
 2522 146.1
 2523 141.6
 2524 135.0
 2525 135.5
 2526 140.1
 2527 137.5
 2528 138.4
 2529 139.7
 2530 140.6
 2531 141.9
 2532 144.4
 2533 148.8
 2534 149.0
 2535 148.6
 2536 149.6
 2537 149.9
 2538 152.5
 2539 143.1
 2540 142.7
 2541 141.9
 2542 136.3
 2543 133.3
 2544 132.9
 2545 132.4
 2546 139.1
 2547 135.6
 2548 139.6
 2549 139.0
 2550 141.4
 2551 142.7
 2552 146.8
 2553 147.4
 2554 141.1
 2555 141.7
 2556 141.7
 2557 144.3
 2558 143.6
 2559 142.3
 2560 145.6
 2561 146.6
 2562 151.1
 2563 148.3
 2564 149.8
 2565 149.3
 2566 149.3
 2567 147.1
 2568 148.2
 2569 146.8
 2570 147.7
 2571 144.4
 2572 148.8
 2573 153.0
 2574 152.7
 2575 153.1
 2576 151.0
 2577 155.0
 2578 153.7
 2579 150.6
 2580 151.1
 2581 146.9
 2582 147.8
 2583 149.9
 2584 152.5
 2585 151.6
 2586 151.4
 2587 155.7
 2588 150.3
 2589 152.6
 2590 147.8
 2591 152.7
 2592 154.0
 2593 151.6
 2594 149.5
 2595 146.0
 2596 148.9
 2597 145.9
 2598 143.4
 2599 144.4
 2600 140.6
 2601 141.0
 2602 134.7
 2603 140.7
 2604 139.6
 2605 147.1
 2606 151.3
 2607 149.1
 2608 152.4
 2609 146.4
 2610 147.0
 2611 148.8
 2612 152.5
 2613 151.0
 2614 154.0
 2615 158.0
 2616 157.1
 2617 159.7
 2618 162.2
 2619 159.0
 2620 164.3
 2621 165.2
 2622 169.9
 2623 169.1
 2624 164.2
 2625 163.0
 2626 162.9
 2627 162.9
 2628 163.0
 2629 166.3
 2630 159.0
 2631 156.8
 2632 163.1
 2633 162.6
 2634 162.1
 2635 158.5
 2636 159.9
 2637 163.8
 2638 161.0
 2639 153.3
 2640 155.9
 2641 159.5
 2642 161.9
 2643 160.0
 2644 159.7
 2645 155.2
 2646 150.8
 2647 155.6
 2648 152.7
 2649 155.0
 2650 158.1
 2651 155.2
 2652 161.2
 2653 156.3
 2654 158.8
 2655 150.6
 2656 154.7
 2657 151.4
 2658 151.0
 2659 146.4
 2660 145.7
 2661 143.4
 2662 140.9
 2663 143.0
 2664 143.2
 2665 142.8
 2666 145.6
 2667 146.7
 2668 147.5
 2669 144.0
 2670 139.3
 2671 139.5
 2672 146.2
 2673 140.2
 2674 138.3
 2675 132.9
 2676 126.1
 2677 126.2
 2678 128.6
 2679 130.9
 2680 129.3
 2681 124.4
 2682 124.5
 2683 131.9
 2684 129.1
 2685 133.5
 2686 131.5
 2687 129.4
 2688 127.9
 2689 125.1
 2690 132.1
 2691 129.1
 2692 130.7
 2693 130.1
 2694 133.1
 2695 128.3
 2696 128.1
 2697 127.0
 2698 125.1
 2699 127.8
 2700 129.1
 2701 133.0
 2702 139.4
 2703 133.7
 2704 126.4
 2705 130.5
 2706 125.7
 2707 126.5
 2708 126.5
 2709 128.2
 2710 123.7
 2711 131.0
 2712 129.3
 2713 135.0
 2714 137.2
 2715 131.9
 2716 128.1
 2717 130.4
 2718 127.4
 2719 122.9
 2720 123.6
 2721 121.3
 2722 117.3
 2723 110.0
 2724 109.9
 2725 108.9
 2726 104.0
 2727 107.6
 2728 109.6
 2729 110.6
 2730 112.0
 2731 116.9
 2732 114.5
 2733 121.8
 2734 120.4
 2735 128.9
 2736 123.3
 2737 127.6
 2738 122.3
 2739 121.0
 2740 121.3
 2741 122.3
 2742 119.7
 2743 116.9
 2744 119.4
 2745 121.9
 2746 121.4
 2747 122.5
 2748 125.9
 2749 129.0
 2750 128.3
 2751 127.3
 2752 126.9
 2753 133.3
 2754 126.9
 2755 125.4
 2756 128.0
 2757 130.3
 2758 133.2
 2759 133.7
 2760 132.5
 2761 131.1
 2762 134.1
 2763 138.7
 2764 142.6
 2765 146.8
 2766 143.3
 2767 143.7
 2768 145.1
 2769 147.5
 2770 141.0
 2771 141.5
 2772 142.4
 2773 145.1
 2774 143.8
 2775 140.5
 2776 136.1
 2777 135.8
 2778 133.5
 2779 135.4
 2780 137.1
 2781 135.8
 2782 136.1
 2783 132.2
 2784 132.2
 2785 129.4
 2786 127.6
 2787 134.7
 2788 135.7
 2789 134.8
 2790 133.5
 2791 132.8
 2792 131.6
 2793 132.5
 2794 132.7
 2795 133.7
 2796 135.1
 2797 134.0
 2798 133.4
 2799 133.8
 2800 131.1
 2801 133.4
 2802 127.7
 2803 126.0
 2804 126.8
 2805 120.6
 2806 126.2
 2807 129.8
 2808 121.8
 2809 124.6
 2810 122.9
 2811 125.8
 2812 124.3
 2813 127.8
 2814 127.1
 2815 131.2
 2816 139.6
 2817 136.3
 2818 134.3
 2819 134.4
 2820 136.1
 2821 131.3
 2822 130.2
 2823 132.2
 2824 135.1
 2825 137.0
 2826 129.0
 2827 130.5
 2828 128.3
 2829 128.3
 2830 128.2
 2831 131.8
 2832 132.4
 2833 131.8
 2834 132.6
 2835 134.9
 2836 131.4
 2837 129.8
 2838 133.7
 2839 136.0
 2840 137.8
 2841 134.4
 2842 132.8
 2843 130.3
 2844 132.8
 2845 131.4
 2846 134.6
 2847 133.9
 2848 129.0
 2849 130.1
 2850 131.2
 2851 129.4
 2852 134.5
 2853 130.7
 2854 126.1
 2855 126.6
 2856 127.1
 2857 125.4
 2858 126.3
 2859 125.2
 2860 124.2
 2861 125.1
 2862 122.2
 2863 126.0
 2864 123.5
 2865 124.2
 2866 116.0
 2867 115.7
 2868 110.8
 2869 110.1
 2870 110.6
 2871 115.0
 2872 112.1
 2873 108.5
 2874 109.8
 2875 113.0
 2876 111.2
 2877 112.6
 2878 108.8
 2879 110.7
 2880 110.7
 2881 113.2
 2882 117.0
 2883 118.6
 2884 117.0
 2885 114.8
 2886 116.2
 2887 108.8
 2888 110.4
 2889 108.0
 2890 111.3
 2891 117.3
 2892 113.9
 2893 118.8
 2894 115.8
 2895 114.2
 2896 119.5
 2897 119.4
 2898 117.1
 2899 115.9
 2900 116.5
 2901 117.4
 2902 118.1
 2903 120.4
 2904 121.2
 2905 120.2
 2906 117.0
 2907 111.9
 2908 108.4
 2909 114.5
 2910 117.4
 2911 119.5
 2912 115.4
 2913 113.7
 2914 119.0
 2915 116.7
 2916 118.8
 2917 119.3
 2918 114.0
 2919 112.1
 2920 114.6
 2921 117.7
 2922 115.8
 2923 115.9
 2924 113.5
 2925 111.2
 2926 109.9
 2927 110.8
 2928 113.1
 2929 111.2
 2930 113.5
 2931 115.1
 2932 114.4
 2933 114.6
 2934 110.8
 2935 116.7
 2936 116.1
 2937 113.9
 2938 114.3
 2939 119.1
 2940 118.0
 2941 121.4
 2942 119.1
 2943 120.0
 2944 119.9
 2945 120.0
 2946 120.5
 2947 119.0
 2948 121.5
 2949 123.7
 2950 126.7
 2951 126.3
 2952 120.3
 2953 122.6
 2954 121.3
 2955 120.1
 2956 121.9
 2957 120.9
 2958 116.6
 2959 118.5
 2960 118.6
 2961 121.7
 2962 124.0
 2963 120.0
 2964 117.1
 2965 122.3
 2966 120.0
 2967 116.1
 2968 113.5
 2969 114.4
 2970 115.9
 2971 120.0
 2972 120.1
 2973 121.1
 2974 122.5
 2975 124.7
 2976 121.9
 2977 128.3
 2978 132.3
 2979 130.0
 2980 128.7
 2981 124.6
 2982 122.8
 2983 124.7
 2984 126.4
 2985 127.9
 2986 128.8
 2987 123.3
 2988 119.9
 2989 121.2
 2990 118.9
 2991 119.5
 2992 118.1
 2993 118.0
 2994 118.7
 2995 119.7
 2996 116.7
 2997 121.8
 2998 123.7
 2999 124.9
 3000 124.9
 3001 126.6
 3002 127.0
 3003 126.1
 3004 127.2
 3005 126.1
 3006 128.5
 3007 127.5
 3008 126.6
 3009 131.0
 3010 133.3
 3011 128.6
 3012 127.2
 3013 131.6
 3014 134.2
 3015 133.7
 3016 134.9
 3017 133.9
 3018 133.2
 3019 134.1
 3020 138.5
 3021 134.0
 3022 134.0
 3023 128.8
 3024 133.0
 3025 134.7
 3026 135.8
 3027 135.5
 3028 134.6
 3029 135.2
 3030 137.4
 3031 137.4
 3032 137.4
 3033 133.4
 3034 134.6
 3035 132.5
 3036 137.6
 3037 134.1
 3038 136.8
 3039 136.4
 3040 132.6
 3041 132.2
 3042 129.8
 3043 125.5
 3044 131.1
 3045 135.7
 3046 134.4
 3047 132.7
 3048 134.6
 3049 132.6
 3050 128.7
 3051 126.0
 3052 118.1
 3053 118.2
 3054 117.2
 3055 120.6
 3056 121.6
 3057 117.6
 3058 117.8
 3059 115.0
 3060 110.5
 3061 112.9
 3062 115.0
 3063 113.2
 3064 112.4
 3065 109.5
 3066 111.7
 3067 115.9
 3068 117.0
 3069 118.2
 3070 122.2
 3071 118.0
 3072 113.9
 3073 117.3
 3074 112.4
 3075 114.4
 3076 112.6
 3077 105.7
 3078 106.7
 3079 113.4
 3080 114.1
 3081 112.1
 3082 113.6
 3083 112.7
 3084 112.8
 3085 116.6
 3086 120.8
 3087 119.9
 3088 122.6
 3089 123.7
 3090 125.5
 3091 122.1
 3092 118.5
 3093 117.6
 3094 110.9
 3095 109.8
 3096 114.8
 3097 119.5
 3098 118.6
 3099 117.7
 3100 119.3
 3101 121.2
 3102 126.9
 3103 121.3
 3104 129.0
 3105 132.9
 3106 134.6
 3107 129.5
 3108 132.8
 3109 134.5
 3110 136.4
 3111 133.7
 3112 131.7
 3113 135.9
 3114 135.3
 3115 130.5
 3116 133.0
 3117 132.5
 3118 138.6
 3119 142.8
 3120 141.3
 3121 144.0
 3122 145.8
 3123 141.4
 3124 134.0
 3125 135.0
 3126 138.9
 3127 139.0
 3128 138.9
 3129 137.5
 3130 133.3
 3131 137.1
 3132 138.1
 3133 140.5
 3134 142.1
 3135 144.9
 3136 142.5
 3137 146.3
 3138 146.2
 3139 144.0
 3140 141.1
 3141 138.9
 3142 140.6
 3143 139.3
 3144 139.7
 3145 137.8
 3146 138.7
 3147 138.1
 3148 139.5
 3149 138.8
 3150 137.7
 3151 138.4
 3152 140.3
 3153 144.1
 3154 143.6
 3155 144.8
 3156 144.3
 3157 144.6
 3158 135.9
 3159 141.8
 3160 139.2
 3161 145.5
 3162 142.9
 3163 147.2
 3164 144.9
 3165 143.6
 3166 144.9
 3167 144.5
 3168 140.6
 3169 137.9
 3170 142.1
 3171 142.0
 3172 143.4
 3173 143.3
 3174 137.9
 3175 137.2
 3176 142.0
 3177 145.2
 3178 148.6
 3179 141.3
 3180 138.2
 3181 137.0
 3182 136.5
 3183 137.8
 3184 138.2
 3185 139.1
 3186 140.4
 3187 144.3
 3188 147.1
 3189 145.4
 3190 148.2
 3191 148.4
 3192 147.3
 3193 148.2
 3194 147.3
 3195 149.1
 3196 146.0
 3197 150.6
 3198 148.5
 3199 144.6
 3200 144.7
 3201 147.1
 3202 150.5
 3203 145.9
 3204 149.4
 3205 150.2
 3206 149.3
 3207 153.5
 3208 155.7
 3209 161.5
 3210 156.6
 3211 162.7
 3212 159.4
 3213 165.0
 3214 162.0
 3215 165.9
 3216 168.0
 3217 167.2
 3218 164.5
 3219 165.6
 3220 162.6
 3221 160.7
 3222 156.8
 3223 156.6
 3224 157.9
 3225 160.5
 3226 163.7
 3227 164.8
 3228 158.3
 3229 155.9
 3230 153.4
 3231 158.2
 3232 164.1
 3233 164.1
 3234 164.1
 3235 166.6
 3236 166.3
 3237 167.8
 3238 161.9
 3239 161.6
 3240 162.5
 3241 159.6
 3242 164.9
 3243 160.9
 3244 158.8
 3245 160.5
 3246 158.0
 3247 153.7
 3248 151.1
 3249 154.4
 3250 153.3
 3251 157.6
 3252 158.5
 3253 162.8
 3254 160.4
 3255 159.9
 3256 159.0
 3257 157.7
 3258 159.1
 3259 152.6
 3260 150.7
 3261 149.7
 3262 151.9
 3263 152.4
 3264 153.6
 3265 153.1
 3266 151.9
 3267 152.3
 3268 154.1
 3269 148.2
 3270 155.2
 3271 154.7
 3272 152.6
 3273 155.8
 3274 156.9
 3275 154.0
 3276 157.5
 3277 159.2
 3278 162.4
 3279 161.0
 3280 159.6
 3281 161.2
 3282 158.7
 3283 153.9
 3284 156.4
 3285 151.6
 3286 150.6
 3287 155.9
 3288 155.7
 3289 154.9
 3290 155.2
 3291 154.7
 3292 162.4
 3293 158.2
 3294 156.4
 3295 158.6
 3296 155.0
 3297 157.7
 3298 158.0
 3299 164.3
 3300 165.4
 3301 159.2
 3302 156.4
 3303 155.6
 3304 159.2
 3305 159.0
 3306 156.5
 3307 152.6
 3308 153.0
 3309 154.5
 3310 154.4
 3311 152.7
 3312 149.7
 3313 151.6
 3314 152.1
 3315 152.4
 3316 150.1
 3317 148.8
 3318 149.1
 3319 153.1
 3320 150.6
 3321 152.6
 3322 152.2
 3323 151.9
 3324 153.4
 3325 152.3
 3326 151.4
 3327 152.5
 3328 150.6
 3329 146.6
 3330 144.6
 3331 141.5
 3332 141.9
 3333 145.8
 3334 146.4
 3335 148.7
 3336 148.8
 3337 144.6
 3338 148.8
 3339 150.7
 3340 150.1
 3341 149.6
 3342 147.1
 3343 150.0
 3344 151.8
 3345 154.2
 3346 154.6
 3347 150.9
 3348 157.7
 3349 156.2
 3350 160.3
 3351 154.1
 3352 148.3
 3353 147.1
 3354 151.7
 3355 153.9
 3356 153.5
 3357 151.2
 3358 151.3
 3359 154.3
 3360 154.4
 3361 151.5
 3362 155.0
 3363 154.0
 3364 153.1
 3365 159.5
 3366 162.9
 3367 158.3
 3368 154.4
 3369 156.5
 3370 156.0
 3371 161.2
 3372 159.2
 3373 159.2
 3374 155.1
 3375 157.1
 3376 156.9
 3377 154.0
 3378 154.8
 3379 153.9
 3380 156.9
 3381 155.1
 3382 149.5
 3383 152.2
 3384 155.3
 3385 151.3
 3386 150.0
 3387 151.6
 3388 149.0
 3389 148.4
 3390 144.9
 3391 144.0
 3392 152.4
 3393 153.0
 3394 150.9
 3395 151.2
 3396 153.9
 3397 153.8
 3398 158.4
 3399 156.2
 3400 158.2
 3401 158.0
 3402 156.5
 3403 158.3
 3404 160.0
 3405 156.6
 3406 156.2
 3407 157.8
 3408 152.4
 3409 153.3
 3410 155.9
 3411 151.0
 3412 156.5
 3413 155.2
 3414 151.0
 3415 151.6
 3416 154.4
 3417 147.5
 3418 144.6
 3419 143.6
 3420 144.6
 3421 142.6
 3422 144.8
 3423 148.2
 3424 146.9
 3425 147.6
 3426 146.4
 3427 143.6
 3428 140.9
 3429 139.8
 3430 138.6
 3431 135.9
 3432 138.0
 3433 135.2
 3434 136.0
 3435 136.0
 3436 136.0
 3437 134.6
 3438 131.9
 3439 128.3
 3440 133.9
 3441 137.0
 3442 138.2
 3443 143.3
 3444 143.7
 3445 143.4
 3446 144.9
 3447 147.8
 3448 145.6
 3449 150.7
 3450 155.4
 3451 155.8
 3452 158.5
 3453 154.8
 3454 152.1
 3455 148.8
 3456 150.4
 3457 148.1
 3458 150.5
 3459 152.9
 3460 157.8
 3461 153.7
 3462 154.3
 3463 147.4
 3464 152.0
 3465 148.5
 3466 152.4
 3467 157.9
 3468 154.5
 3469 156.4
 3470 154.8
 3471 152.7
 3472 152.9
 3473 150.8
 3474 155.5
 3475 156.5
 3476 154.5
 3477 156.2
 3478 157.1
 3479 161.3
 3480 158.0
 3481 158.7
 3482 156.0
 3483 158.2
 3484 159.1
 3485 155.3
 3486 156.9
 3487 158.8
 3488 156.7
 3489 157.7
 3490 153.0
 3491 152.4
 3492 149.5
 3493 148.0
 3494 145.8
 3495 146.0
 3496 145.5
 3497 146.2
 3498 144.1
 3499 148.7
 3500 151.8
 3501 146.8
 3502 147.7
 3503 145.5
 3504 144.2
 3505 151.7
 3506 156.9
 3507 158.7
 3508 163.9
 3509 160.3
 3510 164.8
 3511 163.3
 3512 159.6
 3513 163.0
 3514 166.1
 3515 166.0
 3516 165.3
 3517 162.7
 3518 165.1
 3519 170.1
 3520 166.5
 3521 165.5
 3522 161.2
 3523 158.9
 3524 158.8
 3525 158.5
 3526 160.5
 3527 162.0
 3528 163.6
 3529 167.0
 3530 169.5
 3531 172.7
 3532 169.6
 3533 166.6
 3534 160.7
 3535 167.0
 3536 165.7
 3537 167.3
 3538 168.1
 3539 168.8
 3540 170.1
 3541 165.9
 3542 167.1
 3543 165.0
 3544 166.9
 3545 168.2
 3546 166.5
 3547 160.6
 3548 164.5
 3549 162.4
 3550 167.3
 3551 166.6
 3552 165.4
 3553 166.1
 3554 167.1
 3555 173.4
 3556 175.0
 3557 172.7
 3558 171.4
 3559 174.8
 3560 176.2
 3561 177.9
 3562 173.3
 3563 175.0
 3564 176.9
 3565 172.3
 3566 175.5
 3567 174.3
 3568 176.2
 3569 174.7
 3570 176.1
 3571 175.9
 3572 175.3
 3573 173.6
 3574 176.1
 3575 174.4
 3576 173.1
 3577 173.9
 3578 173.5
 3579 171.8
 3580 172.5
 3581 170.6
 3582 164.7
 3583 164.1
 3584 162.8
 3585 164.9
 3586 161.0
 3587 167.7
 3588 163.3
 3589 163.9
 3590 165.5
 3591 165.3
 3592 168.7
 3593 166.2
 3594 168.4
 3595 167.3
 3596 171.4
 3597 168.5
 3598 172.6
 3599 171.1
 3600 168.8
 3601 166.7
 3602 165.9
 3603 164.9
 3604 164.7
 3605 163.6
 3606 162.2
 3607 160.2
 3608 163.9
 3609 162.3
 3610 165.0
 3611 166.4
 3612 167.3
 3613 166.7
 3614 170.4
 3615 164.5
 3616 164.3
 3617 166.6
 3618 168.6
 3619 173.7
 3620 175.6
 3621 178.8
 3622 177.4
 3623 181.4
 3624 183.3
 3625 181.7
 3626 182.4
 3627 179.2
 3628 179.9
 3629 179.7
 3630 178.5
 3631 177.9
 3632 180.0
 3633 178.5
 3634 179.7
 3635 177.8
 3636 175.7
 3637 175.7
 3638 175.7
 3639 179.6
 3640 180.7
 3641 178.4
 3642 180.3
 3643 182.1
 3644 176.1
 3645 177.9
 3646 177.4
 3647 171.6
 3648 170.1
 3649 173.4
 3650 169.6
 3651 169.0
 3652 168.8
 3653 171.4
 3654 170.3
 3655 173.6
 3656 178.0
 3657 172.9
 3658 171.3
 3659 172.6
 3660 168.6
 3661 168.1
 3662 168.4
 3663 169.5
 3664 169.4
 3665 168.8
 3666 175.5
 3667 178.5
 3668 178.5
 3669 175.3
 3670 173.4
 3671 173.5
 3672 175.5
 3673 170.0
 3674 173.8
 3675 173.9
 3676 173.2
 3677 170.7
 3678 169.1
 3679 170.4
 3680 170.7
 3681 174.3
 3682 176.3
 3683 171.9
 3684 170.9
 3685 173.2
 3686 175.6
 3687 175.4
 3688 172.8
 3689 167.8
 3690 170.1
 3691 167.8
 3692 163.0
 3693 167.4
 3694 167.8
 3695 162.0
 3696 170.1
 3697 169.3
 3698 167.7
 3699 162.8
 3700 163.5
 3701 164.5
 3702 166.8
 3703 163.4
 3704 165.0
 3705 163.5
 3706 162.3
 3707 168.1
 3708 167.4
 3709 167.6
 3710 172.3
 3711 170.6
 3712 169.8
 3713 171.4
 3714 171.6
 3715 171.7
 3716 172.1
 3717 171.7
 3718 171.8
 3719 170.9
 3720 169.8
 3721 170.6
 3722 172.2
 3723 174.8
 3724 171.8
 3725 171.2
 3726 172.1
 3727 168.0
 3728 171.2
 3729 176.4
 3730 173.3
 3731 175.4
 3732 172.8
 3733 169.7
 3734 171.4
 3735 171.8
 3736 170.9
 3737 170.0
 3738 168.9
 3739 170.3
 3740 168.8
 3741 163.0
 3742 163.7
 3743 166.9
 3744 170.2
 3745 171.4
 3746 168.7
 3747 167.0
 3748 166.1
 3749 159.1
 3750 159.4
 3751 160.5
 3752 162.0
 3753 165.6
 3754 167.0
 3755 168.9
 3756 167.2
 3757 164.4
 3758 165.1
 3759 165.8
 3760 169.3
 3761 175.7
 3762 172.7
 3763 167.0
 3764 167.8
 3765 163.1
 3766 165.0
 3767 166.2
 3768 169.3
 3769 165.5
 3770 173.2
 3771 176.2
 3772 176.4
 3773 176.1
 3774 168.8
 3775 164.0
 3776 159.5
 3777 164.7
 3778 166.3
 3779 157.4
 3780 159.3
 3781 151.7
 3782 151.0
 3783 147.2
 3784 148.9
 3785 152.8
 3786 153.5
 3787 150.0
 3788 153.3
 3789 157.1
 3790 155.0
 3791 153.7
 3792 151.2
 3793 156.5
 3794 156.3
 3795 151.1
 3796 151.5
 3797 153.8
 3798 152.3
 3799 150.3
 3800 151.3
 3801 149.6
 3802 144.6
 3803 142.6
 3804 142.5
 3805 143.3
 3806 144.8
 3807 144.5
 3808 144.0
 3809 141.4
 3810 144.2
 3811 144.0
 3812 148.0
 3813 147.7
 3814 147.5
 3815 142.5
 3816 145.1
 3817 144.0
 3818 149.1
 3819 154.0
 3820 148.9
 3821 151.9
 3822 151.5
 3823 154.6
 3824 157.4
 3825 158.3
 3826 157.5
 3827 159.0
 3828 155.9
 3829 157.5
 3830 156.2
 3831 153.8
 3832 152.4
 3833 156.1
 3834 153.6
 3835 150.6
 3836 157.4
 3837 156.9
 3838 156.1
 3839 156.1
 3840 156.1
 3841 163.0
 3842 157.7
 3843 156.6
 3844 156.0
 3845 152.6
 3846 150.7
 3847 151.5
 3848 151.7
 3849 149.1
 3850 154.0
 3851 155.0
 3852 154.8
 3853 150.0
 3854 149.5
 3855 150.9
 3856 148.0
 3857 148.3
 3858 151.3
 3859 150.6
 3860 153.2
 3861 156.1
 3862 157.1
 3863 159.6
 3864 153.2
 3865 158.1
 3866 157.7
 3867 159.1
 3868 162.3
 3869 166.4
 3870 166.9
 3871 165.4
 3872 161.5
 3873 161.0
 3874 164.6
 3875 165.2
 3876 163.8
 3877 161.8
 3878 161.6
 3879 159.1
 3880 164.9
 3881 163.7
 3882 166.8
 3883 169.8
 3884 166.3
 3885 170.1
 3886 165.7
 3887 171.7
 3888 171.0
 3889 170.6
 3890 170.8
 3891 170.9
 3892 175.5
 3893 172.7
 3894 175.2
 3895 174.9
 3896 168.9
 3897 165.7
 3898 165.7
 3899 167.5
 3900 167.8
 3901 163.9
 3902 163.8
 3903 168.9
 3904 173.9
 3905 174.1
 3906 173.0
 3907 168.1
 3908 167.3
 3909 165.6
 3910 163.5
 3911 165.0
 3912 170.1
 3913 170.1
 3914 167.6
 3915 167.2
 3916 163.3
 3917 160.8
 3918 168.8
 3919 165.8
 3920 169.9
 3921 171.9
 3922 170.5
 3923 168.0
 3924 165.5
 3925 170.2
 3926 167.3
 3927 166.7
 3928 165.6
 3929 166.0
 3930 168.4
 3931 169.8
 3932 169.1
 3933 168.5
 3934 165.7
 3935 165.5
 3936 163.8
 3937 164.0
 3938 157.5
 3939 158.7
 3940 157.1
 3941 162.7
 3942 163.4
 3943 163.5
 3944 165.4
 3945 162.6
 3946 167.2
 3947 164.2
 3948 158.8
 3949 157.6
 3950 157.9
 3951 153.8
 3952 157.6
 3953 162.6
 3954 155.4
 3955 155.7
 3956 155.1
 3957 157.5
 3958 159.3
 3959 155.4
 3960 156.8
 3961 156.8
 3962 159.3
 3963 158.3
 3964 160.0
 3965 148.6
 3966 151.6
 3967 155.2
 3968 155.8
 3969 154.5
 3970 151.6
 3971 152.5
 3972 150.5
 3973 155.0
 3974 157.7
 3975 156.2
 3976 158.3
 3977 160.2
 3978 158.3
 3979 157.8
 3980 157.5
 3981 161.7
 3982 159.8
 3983 161.4
 3984 165.5
 3985 166.2
 3986 159.2
 3987 161.2
 3988 171.7
 3989 169.4
 3990 167.7
 3991 165.6
 3992 167.7
 3993 164.8
 3994 166.4
 3995 166.3
 3996 164.2
 3997 165.4
 3998 166.2
 3999 160.6
 4000 160.1
 4001 159.7
 4002 164.4
 4003 167.7
 4004 164.2
 4005 166.2
 4006 166.7
 4007 168.3
 4008 170.5
 4009 164.1
 4010 165.2
 4011 164.7
 4012 165.2
 4013 164.2
 4014 164.0
 4015 164.1
 4016 168.3
 4017 169.4
 4018 170.3
 4019 164.4
 4020 165.5
 4021 168.3
 4022 170.5
 4023 172.2
 4024 178.7
 4025 173.3
 4026 169.2
 4027 166.5
 4028 169.6
 4029 166.5
 4030 168.7
 4031 172.5
 4032 173.5
 4033 176.6
 4034 178.6
 4035 179.2
 4036 177.7
 4037 182.3
 4038 181.8
 4039 179.5
 4040 175.7
