#	SIM_20_0.05_-3.86	
1	1763886.52839270
5000	121482.596487143
10000	-744227.167857798
15000	570680.604262003
20000	-52317.3551613940
25000	505365.541357943
30000	385811.348987169
35000	-255912.700045242
40000	992430.180734929
45000	-236028.062889306
50000	745303.003733508
55000	-390441.979628702
60000	305503.098822497
65000	-395957.635941567
70000	1144639.36450375
75000	-366053.828779240
80000	316353.952851223
85000	126921.205893999
90000	826487.011981230
95000	173903.578448497
100000	-474324.748688118
105000	-1411859.70412762
110000	-300278.666453800
115000	-1040751.30520072
120000	421767.719549161
125000	-317934.313258986
130000	474299.009277594
135000	-185582.455528780
140000	584917.360312057
145000	-557658.188064126
150000	-175698.935464764
155000	1078625.84578524
160000	-368539.429266361
165000	-1549372.40836396
170000	275573.175468145
175000	-194937.253672144
180000	723658.155511568
185000	1633381.26809742
190000	-1097551.66526421
195000	536624.253626544
200000	-317324.102922457
205000	-55523.7746160914
210000	780761.591220685
215000	1118732.36092423
220000	485556.121278883
225000	257024.078427562
230000	247412.394045209
235000	-510089.062565900
240000	-1252234.66243501
245000	-113550.185606262
250000	173229.040119230
255000	-264795.167972711
260000	128368.550751241
265000	158510.752879598
270000	-579277.239124711
275000	525970.162415636
280000	-640762.509567114
285000	-41504.4762712101
290000	-130837.796417057
295000	140078.900471295
300000	-544012.236464919
305000	-1640003.12240725
310000	-1282871.51257015
315000	-678979.478010546
320000	-1958474.24854026
325000	252256.771617665
330000	-802068.203770374
335000	20431.1958630289
340000	-76461.6178932076
345000	-1067271.01887764
350000	-405102.125404876
355000	149896.830440591
360000	-5025.51961019224
365000	-519649.229016929
370000	-291564.870407401
375000	649054.485377304
380000	-50014.2774793859
385000	-25282.8071203879
390000	-127486.941102847
395000	-69814.5738806012
400000	1186356.09811074
405000	91340.9921535933
410000	-884447.648251074
415000	882952.799460465
420000	-90286.9608345175
425000	445021.166144496
430000	-187669.492453093
435000	-885683.654981147
440000	472279.924201178
445000	-1640769.24750607
450000	-540695.148933216
455000	850242.950853687
460000	602549.495360774
465000	-614004.898107021
470000	-406235.252034496
475000	-804574.235681815
480000	-180896.745095368
485000	574014.675245753
490000	1042534.52595108
495000	-45585.6782449793
500000	610480.830618393
505000	-611114.347863631
510000	240224.174030013
515000	344732.091696305
520000	-817781.966088840
525000	-1248499.51769440
530000	-81014.8249600668
535000	-888961.654230049
540000	1875906.11055116
545000	-415294.762977724
550000	-70848.8586595948
555000	547597.817085139
560000	-54439.1531841853
565000	-118192.505398179
570000	106000.020809248
575000	428221.996214533
580000	543782.172533299
585000	-831861.393483001
590000	-274461.364745304
595000	-1241709.50436322
600000	133272.995162177
605000	-868994.308724164
610000	199171.618228455
615000	-48843.1389703365
620000	-119370.420651904
625000	744901.994678018
630000	-643212.521838706
635000	-607171.378490535
640000	611756.328493951
645000	660784.189319025
650000	-317772.884708664
655000	-435826.626181930
660000	650245.912685228
665000	-185610.818374903
670000	1079373.50540231
675000	-937029.634056804
680000	499430.859650214
685000	854637.688133030
690000	1391673.04154326
695000	-214709.844045847
700000	402394.165963985
705000	437479.120924649
710000	381314.178788881
715000	-1160867.67062130
720000	-364530.065121732
725000	881365.639828413
730000	121763.057962170
735000	-887426.894065430
740000	1186905.73173627
745000	714790.541570374
750000	663901.951237568
755000	-528331.109106006
760000	-355846.307286978
765000	2120765.55493688
770000	-578048.297059969
775000	498771.423684149
780000	-401702.437894749
785000	930256.457437630
790000	-365320.744215432
795000	-179217.890294957
800000	-1022478.44271814
805000	-793204.427440722
810000	-328658.913978232
815000	-195919.159403095
820000	-1353063.77546398
825000	632107.838204307
830000	-1429595.43482860
835000	894925.810954255
840000	1013494.78099570
845000	2137989.79337719
850000	-1459231.82705825
855000	364493.061140835
860000	444089.561660950
865000	-479322.751007630
870000	-375324.621927992
875000	-226814.976768293
880000	-999151.041652926
885000	-255230.210115741
890000	-752418.481578084
895000	-630105.714913623
900000	-651104.138028174
905000	1055993.50402285
910000	536494.578291199
915000	-165611.980690925
920000	-171972.002514875
925000	1252432.67669165
930000	-391430.784875478
935000	-763126.215918839
940000	-332933.232288238
945000	-1209654.45921567
950000	-888797.652635077
955000	659696.234896530
960000	804800.788354257
965000	-740752.111825923
970000	45150.6336652279
975000	-568557.195212360
980000	-1016673.86861075
985000	-741541.713206880
990000	-643767.600911588
995000	-1131885.35565652
1000000	935857.754680640
1005000	-1696736.20397398
1010000	22583.0407600978
1015000	-555448.634344051
1020000	1081088.52864115
1025000	-151579.772388019
1030000	565498.686752155
1035000	-54854.4266471756
1040000	-350357.286146952
1045000	-904484.375971760
1050000	20962.8873727944
1055000	963278.402515138
1060000	-787816.825379563
1065000	211911.129511137
1070000	353049.460928185
1075000	494816.120631858
1080000	817165.772765461
1085000	257901.809388467
1090000	1130935.72246766
1095000	-712050.481217586
1100000	491383.089188234
1105000	1087786.79120562
1110000	-504606.087165239
1115000	273323.477668088
1120000	1297974.36533304
1125000	5524.86049473816
1130000	-164909.920108728
1135000	-598006.606076012
1140000	-1216942.41361233
1145000	-239898.572365814
1150000	798766.375886402
1155000	399174.857434971
1160000	-11413.0351196938
1165000	431924.836246490
1170000	824401.097548163
1175000	921882.770728418
1180000	83173.6095687458
1185000	650016.341576896
1190000	-466.094576528558
1195000	69060.3059274130
1200000	354396.690496947
1205000	1293401.64694346
1210000	163635.186776852
1215000	387584.385877230
1220000	437372.801072058
1225000	-676410.038300288
1230000	-1094620.20115640
1235000	-392696.573093562
1240000	-719099.161107722
1245000	906117.892062787
1250000	-210709.414104674
1255000	187474.362548474
1260000	1133037.89916022
1265000	-88217.6816680880
1270000	-319763.358311830
1275000	410015.482030877
1280000	-627265.138557719
1285000	-406017.811641405
1290000	530523.442399182
1295000	-371348.489437527
1300000	435816.656350650
1305000	122284.685557367
1310000	528687.590262251
1315000	512077.422986972
1320000	-88011.6456265148
1325000	-174943.918634586
1330000	-329497.071909954
1335000	-275951.157285617
1340000	-169536.435777969
1345000	-298828.574178978
1350000	150054.398224533
1355000	419879.518037295
1360000	-898874.736023413
1365000	343420.458480139
1370000	-1009715.52446590
1375000	-1574469.45045424
1380000	307934.825609031
1385000	-208915.465308220
1390000	161.416833428266
1395000	25367.0268712771
1400000	-1654.83706343990
1405000	177921.793899234
1410000	418904.556040624
1415000	542781.256072393
1420000	382441.016243778
1425000	-680795.633988694
1430000	413356.262895497
1435000	-496570.278564642
1440000	-20583.1852099606
1445000	-374459.313323714
1450000	-1308950.93675870
1455000	-1391628.51490924
1460000	273696.375452445
1465000	-197092.091997624
1470000	226396.825282611
1475000	-705195.707800558
1480000	739446.908555614
1485000	-366427.919828811
1490000	-514750.002228620
1495000	1216592.19268310
1500000	90517.1672951151
1505000	-129884.972039535
1510000	134742.204296709
1515000	-900063.139467191
1520000	350070.837477131
1525000	-245149.823458408
1530000	-1887260.35797317
1535000	-516674.651915647
1540000	-727610.578166840
1545000	576195.589373806
1550000	-36413.3250289741
1555000	186841.774042233
1560000	750337.349635037
1565000	288035.157312707
1570000	433077.505809464
1575000	145445.361759330
1580000	-873186.551394234
1585000	520986.816085038
1590000	-96243.6153198102
1595000	33300.4232348584
1600000	65974.5510310492
1605000	440122.461495076
1610000	-329820.113575853
1615000	327287.344759549
1620000	-16329.9650032483
1625000	-320419.561475161
1630000	-165605.633278839
1635000	1055607.16603923
1640000	-643318.723321343
1645000	12340.9680854297
1650000	-258023.514839112
1655000	-793775.646774225
1660000	-291423.586557481
1665000	1341782.64035095
1670000	-602719.386882551
1675000	317223.821344540
1680000	749300.035735547
1685000	-733499.223077737
1690000	401486.712778614
1695000	-289038.236058181
1700000	92436.3878033385
1705000	-75225.3225139601
1710000	355879.400059018
1715000	-351071.727424079
1720000	408271.512879802
1725000	-76149.5689753845
1730000	-629673.887063110
1735000	482787.198080049
1740000	507709.886266100
1745000	-70734.8584284199
1750000	-226915.975422197
1755000	1030799.46502080
1760000	595411.863545159
1765000	-665609.506087633
1770000	600981.802261873
1775000	826755.111263916
1780000	793637.885203998
1785000	597009.128109309
1790000	357921.663826462
1795000	-215728.754437269
1800000	955371.447287680
1805000	-345634.800273226
1810000	592773.868600121
1815000	459240.300766747
1820000	189533.743943089
1825000	1101608.11637492
1830000	-541175.997653598
1835000	98069.0059246916
1840000	-62083.6616279955
1845000	1428344.19713356
1850000	-96704.5841299935
1855000	-75727.2285348180
1860000	-83487.1809348575
1865000	578441.942776820
1870000	-29705.2991032838
1875000	-628149.117606065
1880000	-10125.6354344688
1885000	-809792.604238173
1890000	224419.344611001
1895000	491765.778279596
1900000	1060808.48854237
1905000	225063.773571422
1910000	-350138.329009798
1915000	-436785.877702699
1920000	159946.741350840
1925000	-376384.702206402
1930000	-261753.642980363
1935000	-1583195.60591777
1940000	676419.202285991
1945000	-1399949.61208161
1950000	310639.001606331
1955000	816391.832206504
1960000	623858.359702387
1965000	-126646.035144705
1970000	-873307.096780436
1975000	-222168.245954460
1980000	-1184081.13356991
1985000	493136.276154863
1990000	228478.796796346
1995000	-360071.556438904
2000000	261172.420244411
2005000	187681.048288173
2010000	319441.571468479
2015000	315412.353062845
2020000	115895.688437620
2025000	1557589.32716663
2030000	-507756.778364723
2035000	-664071.793368158
2040000	617837.917563069
2045000	-171149.242828369
2050000	-448989.684051134
2055000	621012.864065735
2060000	385871.110020002
2065000	265294.781883527
2070000	-96645.0144077524
2075000	605076.317355891
2080000	-1146119.98419242
2085000	-180801.912435217
2090000	94130.6077064880
2095000	-479838.049169367
2100000	1059483.36880174
2105000	989858.243665592
2110000	290727.451504367
2115000	-604150.303730172
2120000	1284596.54147996
2125000	3372.66621244363
2130000	-265164.155241073
2135000	-110568.237094700
2140000	-442015.288651911
2145000	479334.211250428
2150000	-1945649.77298430
2155000	-180783.858339499
2160000	-690821.578326279
2165000	-162468.110227011
2170000	404574.123511195
2175000	1052673.17258986
2180000	533397.421534805
2185000	-1141996.10882623
2190000	-205273.661581438
2195000	445686.965483622
2200000	746979.003782619
2205000	-713401.974283457
2210000	-1166410.59391585
2215000	971663.543772806
2220000	-58385.8966020650
2225000	-454623.854181570
2230000	802793.728068181
2235000	597746.071520598
2240000	-147501.169177435
2245000	130211.480759614
2250000	-699638.251554408
2255000	29841.3458260041
2260000	-1296868.91545121
2265000	194545.235723378
2270000	1408379.10885642
2275000	-396325.808092908
2280000	532557.458564078
2285000	550275.758370584
2290000	504352.022480809
2295000	1455499.09829754
2300000	1010095.77929632
2305000	69566.5513385359
2310000	419328.684898932
2315000	141192.981752936
2320000	293329.921118101
2325000	-29644.9713533387
2330000	-77995.5125507152
2335000	-462809.056175031
2340000	926311.539029786
2345000	28759.7672398066
2350000	-322960.318337252
2355000	591367.396246118
2360000	-87123.8835168218
2365000	263967.363984655
2370000	1295547.25005579
2375000	-651077.225381657
2380000	-1958561.86788058
2385000	164140.493274218
2390000	76184.5562141750
2395000	189577.632516808
2400000	-1011455.53589801
2405000	-160634.400433604
2410000	252930.427840712
2415000	-661493.844842047
2420000	-1435904.76779514
2425000	-366772.176173982
2430000	483949.082471741
2435000	657406.604784285
2440000	823344.162979163
2445000	-411211.947467056
2450000	919135.061580900
2455000	93175.6544003195
2460000	-880823.907485426
2465000	35727.4346639971
2470000	-903965.543873255
2475000	523689.868785533
2480000	459478.139704126
2485000	-858824.085073594
2490000	-758824.549338863
2495000	328504.363999092
2500000	-185528.469588569
2505000	680265.932800872
2510000	-165001.666712181
2515000	23910.1891794788
2520000	-60202.8087663426
2525000	1508971.74557940
2530000	495506.615131159
2535000	-189854.856413655
2540000	-187858.963117413
2545000	152649.558328916
2550000	-10206.6763567301
2555000	-411697.390723219
2560000	525305.168004282
2565000	-606719.214388891
2570000	181254.352192031
2575000	143348.333862661
2580000	-365087.611764729
2585000	98357.7514154560
2590000	64970.6268502271
2595000	-1009308.98717741
2600000	14488.8521563081
2605000	-43763.1752733742
2610000	-278051.063749712
2615000	245884.286874040
2620000	492243.990688189
2625000	523395.602575524
2630000	-42494.3684063776
2635000	-1586902.69628325
2640000	255126.697778315
2645000	-556560.421791637
2650000	-611252.586721590
2655000	-94496.7534238143
2660000	269939.844401615
2665000	-909369.399214942
2670000	609185.327335415
2675000	-486519.964665407
2680000	-557380.803151784
2685000	-372360.959380965
2690000	796181.200890737
2695000	1169974.24515426
2700000	-86404.2659038931
2705000	-1682.75548614150
2710000	-758533.006162675
2715000	-1252040.80674399
2720000	-201373.365186989
2725000	-141928.505018039
2730000	102325.361171148
2735000	553047.424569745
2740000	-318561.054236300
2745000	-355016.499270587
2750000	-1187853.92571391
2755000	-940033.683601826
2760000	584013.990524382
2765000	-182533.634160117
2770000	-196409.554253624
2775000	-2010112.69972548
2780000	-457335.920263343
2785000	-26147.6523303414
2790000	-549269.791286926
2795000	-125318.565615077
2800000	-201099.715807531
2805000	1349489.75083227
2810000	13536.8110300018
2815000	-853651.145441234
2820000	-119389.959977850
2825000	551278.140677468
2830000	1135693.53614321
2835000	-385696.829715571
2840000	230835.218134359
2845000	128087.261809213
2850000	881279.984207291
2855000	201972.290930370
2860000	-6772.53644716343
2865000	52734.6691683609
2870000	-940278.464671220
2875000	710125.370408638
2880000	-1001459.78472871
2885000	-1032052.03445738
2890000	-795537.412140668
2895000	-614135.921432190
2900000	-59764.0286120966
2905000	82686.8259240104
2910000	-1049073.01636098
2915000	443804.125383423
2920000	-544153.757253270
2925000	134979.248717102
2930000	190096.076404199
2935000	23816.2366215677
2940000	-627158.240076590
2945000	394736.553646997
2950000	304749.281737398
2955000	-581336.899779569
2960000	-235380.541644924
2965000	-660489.855070848
2970000	-559203.756966242
2975000	-47265.3568863391
2980000	259875.624045316
2985000	215255.081777153
2990000	-9892.80332256320
2995000	-741084.819138755
3000000	604341.241061540
3005000	249366.914804656
3010000	113916.097653072
3015000	-86498.8837842648
3020000	-219268.989815054
3025000	159538.118302785
3030000	-37034.9808752446
3035000	-569020.498485484
3040000	216580.691214835
3045000	-70724.9296298736
3050000	1563947.11435441
3055000	-150506.863305452
3060000	1294286.36004752
3065000	434387.899685142
3070000	716948.950165103
3075000	-834929.844462130
3080000	-1177939.08096906
3085000	-748441.644404681
3090000	-518761.508706204
3095000	119489.577308924
3100000	479730.959703883
3105000	-236222.722730521
3110000	1294825.04343874
3115000	363652.574051077
3120000	589722.440422035
3125000	231025.859948654
3130000	-10760.6568073959
3135000	-149124.323754707
3140000	1203837.23305213
3145000	291719.107873686
3150000	812253.536937737
3155000	585582.134135322
3160000	956500.426928731
3165000	-570088.080652084
3170000	-175281.501855631
3175000	-295163.371719184
3180000	-163143.204666626
3185000	-281203.946617243
3190000	-243453.125534864
3195000	-254201.217365041
3200000	-357471.067601659
3205000	525313.343978503
3210000	-491319.089652657
3215000	-480100.826841414
3220000	141728.784152766
3225000	1050768.73877884
3230000	779352.072145196
3235000	882263.835759220
3240000	-611164.068617905
3245000	-513047.768589869
3250000	-403354.666037533
3255000	1761666.47353300
3260000	-245558.970594587
3265000	85689.2863859619
3270000	389252.964674401
3275000	-17520.5051055346
3280000	-1654.06503720805
3285000	-704103.396439149
3290000	-433378.294609996
3295000	221232.858393976
3300000	-366834.766939635
3305000	-359140.624751191
3310000	-1392742.64851980
3315000	-467701.504336926
3320000	-196769.399038844
3325000	-770605.469062312
3330000	66270.0082146888
3335000	2066570.31299628
3340000	-336836.215887605
3345000	468588.713008090
3350000	259669.367690466
3355000	-283980.053080030
3360000	-427484.435756099
3365000	1609418.85583231
3370000	653321.393744690
3375000	-828546.272711179
3380000	395666.426972982
3385000	-117485.612424793
3390000	177330.992722576
3395000	-668259.025988347
3400000	-788205.519248198
3405000	-1099255.59123861
3410000	539576.372996589
3415000	-401840.732922890
3420000	-33465.2908603011
3425000	-364565.323719351
3430000	917236.872103523
3435000	442059.153166852
3440000	-576247.130499075
3445000	-422658.312115896
3450000	-677199.686194929
3455000	-575584.177603754
3460000	487796.672692367
3465000	-238037.135642183
3470000	249510.863338918
3475000	593367.824865959
3480000	77422.1078295211
3485000	-328397.192922379
3490000	-602357.778419013
3495000	924168.947397682
3500000	83406.1852328523
3505000	825810.839307321
3510000	-1207913.91582860
3515000	491294.376041193
3520000	-391786.598991485
3525000	561677.942724245
3530000	44651.4967826513
3535000	-59379.4078677855
3540000	881598.725532833
3545000	155731.670444882
3550000	-1118001.26357509
3555000	336346.270793354
3560000	-240553.181854334
3565000	-259493.328031796
3570000	82462.5103707810
3575000	-908403.077206799
3580000	367779.624651179
3585000	-336890.096747729
3590000	81836.0172700453
3595000	-625871.682255164
3600000	388492.232098495
3605000	314122.302947602
3610000	195450.691458808
3615000	32954.7304683934
3620000	1311351.32036370
3625000	-759562.247166459
3630000	62858.8816614361
3635000	-37720.2399521597
3640000	64485.6329441710
3645000	-154865.331103844
3650000	-625930.564172962
3655000	936540.138733405
3660000	588068.675208819
3665000	1513475.79999773
3670000	523427.859877946
3675000	-840274.237267187
3680000	319640.990792659
3685000	-777895.287647454
3690000	-448008.304600896
3695000	-215340.968749289
3700000	441026.548924197
3705000	-51491.4370188223
3710000	-208127.278957375
3715000	-462574.429907945
3720000	310143.718956037
3725000	1176826.10299372
3730000	226480.113314625
3735000	-375576.050004579
3740000	211864.069864778
3745000	-232849.822015153
3750000	-773662.303250443
3755000	-906963.514596308
3760000	-649325.857497356
3765000	234694.588959404
3770000	233024.562299183
3775000	-614642.314123289
3780000	563836.028802647
3785000	515725.862697626
3790000	-143922.546317604
3795000	114844.125411479
3800000	420063.345191529
3805000	1088739.22328806
3810000	-613474.364168238
3815000	-168020.058652594
3820000	813566.372822728
3825000	-162296.655276629
3830000	576633.845657579
3835000	915586.580731192
3840000	191884.354465669
3845000	-927769.862922979
3850000	178672.938923505
3855000	14432.0862672114
3860000	-857146.675420934
3865000	219699.974867730
3870000	1065339.26945891
3875000	-464145.011885768
3880000	-56299.0242106377
3885000	1270406.69141393
3890000	-206773.981879454
3895000	130409.932277847
3900000	609396.583278208
3905000	354460.495617299
3910000	-172043.398969222
3915000	-415142.902357711
3920000	91217.4059738267
3925000	459658.409329144
3930000	584436.365804778
3935000	277427.565179532
3940000	698556.461543094
3945000	-521947.192571162
3950000	143220.805642721
3955000	205347.697799651
3960000	-757554.501290073
3965000	-184974.869546830
3970000	-17092.0222775367
3975000	-497132.665093499
3980000	112572.901363773
3985000	-25487.7014522500
3990000	140471.932846929
3995000	-245184.897463234
4000000	-661432.276618912
4005000	962889.753097072
4010000	-47633.0238952050
4015000	-1195644.83109714
4020000	947503.163899187
4025000	498213.515569316
4030000	-1843171.26225725
4035000	-294899.624526608
4040000	-748283.806325868
4045000	-1602470.31925310
4050000	-183601.431528150
4055000	564927.107547413
4060000	-723030.831761699
4065000	-229469.994836807
4070000	-780930.468750357
4075000	-326092.017131029
4080000	-480116.990865360
4085000	-115696.533147036
4090000	1043891.52039384
4095000	574042.040384150
4100000	-5871.08565764025
4105000	-19589.7202527445
4110000	-167267.264054340
4115000	111984.901432561
4120000	-1099263.00347283
4125000	250986.422773283
4130000	-316660.930316678
4135000	-1008596.24005307
4140000	-711261.355590177
4145000	419287.507310838
4150000	473088.273857124
4155000	-42481.1674239448
4160000	978615.615703042
4165000	282342.116662903
4170000	-362505.230998276
4175000	-91669.1079749898
4180000	1110934.33382367
4185000	716910.792987224
4190000	97328.1664591576
4195000	-580530.490425421
4200000	85071.7306852760
4205000	-736226.189810147
4210000	-140694.383607589
4215000	-278519.692074680
4220000	841886.266111188
4225000	1703517.09601588
4230000	288651.939418519
4235000	264922.238189851
4240000	146496.014481162
4245000	600286.127912195
4250000	613387.961828502
4255000	-812767.675124736
4260000	-354420.053902102
4265000	-244032.958862809
4270000	-498591.482537467
4275000	265368.395885469
4280000	742213.945940153
4285000	-1269146.32053370
4290000	397730.167730578
4295000	772010.382574884
4300000	-464278.541237032
4305000	-129102.094638736
4310000	509256.938464148
4315000	249078.455992299
4320000	770179.703998309
4325000	-340114.022970236
4330000	34546.8303817794
4335000	-766982.160352667
4340000	-51243.5393722984
4345000	428748.894436756
4350000	-19371.6950821320
4355000	636740.340200881
4360000	851915.495699239
4365000	-1516936.31486937
4370000	582889.909403490
4375000	-1299875.12517950
4380000	110160.147351189
4385000	-1463224.57639739
4390000	27571.8400860475
4395000	369237.489810910
4400000	273921.114025606
4405000	119957.753031751
4410000	-81685.5152456089
4415000	-1160093.26552480
4420000	537560.867766413
4425000	-377150.822152643
4430000	-131734.663398702
4435000	366979.153293741
4440000	-140942.269621412
4445000	-662367.133874373
4450000	-150729.103103013
4455000	-562267.890503729
4460000	-1012935.66133327
4465000	-641806.353805489
4470000	-459880.438837855
4475000	-853451.848312275
4480000	813653.414661100
4485000	-270804.512357045
4490000	-111038.074622976
4495000	-992642.576466169
4500000	624112.911200488
4505000	-365102.262708409
4510000	978304.865941086
4515000	-196575.988394260
4520000	-468049.980524665
4525000	1533464.17035846
4530000	703788.469570505
4535000	617439.410084882
4540000	-475787.669236345
4545000	-1643288.36180882
4550000	-621508.485145034
4555000	141423.927934008
4560000	-871643.290437985
4565000	391999.400317069
4570000	518529.644224408
4575000	-987097.891719796
4580000	-415204.111103939
4585000	-441276.333128135
4590000	-185901.552151552
4595000	-623741.235757917
4600000	-1324248.61443651
4605000	-546224.053675292
4610000	111505.900213107
4615000	-286963.581867540
4620000	650780.063725328
4625000	-1649098.27742254
4630000	-488182.601209291
4635000	634447.103417479
4640000	228456.213263307
4645000	-143700.573537011
4650000	125379.300888793
4655000	1133359.24089923
4660000	1226874.23028020
4665000	-26151.7966089752
4670000	-879441.417502482
4675000	-97704.2097122563
4680000	351660.610587380
4685000	-728902.591579339
4690000	-620402.200878942
4695000	831825.654878686
4700000	-320889.519483470
4705000	1556361.41722566
4710000	-119158.292902969
4715000	-114257.377805401
4720000	-754312.890957749
4725000	-144111.794408920
4730000	-378768.179212136
4735000	-815316.070816119
4740000	-376011.521561003
4745000	69026.6232547637
4750000	1735533.52326262
4755000	1388637.99166449
4760000	-405017.975290773
4765000	616756.450673730
4770000	-638301.086336944
4775000	504053.878528688
4780000	-277654.366842424
4785000	616450.843271364
4790000	1099506.16272306
4795000	-638575.203262613
4800000	-490950.165228622
4805000	-68925.4096952326
4810000	84490.9122825631
4815000	-759095.534110421
4820000	-199597.150369821
4825000	1273994.99055944
4830000	-189231.633561450
4835000	627864.496424431
4840000	-762160.742039801
4845000	-280447.100979338
4850000	-1099524.59249024
4855000	-822485.948121391
4860000	-1015479.24616462
4865000	-107735.958080347
4870000	910471.382338317
4875000	270510.154026729
4880000	764558.707160283
4885000	24726.3737220350
4890000	543889.284083563
4895000	101419.884560461
4900000	-570734.162638096
4905000	-22371.6271688898
4910000	-714936.782974415
4915000	775490.712195493
4920000	-265774.743305841
4925000	-346716.241118167
4930000	-1147429.86241106
4935000	128374.405284204
4940000	-86849.9895575838
4945000	-37367.7901809870
4950000	-340746.473039478
4955000	-73365.0397505032
4960000	-466579.122168406
4965000	1068081.61381576
4970000	566001.130090479
4975000	-679569.780835158
4980000	119750.505146813
4985000	-1031450.87034403
4990000	-696117.013044575
4995000	125935.546275895
5000000	-149808.656076915
5005000	19756.6976603158
5010000	-225932.609548390
5015000	-365753.394771078
5020000	-593709.733831966
5025000	108741.553308045
5030000	530937.629709435
5035000	344012.547439743
5040000	-514660.729144869
5045000	-527178.390580353
5050000	670320.562105915
5055000	248103.373342964
5060000	-405470.881732616
5065000	624079.062154991
5070000	-591393.016924185
5075000	-67540.1524090542
5080000	-170512.982453588
5085000	263506.425740402
5090000	-271955.452666171
5095000	-895135.910935371
5100000	-181120.581408009
5105000	-425628.465547237
5110000	873351.848035490
5115000	376035.451476595
5120000	864232.163946735
5125000	91596.1098754825
5130000	-707945.668990716
5135000	662590.446605868
5140000	-797899.924975851
5145000	-1328110.35955151
5150000	857853.118688901
5155000	-127404.523446261
5160000	-440381.835154626
5165000	816451.108228215
5170000	423670.847126418
5175000	-935689.185323666
5180000	1193821.48308452
5185000	964077.071925542
5190000	-661368.493425004
5195000	-1515230.70818324
5200000	-690584.132492548
5205000	577790.483936977
5210000	805632.701219433
5215000	518204.751755077
5220000	727955.950657160
5225000	465912.204102594
5230000	-107685.945094454
5235000	521015.757709807
5240000	62082.8003279411
5245000	41915.7006736278
5250000	-104673.755648011
5255000	802853.788610181
5260000	-184007.444274155
5265000	-95343.5590284263
5270000	221158.746932594
5275000	308288.274259682
5280000	-518027.513035049
5285000	363670.048046952
5290000	780722.061499922
5295000	8508.99682538127
5300000	-211375.549261775
5305000	628952.991121782
5310000	-786595.375871897
5315000	-699663.978058343
5320000	-326758.422129970
5325000	593250.655165285
5330000	1382174.11519650
5335000	-529313.807436567
5340000	128303.377387549
5345000	-558727.715606893
5350000	255926.875780781
5355000	-31962.3574212493
5360000	-611251.164835981
5365000	318945.188648997
5370000	547699.675859410
5375000	-411910.282381088
5380000	472524.371671648
5385000	1701753.83961081
5390000	204823.069449592
5395000	109836.729431591
5400000	61507.2715393447
5405000	-539680.581148651
5410000	264616.807359606
5415000	-446663.334086619
5420000	367714.026365269
5425000	290258.927074345
5430000	411814.634571774
5435000	146524.856606132
5440000	-336902.921123738
5445000	-478693.085356685
5450000	-106174.592143282
5455000	48665.5561486850
5460000	-631309.916965116
5465000	-185860.969384196
5470000	-1304625.99914299
5475000	114163.807776137
5480000	181014.110953715
5485000	477569.114592784
5490000	131026.053908626
5495000	-377490.220247584
5500000	-397758.180353049
5505000	1250922.83439323
5510000	-377363.714924480
5515000	123590.101406771
5520000	-1051266.46966548
5525000	-570409.348829776
5530000	-357283.169265430
5535000	-419195.684813731
5540000	1266527.25843479
5545000	215322.675811071
5550000	-517242.398098519
5555000	-114220.787387161
5560000	-960763.742675575
5565000	-147844.017993469
5570000	-707862.895280260
5575000	-138123.512346993
5580000	-776295.794389534
5585000	253253.229373134
5590000	76856.8567767690
5595000	-411158.470301449
5600000	-482740.923581772
5605000	-1103319.50255837
5610000	616730.693551909
5615000	324474.572489238
5620000	508840.121196711
5625000	533633.462877422
5630000	-390824.446404318
5635000	500741.569772643
5640000	-471766.490841597
5645000	-207737.729588686
5650000	-511117.610694392
5655000	-657367.624407775
5660000	-18213.1737578542
5665000	387432.149300598
5670000	296271.428885825
5675000	121960.426478301
5680000	-115415.808178005
5685000	-772199.997242934
5690000	262047.980507217
5695000	-1079657.61068431
5700000	-173607.815073905
5705000	-594143.457136565
5710000	-219669.878412130
5715000	-1291426.70503484
5720000	433161.668467524
5725000	1392993.40633322
5730000	133262.506429780
5735000	1038263.95312436
5740000	-579527.809365307
5745000	1167514.58577601
5750000	-359812.352692702
5755000	967056.680083391
5760000	338492.513867109
5765000	-383631.891363319
5770000	-1076383.77107982
5775000	-1006803.29129770
5780000	-272319.647936104
5785000	408468.987129543
5790000	-140721.324167386
5795000	-636009.196717880
5800000	359021.285724507
5805000	-291222.047895536
5810000	862063.738135238
5815000	361346.128417138
5820000	-506053.563614929
5825000	622617.464751689
5830000	-486447.662004457
5835000	269581.011914964
5840000	-404299.975452800
5845000	-890529.101378631
5850000	-1024507.60115879
5855000	-926167.502366425
5860000	-1430504.62928753
5865000	-190008.651084311
5870000	846621.846909220
5875000	1422008.53441385
5880000	-308192.516629917
5885000	572845.485969288
5890000	-711197.417895162
5895000	-16848.1292241920
5900000	654993.466750439
5905000	-401418.364148050
5910000	471601.851703188
5915000	-43704.1428819759
5920000	-612744.199838952
5925000	-15455.2291799148
5930000	981417.311811296
5935000	114672.961950353
5940000	-463140.333802447
5945000	-5361.14375124959
5950000	147376.889824423
5955000	1227571.28647406
5960000	-43735.6659435696
5965000	-677150.437885793
5970000	-117150.020118610
5975000	192093.628774717
5980000	740818.516976544
5985000	852652.201867365
5990000	-381222.837686822
5995000	204347.018448281
6000000	-643276.861880201
6005000	180530.104111105
6010000	-548421.514049452
6015000	86537.0078314021
6020000	-72597.4134008117
6025000	-286205.195581383
6030000	-41635.0607698470
6035000	-923232.396520414
6040000	1061800.51014966
6045000	746312.979840913
6050000	-1505740.13807561
6055000	507594.069604580
6060000	230256.383776721
6065000	879696.478053245
6070000	165931.547479861
6075000	-219155.206194269
6080000	-1294688.62973010
6085000	534802.178646171
6090000	-74086.8634601769
6095000	-790787.322731289
6100000	-457662.582055276
6105000	-460787.323147065
6110000	628002.978297990
6115000	364871.621419383
6120000	12916.8317273200
6125000	587229.894630974
6130000	-1543462.30029800
6135000	281923.051502135
6140000	259346.571600607
6145000	265577.211910340
6150000	-64761.1205006529
6155000	-1170390.07874248
6160000	-270340.236063311
6165000	419977.860176236
6170000	528023.035095444
6175000	600303.870908148
6180000	974880.006687393
6185000	2089190.94063066
6190000	-248173.992547436
6195000	-82676.9870486456
6200000	1279601.75810659
6205000	-844282.034292249
6210000	617313.628148524
6215000	-1187775.42161114
6220000	-949012.798389810
6225000	636043.850183435
6230000	-426205.762322242
6235000	-237603.995476202
6240000	-733082.801552759
6245000	458714.070776170
6250000	-745329.684592712
6255000	-234431.150562080
6260000	1151399.50507607
6265000	-904782.597923093
6270000	-787977.959544546
6275000	632762.784199482
6280000	-516445.081544903
6285000	489236.619938565
6290000	723090.636778904
6295000	5922.53343911453
6300000	517969.277533087
6305000	110233.005751461
6310000	557396.804712022
6315000	-62872.6998234910
6320000	363261.680739991
6325000	-57311.6634153812
6330000	74941.3292444372
6335000	166482.032972815
6340000	391761.183428341
6345000	909969.863913367
6350000	-997222.663670103
6355000	415330.677699947
6360000	92472.9512006663
6365000	-1200094.43913962
6370000	202030.027403667
6375000	-214428.909969125
6380000	-81705.0740796536
6385000	710617.905489150
6390000	255141.675629418
6395000	1575550.88402363
6400000	298735.710404586
6405000	630540.827555976
6410000	96184.9269163391
6415000	-1721637.07562671
6420000	-98794.2328807282
6425000	102565.913530326
6430000	519794.214896387
6435000	-782063.275153670
6440000	285828.306377865
6445000	1598223.37164313
6450000	108735.297730777
6455000	-336081.369207891
6460000	-933319.012589279
6465000	-80947.3948562531
6470000	-914689.320663325
6475000	447803.465107685
6480000	101830.094175323
6485000	-930784.292620752
6490000	-1020447.86920373
6495000	-876113.163357841
6500000	1049593.64368905
6505000	853315.562621008
6510000	673192.849586775
6515000	-147969.088767916
6520000	485792.315710147
6525000	43472.2692167352
6530000	761547.469454143
6535000	-468769.064520843
6540000	827215.466151952
6545000	-491356.508168476
6550000	171357.873135443
6555000	-540889.679035097
6560000	289660.801449657
6565000	685210.241968261
6570000	1424342.53989149
6575000	-338304.653353219
6580000	-295545.009970080
6585000	-642221.474906248
6590000	533753.719441994
6595000	-495920.347911768
6600000	107737.719533142
6605000	-20160.3097961209
6610000	583668.517979380
6615000	-368134.292354564
6620000	877829.069628535
6625000	1090522.82082619
6630000	482303.722766145
6635000	296237.647416514
6640000	-83834.8068694142
6645000	185517.187133580
6650000	-453189.895300691
6655000	-452928.307508157
6660000	-286137.855426617
6665000	-1171594.70739424
6670000	-928272.982637149
6675000	-140715.426721763
6680000	-714620.163373777
6685000	-443660.724590556
6690000	434725.260061373
6695000	-1706777.30700791
6700000	484839.226741569
6705000	734706.856858539
6710000	-563672.000750811
6715000	589928.603709580
6720000	-1616246.03878370
6725000	1458801.59069985
6730000	-296306.912036416
6735000	101126.279956044
6740000	536508.911072460
6745000	311890.594445897
6750000	1595768.06938577
6755000	886643.497514222
6760000	-87616.9733210005
6765000	-1143984.76104959
6770000	571297.096367269
6775000	674012.130772266
6780000	396926.196686727
6785000	-134248.015648707
6790000	-669601.631941267
6795000	659561.961719662
6800000	-827187.636690139
6805000	-406967.061272042
6810000	-1027435.17581638
6815000	-987202.833764702
6820000	-374660.627011770
6825000	751170.970583359
6830000	-1033570.48474195
6835000	-1042696.95787596
6840000	-1542218.52486241
6845000	-349145.354657990
6850000	-228049.118977511
6855000	-31480.0141416760
6860000	267775.478726616
6865000	-21958.1513610806
6870000	-307889.971990803
6875000	204756.468861921
6880000	-377488.980392328
6885000	1708976.37148633
6890000	191008.312024019
6895000	-422300.114811074
6900000	662859.267024638
6905000	-23042.2034772483
6910000	-583973.780034382
6915000	-236629.768426680
6920000	-104074.620508456
6925000	-605355.155980862
6930000	692677.576319771
6935000	-888624.713288494
6940000	-225438.085012652
6945000	401348.770961310
6950000	398521.864874179
6955000	508115.879574916
6960000	727013.813315528
6965000	-155701.796716953
6970000	293585.045456666
6975000	-845379.117051777
6980000	-91475.9321621697
6985000	738630.682722794
6990000	156359.220853944
6995000	-1040366.48289584
7000000	-408037.568543971
7005000	-1133462.73618671
7010000	-232085.973572991
7015000	-183522.616609807
7020000	741476.381963823
7025000	-257089.996337476
7030000	-104366.422197731
7035000	-65227.7532643873
7040000	-361445.069913817
7045000	489770.776211607
7050000	-468086.697471396
7055000	-505607.612454746
7060000	-736634.148646693
7065000	192903.744386649
7070000	-118000.359130907
7075000	590105.811813895
7080000	-763084.825016870
7085000	-128062.625820611
7090000	-155000.858480835
7095000	874137.090823214
7100000	88704.7275432669
7105000	126125.067510054
7110000	404859.357525713
7115000	-237156.508898794
7120000	-151112.597292099
7125000	-803433.663853035
7130000	-538670.391916820
7135000	711459.694052021
7140000	647573.918391750
7145000	-282899.199146471
7150000	333979.405294721
7155000	37620.5099647474
7160000	-324135.164234410
7165000	-64309.5046250555
7170000	-204033.914180276
7175000	-337321.288533730
7180000	-403207.327645401
7185000	-309959.463293556
7190000	274097.376444495
7195000	-319014.732964863
7200000	-17991.2849580639
7205000	676534.489552529
7210000	-372957.134582057
7215000	-95127.5684616965
7220000	105293.409859904
7225000	-661429.883298890
7230000	-304551.677096586
7235000	834810.443377858
7240000	1126462.04847977
7245000	-347888.373816716
7250000	-1014133.23422314
7255000	-783838.664970062
7260000	-2042117.46171575
7265000	-1435058.71385684
7270000	728368.742863412
7275000	454366.504484381
7280000	11881.9263494837
7285000	380955.884511639
7290000	509191.582965126
7295000	-376301.174458752
7300000	-376422.165311476
7305000	431028.787951367
7310000	242097.292057424
7315000	-1254055.50564342
7320000	-1341828.82503779
7325000	149108.019208666
7330000	-188260.184082135
7335000	-148394.324703118
7340000	-37008.2337344255
7345000	453322.897414410
7350000	-115391.672073462
7355000	-2313.47484167659
7360000	-263871.777545224
7365000	597758.693598843
7370000	-1171566.77193579
7375000	-109151.671191405
7380000	1539608.59219324
7385000	67318.4135308525
7390000	-260.763574680070
7395000	1957397.64689385
7400000	361015.440301774
7405000	897370.430160576
7410000	-1094753.42588129
7415000	180625.421004398
7420000	-329727.625519969
7425000	687191.966713293
7430000	764909.642115341
7435000	-531162.775880831
7440000	542000.418368309
7445000	-740677.606642390
7450000	226046.924374149
7455000	813831.335186834
7460000	104822.896500957
7465000	-436206.249937889
7470000	-1410711.69573984
7475000	-780209.647248981
7480000	188090.127625999
7485000	-2479216.54677574
7490000	1203255.87399569
7495000	195992.203144327
7500000	-1006335.98076344
7505000	-220076.392722821
7510000	-396438.472796488
7515000	275231.276568042
7520000	-169451.074658698
7525000	-844406.073202130
7530000	-685870.259104103
7535000	839565.364478545
7540000	941755.536475959
7545000	-1922706.62650330
7550000	-586099.280157256
7555000	144049.173561871
7560000	109837.718090439
7565000	-806635.763836045
7570000	-480669.487098236
7575000	-433973.637442397
7580000	-494534.619080750
7585000	-864551.739272115
7590000	12274.1369545671
7595000	-408913.043696182
7600000	434288.485437535
7605000	250601.868040389
7610000	-595892.830245160
7615000	215572.909421174
7620000	200219.158947918
7625000	-154083.299035476
7630000	-335922.079314870
7635000	-104417.937007821
7640000	-628517.254533155
7645000	99949.8867536430
7650000	-179996.757148308
7655000	-183903.197109064
7660000	-197423.121601840
7665000	100713.341754524
7670000	-485241.927888705
7675000	1202486.92970524
7680000	216431.210811451
7685000	153625.186927231
7690000	55888.0593152861
7695000	-503075.125410456
7700000	747526.140275799
7705000	604867.525734389
7710000	-246493.176137557
7715000	-215848.504185226
7720000	124026.610309879
7725000	191571.260173982
7730000	269177.066100799
7735000	-293306.049203489
7740000	589493.065002670
7745000	-898766.118342681
7750000	92280.1824498057
7755000	-1003553.52117245
7760000	-1075509.20537743
7765000	-797090.563262620
7770000	-4404.08499946659
7775000	-125059.912014713
7780000	1621721.74349746
7785000	-178940.787341751
7790000	-354711.722415329
7795000	-199103.387650519
7800000	-956477.050937857
7805000	-928011.853518221
7810000	389086.000743443
7815000	-832824.136439350
7820000	320091.984043292
7825000	-51940.7430996756
7830000	-1145381.84052185
7835000	1844571.43367890
7840000	40262.2086050305
7845000	-252081.595549215
7850000	1130234.69459567
7855000	-217647.921751137
7860000	294354.788536672
7865000	-510568.292908340
7870000	-724694.438687722
7875000	936314.131006226
7880000	-1311704.95931524
7885000	50564.6061769815
7890000	-1289364.21420877
7895000	75038.3090767711
7900000	742236.806018346
7905000	-1037486.30663176
7910000	-120348.165196303
7915000	-76078.0600185736
7920000	344547.971346339
7925000	717935.234672049
7930000	390370.157211080
7935000	-631332.414698186
7940000	610445.346307765
7945000	-692913.621201975
7950000	44791.9230890898
7955000	-276175.908722607
7960000	-666006.504265283
7965000	1399894.36588321
7970000	377200.932384879
7975000	10150.2776972749
7980000	98405.6632183753
7985000	231980.151656358
7990000	-530728.645909831
7995000	-1241719.73722447
8000000	-931087.279180799
8005000	501724.929934088
8010000	-1024111.27728748
8015000	247116.855129324
8020000	970321.243473729
8025000	1111074.15873584
8030000	58435.6611738107
8035000	419025.512719867
8040000	-1358905.09073752
8045000	64787.8171683782
8050000	-386798.404654720
8055000	568815.721718480
8060000	1087309.14305909
8065000	229220.578275633
8070000	131643.810716314
8075000	375051.613626162
8080000	-577498.145127141
8085000	-535112.533712365
8090000	-413059.816883990
8095000	-776773.314036043
8100000	-815498.253787520
8105000	649078.709331146
8110000	-597928.027929373
8115000	-1786917.53878024
8120000	-431719.016087368
8125000	611694.913836422
8130000	-304966.061496452
8135000	-701825.627115617
8140000	444190.898574577
8145000	13549.2466376507
8150000	-232419.643433826
8155000	512896.287336650
8160000	-1456765.72174979
8165000	-776232.496670876
8170000	97934.9119105264
8175000	872745.443103264
8180000	1374192.90044914
8185000	196814.492650869
8190000	-60677.8268490549
8195000	-811887.676016217
8200000	36102.9034170773
8205000	-806388.000271919
8210000	533169.021190974
8215000	-259986.915966550
8220000	-620465.490881695
8225000	-521892.674923504
8230000	-197883.469918835
8235000	-1960249.93964738
8240000	759424.284385377
8245000	790206.320169461
8250000	-786671.215438218
8255000	-107955.610628569
8260000	547336.357016854
8265000	77422.5924725765
8270000	632596.772581959
8275000	-1030919.22896188
8280000	-439899.811437355
8285000	-168554.893833362
8290000	521521.244140934
8295000	460635.822363506
8300000	-558658.970566633
8305000	172325.051720460
8310000	-789558.309961129
8315000	-402386.033877128
8320000	-1581431.92652087
8325000	-334024.185221186
8330000	-976013.774087770
8335000	-451017.620917250
8340000	216825.971554683
8345000	-704790.407671005
8350000	-1418282.61637398
8355000	495219.624510874
8360000	695686.395836937
8365000	741978.262175627
8370000	316137.712393794
8375000	820892.621406937
8380000	-256689.703990180
8385000	273094.021927578
8390000	61504.8521124242
8395000	1492309.36063111
8400000	685910.213771063
8405000	230329.989695203
8410000	-723768.264747406
8415000	419770.729602701
8420000	-1364939.78484313
8425000	319083.671486866
8430000	560009.832258893
8435000	-513958.198839218
8440000	520253.394469688
8445000	178643.169383118
8450000	-396753.002118723
8455000	332157.590701310
8460000	-540591.721930023
8465000	-105991.647152136
8470000	-509922.830077559
8475000	-276535.075451556
8480000	-1015554.15361231
8485000	132499.700168782
8490000	-914456.641381458
8495000	-869616.366999419
8500000	183115.340507152
8505000	-1426858.83924804
8510000	668709.912846235
8515000	-256718.444617942
8520000	592289.222964729
8525000	201660.353560998
8530000	146128.979191076
8535000	827732.322745475
8540000	-602505.194992326
8545000	1368015.69419107
8550000	148759.749214178
8555000	-1188999.58855414
8560000	-1099126.85768750
8565000	1552387.00256937
8570000	-925026.187508835
8575000	285836.151067376
8580000	-172360.375355171
8585000	-992674.954443985
8590000	-55112.6596754481
8595000	510952.546874263
8600000	-419028.253109077
8605000	-802942.185935970
8610000	855967.176363301
8615000	1100739.41431167
8620000	37183.2934315375
8625000	1900656.97259853
8630000	-331419.419695803
8635000	-95342.0968518255
8640000	42339.6296882068
8645000	-190074.120515779
8650000	670062.803832621
8655000	-461109.611987501
8660000	-1004152.51437186
8665000	-248900.949943454
8670000	314646.856819927
8675000	-159082.091046466
8680000	887241.154484679
8685000	632447.347487140
8690000	70136.6012794331
8695000	-124195.032921427
8700000	-1404359.18973893
8705000	137466.475883604
8710000	1556656.10928061
8715000	252766.699579139
8720000	-536780.032763251
8725000	1593916.42150821
8730000	-898940.173715392
8735000	-461922.363158424
8740000	-209073.216443883
8745000	768555.025164369
8750000	-143505.360659838
8755000	-156801.893491937
8760000	-1314975.04474569
8765000	-598298.741903399
8770000	-308959.052573421
8775000	590547.429288491
8780000	-20111.6700751231
8785000	-155365.115633434
8790000	604981.852561207
8795000	859378.589992927
8800000	-462675.216760447
8805000	1722014.65868663
8810000	252753.375383760
8815000	-375725.857875645
8820000	-47764.0755538816
8825000	-263691.997047225
8830000	1343746.48375594
8835000	-740296.231331754
8840000	691219.967434313
8845000	-245260.873343285
8850000	158290.132445352
8855000	111463.026330774
8860000	252105.871473576
8865000	-56469.9376136175
8870000	-1499897.68422273
8875000	-1692253.33095857
8880000	602129.904123470
8885000	-521934.069832138
8890000	886280.988982890
8895000	-266825.668050310
8900000	-339485.605838388
8905000	-542975.470514503
8910000	-760676.304047183
8915000	-221720.257059389
8920000	140545.308327122
8925000	59215.5319197677
8930000	-977479.670308861
8935000	-378402.253183190
8940000	49400.2346775618
8945000	651164.426924070
8950000	349237.259001046
8955000	-290544.220168726
8960000	-1581710.62365825
8965000	1134223.91150705
8970000	-31555.1082366738
8975000	-1276371.01080663
8980000	965494.659867144
8985000	150586.231064585
8990000	65357.1898354626
8995000	655276.359385260
9000000	-603428.444939665
9005000	504696.293215362
9010000	633888.188488689
9015000	244352.245890899
9020000	-490849.232909357
9025000	-506888.143267296
9030000	-1196447.38623083
9035000	-778194.198580058
9040000	-1210334.89287594
9045000	412167.136392844
9050000	-440843.231544299
9055000	-242581.908620562
9060000	270190.957181378
9065000	130696.205197441
9070000	-174269.487962964
9075000	1044059.86457329
9080000	179889.124991586
9085000	20702.5967120126
9090000	321437.195238446
9095000	587006.767750645
9100000	663916.985550778
9105000	916424.202994647
9110000	-546294.614435562
9115000	-68895.3772134044
9120000	-171548.164136743
9125000	-331899.032696368
9130000	-989128.508604022
9135000	38934.6129721858
9140000	-83999.8598798417
9145000	468498.532217632
9150000	621958.365297400
9155000	453500.635618589
9160000	1037409.45954960
9165000	84059.0663675763
9170000	325698.186342206
9175000	-296843.277461347
9180000	14800.3332094692
9185000	-23987.9145694239
9190000	-169650.659527318
9195000	-107718.233171731
9200000	-487948.705593580
9205000	686000.009796716
9210000	-238863.898848090
9215000	-1138481.84481489
9220000	510737.795129727
9225000	-492790.311333952
9230000	192499.245728006
9235000	-714263.416929578
9240000	-229811.504098232
9245000	357167.756597075
9250000	946871.269279200
9255000	89972.3641903396
9260000	-137341.773184585
9265000	116401.921617003
9270000	521016.856523199
9275000	608289.664790090
9280000	-1020848.05548880
9285000	-252695.078981833
9290000	351514.790544235
9295000	620960.431722426
9300000	-923490.979590349
9305000	-885019.332847902
9310000	-607082.437908151
9315000	849806.423264985
9320000	516073.529912119
9325000	38864.6589196872
9330000	-751625.839520338
9335000	-1782793.58977502
9340000	1632975.30243081
9345000	41689.7548261364
9350000	372076.686189618
9355000	-2038931.22678723
9360000	-783669.949998799
9365000	-591176.806175495
9370000	53021.7218320966
9375000	-150353.232463109
9380000	181055.982136728
9385000	253342.287323349
9390000	-1423961.53476286
9395000	-923488.669129923
9400000	414412.812487924
9405000	193404.129736100
9410000	-159027.095287933
9415000	1078998.28131728
9420000	466538.410636019
9425000	-359942.442339044
9430000	-467260.334817680
9435000	106104.710243364
9440000	1370865.34980040
9445000	-241054.189296507
9450000	-506520.565992940
9455000	-445596.055959606
9460000	-609173.579615651
9465000	42269.5765095501
9470000	-1307323.20799470
9475000	387366.537251257
9480000	-50025.7353285045
9485000	-664044.779379984
9490000	1145835.49759842
9495000	513748.552357822
9500000	382556.823454408
9505000	-102466.784573161
9510000	1084717.83248164
9515000	-540459.089337777
9520000	-307176.271435475
9525000	-446441.022071874
9530000	-155463.159293876
9535000	-428486.902643830
9540000	-670688.407238991
9545000	259204.528269835
9550000	-37698.3079312829
9555000	247432.715345940
9560000	215645.152204069
9565000	-296966.966104736
9570000	-488677.537160975
9575000	244970.881821728
9580000	400022.192780407
9585000	-696748.088384694
9590000	560200.571380937
9595000	-1229309.83580254
9600000	-658751.040844809
9605000	-450092.313425940
9610000	-294378.281272576
9615000	-282282.515349306
9620000	838896.213759412
9625000	474730.002635535
9630000	-374909.649680995
9635000	-189465.402973130
9640000	1168019.90033654
9645000	-120460.072256579
9650000	-199189.874772018
9655000	-119818.827547734
9660000	-449868.840204510
9665000	453350.176455878
9670000	1222363.96135618
9675000	-537712.713109035
9680000	-197326.539401996
9685000	-1516290.38296748
9690000	-795927.338494024
9695000	-389729.694186482
9700000	-918574.128887899
9705000	708072.577686084
9710000	23380.4520313180
9715000	909914.073298919
9720000	-841742.378576557
9725000	596799.835091745
9730000	744720.386065686
9735000	-493308.633312801
9740000	763029.367125708
9745000	-195883.433264554
9750000	230605.407120901
9755000	1431841.16866413
9760000	-578269.863056551
9765000	-656334.569494368
9770000	-18149.1102030650
9775000	187025.801515522
9780000	622027.755386847
9785000	1090541.75955950
9790000	1055468.61452937
9795000	554598.395217437
9800000	424963.526355592
9805000	88662.0010488613
9810000	884639.352882995
9815000	-14443.6097351509
9820000	271606.659198281
9825000	-160609.505786778
9830000	598739.285969047
9835000	-953961.714433912
9840000	793362.041018005
9845000	273457.624266815
9850000	-243414.592070014
9855000	307849.064470446
9860000	88415.3859632963
9865000	68545.3804404772
9870000	1001780.14270463
9875000	416970.820736774
9880000	-701565.727406221
9885000	730433.975275769
9890000	472101.811110945
9895000	-315030.762959731
9900000	-478258.877142380
9905000	-912457.964075388
9910000	-354738.087785274
9915000	1308445.90108482
9920000	627753.102501166
9925000	-53222.1597112022
9930000	323680.204081497
9935000	1080781.86278123
9940000	-287695.076404843
9945000	-1029061.86977614
9950000	-909199.550205100
9955000	126270.559806728
9960000	-738726.298471260
9965000	-106949.669326071
9970000	-398540.253213623
9975000	588350.660516309
9980000	508344.843995690
9985000	736327.183365427
9990000	-904094.597966473
9995000	179786.180465617
10000000	-960789.511099849
