#	SIM_20_0.05_-3.86	
1	2364657.11695444
5000	-622562.952647427
10000	-279712.443710545
15000	-342033.866938322
20000	-376304.502671597
25000	307058.628279313
30000	360841.035351372
35000	-134315.308512201
40000	-233369.569908295
45000	238764.120590708
50000	174119.745964329
55000	300544.519836703
60000	-260852.452549874
65000	-689248.311476197
70000	1158742.15696041
75000	-459733.551190774
80000	677654.972948321
85000	29225.7986883188
90000	438035.237381500
95000	-124071.045731497
100000	-411224.024570527
105000	-540958.555680931
110000	45673.7114714866
115000	-1413535.26515131
120000	480283.231015917
125000	-401170.235070236
130000	312162.857957749
135000	-267472.769459093
140000	881604.621236039
145000	60603.5718878845
150000	-380630.770214613
155000	-177635.842605248
160000	-368456.704785785
165000	-1477236.98756144
170000	33591.8132256401
175000	-403778.598861508
180000	287132.642913366
185000	416464.504185500
190000	-278961.833604116
195000	279629.070381642
200000	130457.858615069
205000	72810.4398999127
210000	481161.659010197
215000	663361.182146608
220000	219784.582259066
225000	165022.605352400
230000	-736151.892042001
235000	-747956.772050839
240000	-418314.075917322
245000	-36451.3027784032
250000	73411.9174094467
255000	-238226.597766998
260000	-179677.314825860
265000	453153.604784881
270000	-250251.396157430
275000	-151203.928524517
280000	-655849.386343039
285000	-250838.298605353
290000	548965.380024551
295000	871507.472467235
300000	470056.043084942
305000	-360249.253569579
310000	-229884.350338287
315000	168313.441866334
320000	-1519825.50128381
325000	-385488.315073347
330000	-503941.166839069
335000	183813.790693770
340000	181341.369719722
345000	-141530.470688814
350000	-263702.095132375
355000	-728019.364924901
360000	1019826.47126852
365000	293182.140000757
370000	-93040.3301782415
375000	577105.674097293
380000	-63430.6416983017
385000	-185674.156712064
390000	589835.539727094
395000	-20915.4908870974
400000	-382922.844853712
405000	-187506.368422297
410000	-91365.1327616459
415000	753005.431249316
420000	-523477.698360027
425000	142625.081615683
430000	-198990.755799543
435000	-101143.516338069
440000	435564.603488397
445000	-1740755.36861206
450000	-137823.211977138
455000	466695.222455065
460000	159538.820970546
465000	-203447.364158416
470000	-842168.933759026
475000	-265729.635498071
480000	-131382.229598730
485000	-303617.361839954
490000	435173.960521111
495000	-283210.219479736
500000	1289936.11577978
505000	42535.8181129245
510000	-863807.613689772
515000	489302.959970201
520000	-267693.703711840
525000	-417204.484454647
530000	306255.902706570
535000	-635090.971065499
540000	1351664.13163532
545000	-654390.372333566
550000	185477.408107302
555000	162631.678995901
560000	-106707.638235448
565000	-404574.955943412
570000	-187198.375969180
575000	-247646.060018436
580000	736853.438790291
585000	-686089.098271228
590000	156667.458803900
595000	-666263.719046901
600000	-38036.3832711627
605000	-571419.814546147
610000	856386.788315452
615000	-780521.854146439
620000	898386.636352498
625000	-217796.510946659
630000	24652.5680911032
635000	-1147087.57932364
640000	708289.351677204
645000	-338029.068275112
650000	-703264.059044885
655000	103926.016032483
660000	-273889.017565568
665000	-428501.859329678
670000	567446.899974952
675000	-424055.392653995
680000	-494507.459551360
685000	146956.168159569
690000	262418.293888850
695000	-741964.962851739
700000	438793.089992458
705000	1062144.41785852
710000	-36368.9057745222
715000	-588153.579849043
720000	-194313.087932367
725000	395809.648753423
730000	-192586.191650082
735000	-919050.654684204
740000	583875.093039705
745000	297577.040961710
750000	298015.600480858
755000	-1284275.28010062
760000	-522063.203963462
765000	270528.949592895
770000	-339689.907301221
775000	764869.752307588
780000	-855776.082180997
785000	272770.188355707
790000	-624013.412675153
795000	358245.370940425
800000	291605.572622714
805000	-204357.023587540
810000	-567674.913502016
815000	-266042.053399346
820000	-344715.397093842
825000	-156707.397462131
830000	-543785.276600272
835000	269353.821021241
840000	1046168.28295904
845000	983250.403343171
850000	-499503.219297422
855000	619720.774877380
860000	746736.642113966
865000	-210997.112304823
870000	23534.7766313216
875000	-244521.454234162
880000	-1134386.65042078
885000	-582013.245641734
890000	-1028454.83160786
895000	-213713.933020225
900000	-414136.822239640
905000	416288.032524591
910000	158454.178414965
915000	-728705.123259945
920000	751131.396779051
925000	1187771.00929620
930000	-588689.946020443
935000	-996141.715801387
940000	37842.7809662860
945000	-1370335.28824933
950000	-529695.382084510
955000	121177.661060520
960000	440191.499306608
965000	-211580.124251145
970000	373781.769585535
975000	-878539.015848170
980000	-663312.977572841
985000	303961.143433502
990000	-387864.113557857
995000	-336784.429125333
1000000	544648.013875858
1005000	-1490522.54307334
1010000	-230806.695044736
1015000	-1002405.37164276
1020000	620464.487291350
1025000	-523128.094000600
1030000	-45538.4598792930
1035000	5059.22245326444
1040000	405091.390760703
1045000	-142706.586043130
1050000	-1030327.21371357
1055000	-1008625.47297382
1060000	10605.2620859637
1065000	-24449.6087790743
1070000	-603143.518220458
1075000	412888.108584108
1080000	342020.981752079
1085000	754059.763470658
1090000	618551.255340551
1095000	-361300.666924315
1100000	730295.695626530
1105000	863670.992871921
1110000	-220443.444998235
1115000	731026.242513321
1120000	4183.12020340857
1125000	172829.231026308
1130000	542047.318297989
1135000	-818112.675979611
1140000	-683319.815343075
1145000	-313449.809469527
1150000	449350.513977389
1155000	-95224.9564293042
1160000	27688.0238442374
1165000	80507.4927921146
1170000	666465.962839299
1175000	-329377.942579940
1180000	280715.123264236
1185000	354798.229461564
1190000	579939.057182147
1195000	-440261.010271322
1200000	-817225.666920191
1205000	353152.467056156
1210000	157833.377282727
1215000	55422.5766887178
1220000	-134180.525909248
1225000	-416077.545460752
1230000	-424065.580459397
1235000	-113047.197812723
1240000	228810.153483170
1245000	263022.979532208
1250000	341402.763721300
1255000	535055.994446623
1260000	601072.150682289
1265000	451931.934179711
1270000	-297279.480115732
1275000	575336.428546155
1280000	-962331.975355404
1285000	-1884034.80542743
1290000	615105.211410573
1295000	259865.985022129
1300000	-2548.31021322419
1305000	-144439.053883141
1310000	582987.328860858
1315000	361214.023197131
1320000	-796574.995657247
1325000	37819.9173337377
1330000	632625.479905899
1335000	-686723.068393611
1340000	108845.106755041
1345000	338325.731840581
1350000	-291985.943571264
1355000	757699.434399072
1360000	-564701.423614620
1365000	-97236.0181200242
1370000	-618946.590163164
1375000	-1502245.57188099
1380000	604477.218842973
1385000	599684.734420817
1390000	234242.207187569
1395000	54338.7421392770
1400000	-87244.9434628535
1405000	-99914.9379656130
1410000	306202.301478060
1415000	824792.460758029
1420000	-71518.6628642715
1425000	-178453.992038482
1430000	106213.495236075
1435000	-358897.877347007
1440000	176278.122979873
1445000	-280776.125500925
1450000	-628076.687005710
1455000	-515269.277380710
1460000	-85766.6245990494
1465000	-159120.062728411
1470000	207600.898313274
1475000	-409039.788539318
1480000	-222801.798469233
1485000	-473938.916192451
1490000	-499380.546472697
1495000	671181.556996218
1500000	64643.6359245967
1505000	-145241.058512549
1510000	493595.930522867
1515000	151352.019475144
1520000	-382342.140048621
1525000	-403932.707111452
1530000	-1166440.37964936
1535000	-43073.9997149508
1540000	-1001045.04744642
1545000	536637.053459925
1550000	-214545.627558636
1555000	24563.3001530866
1560000	318688.769422651
1565000	119580.932425258
1570000	413330.429261795
1575000	307177.071314131
1580000	-888445.874354724
1585000	808148.581790476
1590000	131229.113964263
1595000	300001.825214068
1600000	153747.318594968
1605000	-164303.956424853
1610000	-860064.940038699
1615000	93136.7198689657
1620000	520879.969966480
1625000	-242830.162424778
1630000	-383448.635025361
1635000	1166878.53495615
1640000	-117521.598652237
1645000	-149385.633026513
1650000	129420.166373852
1655000	169902.316153074
1660000	-101723.333349100
1665000	854159.267817328
1670000	72844.3856425903
1675000	-57785.2831145379
1680000	755517.022048945
1685000	-968695.215299748
1690000	379249.220639995
1695000	-493149.867521035
1700000	292016.589965298
1705000	401757.619606273
1710000	-577928.260200366
1715000	-1143562.96580945
1720000	1273476.20331654
1725000	237982.746996972
1730000	-391343.457599140
1735000	201872.700757942
1740000	322848.678286781
1745000	23399.8912548455
1750000	703478.869554104
1755000	319442.091579661
1760000	-851326.758375861
1765000	110648.454601879
1770000	190297.185721167
1775000	522896.346918345
1780000	843410.254046991
1785000	-317372.291947579
1790000	212754.162689597
1795000	144620.941455192
1800000	208568.933698327
1805000	330160.549560456
1810000	450111.303205299
1815000	222695.204048763
1820000	425306.915867119
1825000	622628.671088967
1830000	-624107.067882208
1835000	-26755.1742448557
1840000	-523140.522120157
1845000	890928.755609209
1850000	-624706.560794687
1855000	438194.863545983
1860000	-1040682.69882781
1865000	374977.960115672
1870000	-118392.109504293
1875000	-572480.547924209
1880000	-74942.7308133270
1885000	-593142.868663234
1890000	1074280.63491565
1895000	557535.402646026
1900000	-147848.967579165
1905000	614739.745551391
1910000	-173252.029906455
1915000	-845926.797689095
1920000	-318301.126458187
1925000	-149703.636192415
1930000	-238428.288630978
1935000	-1068026.34601120
1940000	602384.282282159
1945000	-836745.856257467
1950000	368173.438821282
1955000	1062958.32391593
1960000	567321.755820518
1965000	-611392.102051270
1970000	-237010.995960310
1975000	-21044.1719246114
1980000	-1731910.07942313
1985000	-4600.08353060100
1990000	-225812.924749137
1995000	109144.908869813
2000000	483870.406767257
2005000	386808.222719834
2010000	-143017.811490324
2015000	-78448.1411981926
2020000	491609.491442079
2025000	1318952.13922966
2030000	-660466.753839137
2035000	283435.544412330
2040000	575896.690877413
2045000	-260537.327449619
2050000	23514.9621010973
2055000	464044.126209719
2060000	24242.7788295819
2065000	-469295.208198354
2070000	183732.538898421
2075000	-184998.694312952
2080000	-167334.988597522
2085000	-902915.311160274
2090000	805690.702747812
2095000	-154113.458481463
2100000	-62611.9933320993
2105000	544418.558909442
2110000	450567.027604129
2115000	401226.986192973
2120000	592539.820290228
2125000	-472745.698595018
2130000	76298.9614045149
2135000	-302884.752304090
2140000	2183.20017592429
2145000	165048.265948509
2150000	-1014541.28760334
2155000	151091.782166681
2160000	-607358.770971639
2165000	-747007.755920293
2170000	268300.215824236
2175000	751127.750204489
2180000	329566.325156959
2185000	-513886.733528684
2190000	420306.355006340
2195000	79985.9573193413
2200000	347152.197908277
2205000	-457166.743773403
2210000	-854368.804153652
2215000	468502.404649270
2220000	-588312.019586928
2225000	551550.647573070
2230000	852605.415048776
2235000	821439.028462307
2240000	-757871.938438457
2245000	-352457.657014520
2250000	-1118653.27477398
2255000	-4471.41337273669
2260000	-740049.094578910
2265000	-222351.018093855
2270000	469782.663289830
2275000	-51218.9937466034
2280000	347734.915493467
2285000	47439.4523186255
2290000	436081.555207327
2295000	1044083.03546071
2300000	129499.876952163
2305000	-167853.009735845
2310000	249650.419849605
2315000	28944.6106676174
2320000	381280.529387721
2325000	-996878.191372310
2330000	442955.576024858
2335000	11374.6510555130
2340000	-579326.195692903
2345000	34685.5246781366
2350000	-141365.201404960
2355000	630357.590035848
2360000	-253598.834930713
2365000	-226198.624043721
2370000	252290.004976779
2375000	-423614.327027903
2380000	-358094.866465614
2385000	290751.419451832
2390000	50783.4504001626
2395000	553988.217008587
2400000	-185765.113046892
2405000	-340966.025272923
2410000	-166684.753827265
2415000	-171421.509689111
2420000	-908799.745402121
2425000	128936.889691550
2430000	-307979.548766680
2435000	360599.523206915
2440000	-438119.995047352
2445000	287991.592559195
2450000	1013116.60638582
2455000	72919.1227415717
2460000	-281935.839670930
2465000	54627.8410207503
2470000	233028.605284546
2475000	989614.493430537
2480000	64037.9753842790
2485000	-970693.948988953
2490000	-213398.588029755
2495000	263126.110599929
2500000	-35014.9734204018
2505000	76727.5967673806
2510000	653067.080724341
2515000	32444.6500581315
2520000	186459.465668381
2525000	56587.2522691494
2530000	-698380.431610464
2535000	328841.671862872
2540000	-132831.958314355
2545000	-267401.455476435
2550000	-410556.734189391
2555000	213010.897785441
2560000	775135.123465685
2565000	-846028.580900944
2570000	654202.966899391
2575000	67337.9022966497
2580000	-585382.897664731
2585000	97932.7441092721
2590000	753278.376704230
2595000	-631945.747273895
2600000	631380.460676980
2605000	799495.878367671
2610000	-227778.735735174
2615000	516854.763518136
2620000	572846.589019906
2625000	653142.350433864
2630000	-155432.944050760
2635000	-1128010.28194315
2640000	150434.612717301
2645000	-539171.827421261
2650000	-333982.779946021
2655000	-120352.717198901
2660000	504208.179629073
2665000	-605950.982977570
2670000	263500.208855247
2675000	-115924.065126841
2680000	-460003.328480730
2685000	288752.259416301
2690000	89787.1741236600
2695000	958490.215891701
2700000	-235291.148750160
2705000	363440.866083304
2710000	-1043347.06888814
2715000	800354.704335236
2720000	-108427.921163862
2725000	12145.8460947987
2730000	166353.494423228
2735000	600264.664897304
2740000	710911.546444677
2745000	103068.911796898
2750000	-214758.800159037
2755000	-463018.787558779
2760000	-412028.243666833
2765000	8771.74401160592
2770000	144063.161987009
2775000	-638975.915432241
2780000	172547.273955617
2785000	672513.246232635
2790000	-103468.195945894
2795000	-332852.499796163
2800000	-729040.996623242
2805000	912107.135542276
2810000	-228119.643254970
2815000	-106186.768596967
2820000	-78638.8891003050
2825000	-288703.605268458
2830000	540958.128459334
2835000	352674.256764096
2840000	421617.542316439
2845000	-637862.027925482
2850000	75166.0468344759
2855000	-566592.383599247
2860000	417863.864593334
2865000	-73765.3471406665
2870000	-63922.9473720589
2875000	251039.763133645
2880000	-659568.000272785
2885000	-680680.878957429
2890000	-387891.237449472
2895000	-333600.844959620
2900000	110674.889894561
2905000	177572.527598758
2910000	14091.2503808367
2915000	256133.817404346
2920000	-212039.398035245
2925000	151580.255750281
2930000	-340526.502785579
2935000	577546.207379916
2940000	16922.0627508161
2945000	162184.791085840
2950000	-180068.646459340
2955000	373323.449237850
2960000	-290570.715189650
2965000	14749.1418084532
2970000	-562827.746281411
2975000	532592.856682067
2980000	555665.091125288
2985000	122325.302288021
2990000	701615.752162979
2995000	-502929.072415619
3000000	392076.514873528
3005000	264075.439609422
3010000	281551.948802300
3015000	222301.482672656
3020000	-833354.006649615
3025000	466214.285777915
3030000	302046.247218567
3035000	359645.947439900
3040000	-864525.050141436
3045000	98394.0432951430
3050000	-123332.497309468
3055000	109693.284515771
3060000	443305.373096178
3065000	76715.8270247846
3070000	496685.014237279
3075000	-381022.032072207
3080000	-630317.736817891
3085000	89175.7112693085
3090000	-655512.971490792
3095000	-173005.394549719
3100000	929405.729424164
3105000	-177895.036217585
3110000	623966.049807247
3115000	-253592.806624314
3120000	489513.435629720
3125000	571896.499719412
3130000	-683304.967649098
3135000	363224.335485449
3140000	822327.131719703
3145000	-186276.725360338
3150000	927245.957186576
3155000	-203358.705839679
3160000	407563.421827280
3165000	-777893.879719903
3170000	-308581.350949190
3175000	-306936.411888456
3180000	243239.663101182
3185000	-845093.414152663
3190000	-415255.429236067
3195000	-484799.235595338
3200000	-297364.601166137
3205000	-176396.793843476
3210000	-528706.983639112
3215000	-217871.713245183
3220000	-410813.944229372
3225000	1308146.30720665
3230000	156821.250178144
3235000	367651.771192130
3240000	-215362.446175462
3245000	-326997.353473751
3250000	-215752.840098033
3255000	1071672.45696068
3260000	296737.741142580
3265000	-615885.210579561
3270000	317617.024881379
3275000	-83055.4943845514
3280000	257477.484171130
3285000	-149006.476098074
3290000	-282531.001535413
3295000	91300.7676753452
3300000	-707860.030594063
3305000	579812.621085180
3310000	-413058.767211067
3315000	-284757.151162089
3320000	-346717.225292440
3325000	-574402.222149846
3330000	-154168.314434203
3335000	962394.488139813
3340000	-260206.039342334
3345000	-147372.604189000
3350000	50584.7052699745
3355000	486008.183969002
3360000	-664624.730095376
3365000	724539.120178782
3370000	269080.906071602
3375000	-374919.572354490
3380000	-409080.986230463
3385000	319408.769446746
3390000	24411.0795563810
3395000	-482675.747119692
3400000	-72276.6593581686
3405000	-820405.608833043
3410000	541042.637918568
3415000	-688557.455813343
3420000	-341931.518239127
3425000	-251665.772514221
3430000	-28232.3380178324
3435000	398112.585666663
3440000	-147608.515897309
3445000	-702178.393314122
3450000	-103879.008573451
3455000	-409439.127372082
3460000	142936.703426506
3465000	-570578.936689653
3470000	283311.601967754
3475000	511875.949899944
3480000	228397.459630311
3485000	-365525.120924675
3490000	-415807.527315317
3495000	867203.050381656
3500000	218269.217880314
3505000	542899.054812629
3510000	-880995.227277993
3515000	312161.932781262
3520000	-75591.9063705797
3525000	26353.0062804126
3530000	488017.096856111
3535000	456004.191366558
3540000	497653.800333228
3545000	273839.342148801
3550000	-979364.307634573
3555000	548463.132669000
3560000	-299604.802776917
3565000	-97878.2873241371
3570000	-105373.709543275
3575000	-859528.444316749
3580000	322020.329210030
3585000	-90634.5451120771
3590000	434355.435547040
3595000	-143470.868720304
3600000	169427.123626414
3605000	548010.016507796
3610000	439941.119638291
3615000	187654.200468804
3620000	803176.789465851
3625000	-372267.268816154
3630000	-843810.660084086
3635000	410324.303251640
3640000	-391049.900410330
3645000	243573.599225612
3650000	-361463.902014188
3655000	774168.606308535
3660000	262367.199322331
3665000	736381.597232862
3670000	-374543.109695228
3675000	294889.778663628
3680000	613605.621840733
3685000	105170.188229633
3690000	-272950.456943433
3695000	531451.544012665
3700000	111335.545555634
3705000	156672.946412053
3710000	-272927.676969610
3715000	-185136.710264992
3720000	-337293.364203934
3725000	-143078.807383843
3730000	262495.936681915
3735000	-431502.284779569
3740000	-601992.387137209
3745000	-134877.139901105
3750000	31153.3223498175
3755000	-828304.307553335
3760000	-864289.952906264
3765000	1048875.96039214
3770000	-255796.787730676
3775000	-370733.549092787
3780000	363758.346429044
3785000	472729.489815292
3790000	885064.553488837
3795000	-702226.964821969
3800000	181619.084745511
3805000	-62405.4892214081
3810000	-484612.723335057
3815000	257182.544598010
3820000	144361.934607283
3825000	-566332.162851903
3830000	3376.29729020098
3835000	276924.619252261
3840000	-616359.840115749
3845000	-480796.882774347
3850000	-903738.583974038
3855000	-81879.0961805439
3860000	170427.042930319
3865000	45243.3578476626
3870000	489816.751986203
3875000	61201.8224674135
3880000	316519.328844486
3885000	1223042.53016073
3890000	364516.801585710
3895000	-535309.488288860
3900000	448074.139283598
3905000	269234.451694983
3910000	74881.6049292860
3915000	-104634.728704950
3920000	351119.347842980
3925000	1045425.48222755
3930000	410634.038347324
3935000	-255358.095014639
3940000	563879.440479262
3945000	144032.091024013
3950000	-399409.132615796
3955000	-227276.601918077
3960000	-300902.895853207
3965000	430022.862598843
3970000	298508.897713051
3975000	144555.065918015
3980000	-17768.7563971308
3985000	129100.642568045
3990000	-159240.036461846
3995000	-92160.6579914030
4000000	-247157.365187838
4005000	538655.945362607
4010000	-135582.673181778
4015000	-322668.693785107
4020000	282640.138964548
4025000	-16672.3630329338
4030000	-894976.008341134
4035000	-417530.806409345
4040000	244436.269330772
4045000	-120232.073730177
4050000	116547.398806657
4055000	562238.036905010
4060000	-441070.284261951
4065000	412252.106075390
4070000	-605250.507637675
4075000	272779.866773792
4080000	-132198.766108354
4085000	-305626.468379947
4090000	696037.138274201
4095000	154782.712056217
4100000	286486.118092843
4105000	-572843.414432993
4110000	35932.8571546569
4115000	179788.721845681
4120000	-551396.274134233
4125000	-520151.228246151
4130000	-1066160.02133579
4135000	361087.467681124
4140000	119616.977042114
4145000	320215.227718714
4150000	1354827.50899018
4155000	857071.106823661
4160000	535514.595163626
4165000	-638384.372055178
4170000	-179527.386809255
4175000	-224022.594403121
4180000	1443569.38718455
4185000	-241051.156671321
4190000	205706.498390556
4195000	36145.2223395481
4200000	-292580.965349297
4205000	-736584.318983106
4210000	560114.624599273
4215000	213218.455629496
4220000	708090.888946665
4225000	689378.348206614
4230000	670526.628251223
4235000	-127281.131094195
4240000	247649.076176591
4245000	271034.541813669
4250000	65598.7773541203
4255000	-865881.847517979
4260000	562922.832995087
4265000	-66524.1376993414
4270000	-47290.1960442803
4275000	337524.451272590
4280000	307152.537951656
4285000	-833716.098587398
4290000	-143127.429006897
4295000	-32843.9196507022
4300000	70692.9550918319
4305000	-947042.951365668
4310000	517579.946272356
4315000	61867.2947071315
4320000	273469.336245939
4325000	13836.8536988688
4330000	521356.493647910
4335000	-699094.833447461
4340000	104388.856761212
4345000	209782.497751701
4350000	381934.471473394
4355000	-592245.536322965
4360000	204564.866639609
4365000	-1229235.65164648
4370000	37011.2909678800
4375000	-150080.303309682
4380000	-514365.447397417
4385000	-524563.431563396
4390000	358500.323235672
4395000	-379985.914149956
4400000	23694.3849146546
4405000	752139.512037556
4410000	-10248.0304966638
4415000	-378227.134084059
4420000	557444.758461919
4425000	-553332.074737532
4430000	-1015735.07350886
4435000	591478.700353323
4440000	343208.343082489
4445000	-223655.038381207
4450000	-546463.841729406
4455000	-163613.835582957
4460000	-276238.929219772
4465000	-1810365.22851987
4470000	-368647.484108720
4475000	-672267.025613370
4480000	189890.156502840
4485000	-1032477.30669226
4490000	-300263.861282973
4495000	-1306214.14564046
4500000	479650.692018632
4505000	174215.306920366
4510000	395261.868593484
4515000	-32346.2465753692
4520000	-234218.651102493
4525000	-67931.6887063051
4530000	150497.558580386
4535000	1019408.04850321
4540000	-441392.523343453
4545000	-886062.688764094
4550000	-407573.306265674
4555000	-143690.195764734
4560000	94582.1435300994
4565000	654737.697672194
4570000	405659.491029968
4575000	215898.819109952
4580000	81221.1194846597
4585000	117755.597924376
4590000	-44881.7278353637
4595000	297185.682687266
4600000	-988218.939078828
4605000	-62511.2368405832
4610000	263141.527778682
4615000	-691174.897174096
4620000	281303.325566670
4625000	-733927.109135864
4630000	-410484.831574690
4635000	371986.330308379
4640000	-214291.724143509
4645000	-322760.801355503
4650000	54989.5941071513
4655000	273549.402364699
4660000	652588.298602448
4665000	608808.690430832
4670000	-254924.532403557
4675000	265140.878293319
4680000	-214693.600197013
4685000	-439423.828022723
4690000	199782.756901538
4695000	588838.348897228
4700000	-167669.516069295
4705000	1057255.22131197
4710000	-526116.976042832
4715000	7961.75056919304
4720000	-124312.210555204
4725000	-9731.47875045655
4730000	-883889.909022118
4735000	196067.622606631
4740000	9882.39530424756
4745000	-418564.643377947
4750000	1205181.80153005
4755000	657765.918555810
4760000	-129302.248809345
4765000	542892.692173893
4770000	-726254.798458391
4775000	-512884.531284686
4780000	-243943.818494415
4785000	-591250.593268015
4790000	918144.876881958
4795000	-659403.942130173
4800000	206413.357605191
4805000	80675.8478078754
4810000	387989.554379937
4815000	-907666.648566106
4820000	-636727.169719843
4825000	162866.870872400
4830000	-664306.846201513
4835000	335575.362267686
4840000	-103542.221965074
4845000	817869.750043318
4850000	-767550.208521642
4855000	346060.744373149
4860000	-898416.670508896
4865000	-2800.79492109882
4870000	322428.359936262
4875000	198383.349421878
4880000	373674.839910298
4885000	-454163.302973038
4890000	280832.003136216
4895000	34548.5278199958
4900000	-1270535.64760438
4905000	-239190.819656076
4910000	437649.509271415
4915000	693647.285444872
4920000	-224384.651675427
4925000	98649.3156373348
4930000	-767328.455452997
4935000	-56635.0437597455
4940000	539090.329254030
4945000	469360.776709181
4950000	-135688.849608844
4955000	-765292.411856751
4960000	777066.767205445
4965000	384519.996577460
4970000	124243.372724957
4975000	-926110.111779368
4980000	125163.753188586
4985000	-319106.399446538
4990000	-177505.228288303
4995000	-662547.552710372
5000000	134183.204458765
5005000	-403851.527512282
5010000	-107901.763569483
5015000	-194409.013947480
5020000	-225622.381065214
5025000	-299720.125240205
5030000	729041.848386690
5035000	80781.7602523657
5040000	110257.431924466
5045000	183763.252122689
5050000	-201805.768787876
5055000	486443.292388535
5060000	-480951.519125548
5065000	-780012.056904975
5070000	-123535.703487446
5075000	-290088.702682363
5080000	-663992.915023239
5085000	-372413.517408911
5090000	-634454.880506022
5095000	-231444.010527526
5100000	-657021.279433101
5105000	-79267.7764096386
5110000	-30539.5841311736
5115000	282374.596865774
5120000	746540.936484458
5125000	189533.037210891
5130000	-377722.654103310
5135000	494303.524037779
5140000	-128186.226872153
5145000	-590727.144938863
5150000	98968.1228536576
5155000	700198.901785931
5160000	-114901.782343294
5165000	536091.260929355
5170000	903888.578903369
5175000	-1005147.63255636
5180000	251127.495113438
5185000	206659.305812340
5190000	-810736.809742826
5195000	-285304.222409339
5200000	-715116.299509209
5205000	421557.927482535
5210000	299977.552347117
5215000	935534.738272187
5220000	640355.903600449
5225000	400751.468841557
5230000	430340.980564047
5235000	162249.561938909
5240000	688373.210281689
5245000	342213.221411955
5250000	287644.158651188
5255000	777227.332322319
5260000	539555.023490615
5265000	444501.037492897
5270000	204097.273571512
5275000	435922.286499195
5280000	-609704.665609669
5285000	177157.590836762
5290000	355627.679860890
5295000	427491.637609073
5300000	-353195.384864344
5305000	127076.223673354
5310000	-359256.343585822
5315000	-578822.733091708
5320000	-133924.253532769
5325000	626859.704261314
5330000	632817.582760532
5335000	-455728.011493919
5340000	-745604.271881504
5345000	-42655.4432923102
5350000	147427.528627442
5355000	-928762.931900196
5360000	297265.652671524
5365000	-321413.207836297
5370000	815523.037193683
5375000	-414223.532395940
5380000	407355.658273805
5385000	1297193.26900464
5390000	302301.059108686
5395000	736354.808423923
5400000	562040.077722547
5405000	-388224.890293294
5410000	148720.896077300
5415000	81442.4355018343
5420000	-542380.852039563
5425000	-448654.222415942
5430000	406262.785734997
5435000	451872.544995932
5440000	-22837.4055224632
5445000	196417.357896614
5450000	55645.7785939482
5455000	-359231.172979881
5460000	-106602.175264292
5465000	476041.587572766
5470000	-961643.233313828
5475000	-388824.531850118
5480000	160000.057509786
5485000	22774.8487969505
5490000	60769.5823633850
5495000	-242702.272058056
5500000	-213656.749385197
5505000	612990.404508643
5510000	-542653.908865502
5515000	404593.420229229
5520000	-245873.066346980
5525000	515272.003074262
5530000	-389066.992767549
5535000	-440570.209366736
5540000	196766.110753686
5545000	-99828.7294057306
5550000	-597562.902685833
5555000	-3114.46601469699
5560000	-541660.829364435
5565000	-672105.019870270
5570000	-657561.052062149
5575000	-127766.608009251
5580000	-820674.738736983
5585000	773617.644842450
5590000	125301.848287369
5595000	-307322.646269124
5600000	670131.770650356
5605000	-477061.802893057
5610000	830832.681679429
5615000	14512.5308641311
5620000	-142486.184246579
5625000	-474703.228660833
5630000	-252616.127594968
5635000	639788.151305445
5640000	-255132.889724175
5645000	-108305.545351562
5650000	-89796.1464219805
5655000	-635785.287270695
5660000	147161.331632924
5665000	438386.760315597
5670000	-307290.762379666
5675000	154160.434034185
5680000	392726.570303993
5685000	-110898.400286478
5690000	411630.354098971
5695000	-1072262.71540797
5700000	297175.805357258
5705000	-787848.119008556
5710000	160364.145884935
5715000	-263259.902974899
5720000	407965.176860547
5725000	840834.749791560
5730000	-218776.636679241
5735000	373263.581184039
5740000	-526037.583426786
5745000	579637.152613148
5750000	-16638.3918214097
5755000	-486721.783863493
5760000	590972.993457553
5765000	-630146.984239614
5770000	-622401.178123291
5775000	-677943.863866418
5780000	-119108.711840257
5785000	148780.820331604
5790000	-654994.878706630
5795000	-611772.900072786
5800000	518337.683187341
5805000	-130952.061995423
5810000	1155575.68351893
5815000	-124856.035177272
5820000	39004.4214783890
5825000	513620.998722027
5830000	-345817.445497203
5835000	220232.341875417
5840000	94612.5352183802
5845000	-589660.708128139
5850000	-161262.973884472
5855000	-183137.372905487
5860000	-1743093.26251107
5865000	285660.945701369
5870000	653248.642209236
5875000	358380.108700848
5880000	-408028.894341443
5885000	-386898.434150833
5890000	-902536.403963569
5895000	-272596.867279772
5900000	200622.173016768
5905000	-676604.606124665
5910000	223137.526357649
5915000	-338070.238086613
5920000	50899.0359950942
5925000	536014.493234157
5930000	955530.180008598
5935000	-357212.116617222
5940000	245470.491865656
5945000	-812661.669518352
5950000	-134634.392476703
5955000	333706.490320023
5960000	565119.693755167
5965000	-450497.046051269
5970000	460726.177721412
5975000	-131792.511081998
5980000	211479.095997066
5985000	945886.978374114
5990000	-174509.350377302
5995000	-139336.917439594
6000000	-671327.654240069
6005000	40797.4043603763
6010000	-899194.731058631
6015000	-35844.4615394012
6020000	-1023536.32198327
6025000	-481840.386285721
6030000	117443.099053343
6035000	-581128.989172395
6040000	233385.995752832
6045000	386086.276667457
6050000	-865555.334997004
6055000	-212089.254609006
6060000	14917.7849647898
6065000	306821.835732125
6070000	-895958.014819474
6075000	-176599.462909493
6080000	-43560.6225608079
6085000	860809.309798796
6090000	79837.0673676668
6095000	-31614.9753679977
6100000	831288.053067065
6105000	-810287.243215022
6110000	324024.259907807
6115000	-47400.0611693624
6120000	339943.235213028
6125000	386422.739574372
6130000	-704461.594310553
6135000	-296742.006200402
6140000	-601731.967933688
6145000	282205.678550740
6150000	215548.148033041
6155000	-759295.476158809
6160000	-334645.550105616
6165000	290565.655660735
6170000	-51720.9498843570
6175000	462407.931791419
6180000	1336955.66057169
6185000	1216326.66032946
6190000	-442762.560371902
6195000	-307909.914843409
6200000	756450.594348932
6205000	-646962.129873919
6210000	-169899.650609561
6215000	-799478.830745194
6220000	-625630.850407783
6225000	267744.484004106
6230000	-104136.053747149
6235000	-172457.052512281
6240000	-282478.456205011
6245000	-966335.385484846
6250000	-543365.806108840
6255000	-143042.898409313
6260000	805547.052576539
6265000	-667249.624901282
6270000	-207025.538951743
6275000	977063.264237855
6280000	58634.3133317999
6285000	197957.382854505
6290000	-30774.1553269970
6295000	86777.2880999204
6300000	13856.0265378908
6305000	-103359.068866384
6310000	134848.287607679
6315000	409592.305396492
6320000	702610.468256932
6325000	330846.904079686
6330000	1081173.24144228
6335000	286761.053531253
6340000	308483.143434224
6345000	945556.786898544
6350000	-488390.400674725
6355000	-315755.872964237
6360000	9607.73851008962
6365000	-574073.667942495
6370000	1198353.39148018
6375000	401869.498584521
6380000	-191527.290320202
6385000	84933.9240844853
6390000	-688151.944920693
6395000	1190887.34384541
6400000	-563441.019094618
6405000	210605.963823895
6410000	304512.927655873
6415000	-1218679.61824987
6420000	-117654.347273413
6425000	-186935.839076717
6430000	-87017.8009687945
6435000	-19773.2315998445
6440000	184986.786233370
6445000	1159865.20703918
6450000	-243860.429832985
6455000	-499650.872230638
6460000	-472454.936269996
6465000	-509510.213452462
6470000	-882905.257063737
6475000	-247830.871238387
6480000	308619.889169228
6485000	-761505.971312753
6490000	-689639.439852402
6495000	-980896.201001707
6500000	411149.219954152
6505000	922717.909085585
6510000	215146.070520664
6515000	-182678.158859925
6520000	755239.352825344
6525000	-859226.398002771
6530000	277603.496063180
6535000	-265002.346608383
6540000	702605.831426350
6545000	-301518.399560581
6550000	431040.350537360
6555000	96453.2881628620
6560000	20202.8890029756
6565000	515689.417689743
6570000	1464029.52875152
6575000	325417.260494222
6580000	-347370.703742145
6585000	-506191.060995621
6590000	217627.277994193
6595000	-537457.729141533
6600000	319545.771913730
6605000	-67000.5904273726
6610000	265194.084173807
6615000	-309391.800377583
6620000	256102.202787093
6625000	234858.840092851
6630000	120025.309526280
6635000	345034.687029647
6640000	210313.305295205
6645000	128395.400345567
6650000	137924.442155618
6655000	-397604.027514813
6660000	-624160.591221548
6665000	-408429.472855866
6670000	-420364.109186555
6675000	-342021.304274178
6680000	-358220.198978166
6685000	-231601.529328957
6690000	-319785.627073525
6695000	-1180925.68824318
6700000	36573.7270606767
6705000	-265551.994394977
6710000	-410860.799017559
6715000	342395.563253043
6720000	-640396.587128979
6725000	-138370.861352858
6730000	71200.0857949021
6735000	-21959.5260356502
6740000	305831.639773985
6745000	-713984.448655407
6750000	224973.845554193
6755000	892037.293944068
6760000	-545945.043647583
6765000	-1156274.68193732
6770000	327086.301903999
6775000	1104881.95689413
6780000	-74601.5100278204
6785000	729874.751311249
6790000	-787393.850817708
6795000	336920.519081440
6800000	-113848.517727496
6805000	-619562.026545749
6810000	-1279877.25478097
6815000	-537521.538335275
6820000	-304508.183110164
6825000	1035482.55830685
6830000	117952.246805569
6835000	-359564.945958064
6840000	-1119957.96251924
6845000	-476329.692327070
6850000	-908533.134587522
6855000	316321.791972983
6860000	356958.912714616
6865000	243847.988233436
6870000	-141728.924774404
6875000	-100457.244800444
6880000	-406519.203559079
6885000	1219604.28829217
6890000	-1074913.08825628
6895000	-239783.040010836
6900000	7054.21669445598
6905000	426205.017228806
6910000	-294808.281720853
6915000	-688539.725463596
6920000	633898.072659075
6925000	-8083.66520983095
6930000	1340509.46842930
6935000	-341129.335164163
6940000	423726.332669488
6945000	192911.409414399
6950000	-100307.314500561
6955000	203042.929214768
6960000	439699.782357879
6965000	-47739.8236940283
6970000	703647.836974550
6975000	-947463.555519791
6980000	123983.490385254
6985000	265083.654070977
6990000	-396369.850729051
6995000	-1274451.74564747
7000000	138105.090504243
7005000	-1268725.56610296
7010000	825688.399781374
7015000	-233727.967832912
7020000	455579.212579471
7025000	-220951.123781664
7030000	-140649.402330257
7035000	-460858.411492808
7040000	-204262.180214305
7045000	327571.910301612
7050000	-767442.171138635
7055000	-162757.330500648
7060000	-140639.574122535
7065000	179565.839471775
7070000	-608812.316377431
7075000	444253.270553597
7080000	-209625.027444546
7085000	-156485.140975811
7090000	129553.890974021
7095000	351358.699784219
7100000	-546940.176152294
7105000	924902.780316307
7110000	280848.016352584
7115000	-877013.273917016
7120000	-621389.972994285
7125000	-1161140.44375932
7130000	68763.2139313034
7135000	1024540.74381708
7140000	964462.647196688
7145000	-487455.983173633
7150000	-1165222.37756747
7155000	-651046.746388454
7160000	-514348.591387862
7165000	-336267.098681785
7170000	-330042.819139043
7175000	-17827.9639219441
7180000	-294412.157759468
7185000	-546108.989162092
7190000	377151.043322544
7195000	-616372.578045816
7200000	-497849.430741689
7205000	74348.9725181665
7210000	146372.901253432
7215000	-189287.632844724
7220000	323639.903919958
7225000	-797541.486925569
7230000	33063.9386449871
7235000	142859.114329322
7240000	564518.334899597
7245000	-37107.5449108197
7250000	-1092372.88362938
7255000	-602245.494539906
7260000	-1686258.25850464
7265000	-1468903.99952602
7270000	650982.607505190
7275000	-245750.036798731
7280000	714143.942383194
7285000	481575.660128021
7290000	-228522.425948412
7295000	553690.185552789
7300000	-900275.684505192
7305000	-233719.936644374
7310000	708429.084836264
7315000	-482434.818336830
7320000	-556518.726294330
7325000	337063.604527047
7330000	332910.159719174
7335000	-163504.842222305
7340000	143320.975651577
7345000	727578.546288946
7350000	-3041.14112604503
7355000	112333.780088261
7360000	283363.854404511
7365000	82308.6413833135
7370000	-804800.526837046
7375000	-358140.078714742
7380000	958005.680052471
7385000	-360030.918301074
7390000	552303.129384244
7395000	1125553.20516566
7400000	82162.5080772380
7405000	51222.3385474566
7410000	-211361.737905444
7415000	-551164.626163505
7420000	-1013112.49393689
7425000	723311.738263129
7430000	-277303.572631855
7435000	-143741.176720100
7440000	375909.165495214
7445000	-530188.045852001
7450000	-246464.686295391
7455000	201438.884381465
7460000	-528344.034823677
7465000	200522.097082250
7470000	-580390.991967512
7475000	-117079.418229886
7480000	1034377.17397843
7485000	-2088236.21445822
7490000	1120090.25835240
7495000	-908215.072620144
7500000	-869778.884984012
7505000	186290.941923807
7510000	-403369.911619850
7515000	-261064.080297694
7520000	262535.029293363
7525000	-443831.815955824
7530000	-425895.094517153
7535000	103581.969699087
7540000	300640.200575844
7545000	-397796.084037736
7550000	-558866.756817503
7555000	177221.196869486
7560000	-306293.846876404
7565000	-411867.412645377
7570000	352944.275776358
7575000	-739617.590814857
7580000	-1244412.77815142
7585000	-605311.401476868
7590000	27037.2668730217
7595000	-38885.7145299368
7600000	935534.650972470
7605000	621491.063177124
7610000	-7634.20235193889
7615000	-87628.3992670446
7620000	251770.265026281
7625000	336239.209938304
7630000	-556118.764634687
7635000	-234871.960491227
7640000	-102094.375878747
7645000	703287.710108691
7650000	-133588.716344230
7655000	-334905.198688545
7660000	-157805.242366948
7665000	-334987.041074046
7670000	-186606.906051731
7675000	240717.949786913
7680000	336449.008150366
7685000	103434.767561557
7690000	66894.2578016230
7695000	-468572.067291871
7700000	-14443.6862637845
7705000	210919.509783756
7710000	-309358.023881336
7715000	-908467.935203081
7720000	279214.007683956
7725000	352641.275895004
7730000	296872.937263456
7735000	-589508.958086315
7740000	1156241.21817510
7745000	179755.831015864
7750000	108916.974570999
7755000	63837.4743035164
7760000	-1133913.95570702
7765000	-803009.242317234
7770000	486159.310248003
7775000	210644.358353665
7780000	1457390.02352508
7785000	-293331.789619936
7790000	480920.958427964
7795000	712932.952906631
7800000	-411982.964688611
7805000	-236468.888246614
7810000	551302.735300239
7815000	-845255.793803693
7820000	245610.130757053
7825000	-233200.447181178
7830000	-362798.790982621
7835000	519735.816519558
7840000	-14216.1145986206
7845000	-394377.106473407
7850000	596010.254250468
7855000	-674766.158923528
7860000	-914289.613522707
7865000	-975870.117578608
7870000	-158384.958909618
7875000	831870.593317805
7880000	-965526.542996765
7885000	-324318.425458901
7890000	-1081993.99863512
7895000	-319083.824848998
7900000	326653.314731091
7905000	-858528.950453499
7910000	-619470.839192061
7915000	-151556.832091357
7920000	896617.261154468
7925000	146800.869207473
7930000	476665.945863426
7935000	-702301.393468417
7940000	236956.120607338
7945000	-955277.367682137
7950000	-60599.3374907526
7955000	-448865.724246515
7960000	-273445.102781721
7965000	256902.241960839
7970000	-259038.995665221
7975000	-218339.900801972
7980000	1009761.71077223
7985000	-210086.959498968
7990000	-663575.658516901
7995000	-667132.851451344
8000000	-951494.179932458
8005000	695339.752784832
8010000	-200850.343893286
8015000	-415655.731312942
8020000	1513266.42255973
8025000	408308.569494204
8030000	922532.643688435
8035000	705639.777846857
8040000	-1510830.41812709
8045000	437373.119209142
8050000	-195332.234477841
8055000	354933.632661513
8060000	683748.541575652
8065000	342454.309307978
8070000	-179900.580936492
8075000	95671.4171884074
8080000	-142278.267061564
8085000	13441.0666936989
8090000	-379235.658571924
8095000	-493174.460553024
8100000	-611185.123435463
8105000	146496.315503744
8110000	53678.7111989435
8115000	-1587101.14712151
8120000	255118.381828130
8125000	76990.7708023629
8130000	-355022.358873710
8135000	-609981.950042413
8140000	-60360.8557531747
8145000	-386531.044768352
8150000	-850192.964884775
8155000	276434.743565776
8160000	-158522.624147163
8165000	-821171.834376012
8170000	-72092.8855928331
8175000	392139.211105712
8180000	491019.416542366
8185000	92394.6439830614
8190000	354822.975694996
8195000	-119969.743480760
8200000	-34391.0178569490
8205000	363751.463480011
8210000	80446.9494278052
8215000	195952.310797406
8220000	-650838.649354313
8225000	-352622.820722425
8230000	-95256.7877604163
8235000	-827039.830755037
8240000	291006.191757589
8245000	530624.235485173
8250000	-577335.633825403
8255000	-230503.164794791
8260000	304465.081560478
8265000	-762239.853959860
8270000	325293.496586570
8275000	-1262422.38328079
8280000	-50150.3622028534
8285000	333723.827450816
8290000	638902.135215786
8295000	-179747.255986793
8300000	-748894.262420548
8305000	-78818.6651779793
8310000	-343988.455020826
8315000	263280.829765030
8320000	-496297.928972876
8325000	626332.388915775
8330000	-152974.392091467
8335000	-197089.900899639
8340000	-830499.764097295
8345000	309546.010044335
8350000	-1333600.45596893
8355000	319740.257852013
8360000	184839.204610846
8365000	607736.983864226
8370000	374799.730936587
8375000	671112.147193486
8380000	-124933.045074242
8385000	-26878.0748744836
8390000	-1186309.52319752
8395000	501340.191110002
8400000	-613395.892684655
8405000	-524203.380393655
8410000	-739993.698674898
8415000	329069.156549012
8420000	-624098.476928598
8425000	610147.038961974
8430000	-79556.1219293611
8435000	-296799.438344236
8440000	456878.432328513
8445000	36019.9592272658
8450000	751726.367680283
8455000	1053229.39236055
8460000	-722649.618736053
8465000	-194573.735329741
8470000	-268767.855803567
8475000	-72524.8972525475
8480000	-570735.706797269
8485000	330714.909389148
8490000	-517203.296880368
8495000	-1078701.61822039
8500000	78005.8170477826
8505000	-693253.278339656
8510000	109619.046478950
8515000	-172415.011363721
8520000	-68783.6498807470
8525000	104202.497690448
8530000	-42787.5571506711
8535000	518495.275711450
8540000	-307801.863495058
8545000	1198826.39346791
8550000	78053.9467121831
8555000	-153578.599090226
8560000	-823906.178202494
8565000	849362.619290842
8570000	825449.940090415
8575000	-536983.942875199
8580000	148369.591542741
8585000	-170927.448248556
8590000	616062.169228471
8595000	-83271.0973473410
8600000	-650007.256688726
8605000	-754358.301420008
8610000	979731.847607088
8615000	154007.357249133
8620000	1307224.64973795
8625000	1660547.66059850
8630000	-314532.764731685
8635000	160283.822378915
8640000	647380.546419277
8645000	-57094.5560416215
8650000	1040555.21263775
8655000	-611510.854255784
8660000	-552226.309803346
8665000	-497007.461478437
8670000	306603.241347994
8675000	-94446.2442375043
8680000	-77462.9461121732
8685000	675525.739899503
8690000	759689.035745494
8695000	-245495.842039975
8700000	-1016516.49996879
8705000	-70066.7347890883
8710000	384033.584325363
8715000	-158949.992930747
8720000	271135.922632035
8725000	-66629.1721812961
8730000	-22285.5337324838
8735000	108373.716523651
8740000	-1000440.93943657
8745000	2052.94938704317
8750000	676851.726704264
8755000	-4167.14941203691
8760000	248818.864689059
8765000	-316724.874578989
8770000	-813678.003867894
8775000	21749.6880871471
8780000	1063316.49939587
8785000	605166.741103515
8790000	738468.222306553
8795000	-131784.082292113
8800000	-503900.390465626
8805000	893786.933048847
8810000	713930.707232352
8815000	-227111.704234963
8820000	125023.923410737
8825000	-848968.979262962
8830000	1663461.35545342
8835000	-477118.146633978
8840000	-23941.7386829321
8845000	-258127.967497431
8850000	259353.708193241
8855000	231322.969635506
8860000	978628.525454711
8865000	-332166.472951020
8870000	-420259.415071703
8875000	-571537.060119343
8880000	258054.948386952
8885000	-804555.910303674
8890000	340239.993421986
8895000	-460952.024809855
8900000	-108889.852807665
8905000	-443286.141423914
8910000	-59461.7902931278
8915000	470819.256853410
8920000	453085.772030955
8925000	-580613.741939692
8930000	-656654.376352825
8935000	143926.897686344
8940000	654678.449056507
8945000	337453.554976206
8950000	321082.507141097
8955000	-169090.151744010
8960000	-1066379.29059031
8965000	201972.171378573
8970000	11126.5104255820
8975000	-382305.384114349
8980000	941981.752259365
8985000	363314.577169191
8990000	-201707.695935719
8995000	508513.637264434
9000000	-715858.141733457
9005000	393810.827140470
9010000	15574.1432784341
9015000	-111890.820692327
9020000	497901.971540882
9025000	-1780909.41253412
9030000	-939023.087685501
9035000	-83312.1521144838
9040000	-321484.711854329
9045000	-672975.213414566
9050000	-1087808.10018550
9055000	156130.249989647
9060000	236785.535449035
9065000	-130995.593070195
9070000	-786932.458128610
9075000	582351.771799869
9080000	423162.648999652
9085000	182386.274062259
9090000	1594.65364788166
9095000	392870.509775343
9100000	-95868.5819165597
9105000	562261.590434422
9110000	-746320.485317348
9115000	-1040393.76546844
9120000	139776.211366584
9125000	-615175.785007784
9130000	-464586.299863243
9135000	-469461.960347053
9140000	-390392.625319570
9145000	636498.103769010
9150000	440882.739545154
9155000	416825.864798138
9160000	-129697.147914672
9165000	50395.6777616834
9170000	661508.803302950
9175000	-423056.320234564
9180000	299873.066858165
9185000	-46338.2827719955
9190000	225279.546310284
9195000	327271.411249129
9200000	-1131972.92273950
9205000	532960.974371324
9210000	-140773.543724474
9215000	-625772.608209934
9220000	-278088.697365375
9225000	-599644.554675840
9230000	-317667.192999628
9235000	-551704.340016194
9240000	82194.4215257819
9245000	965877.239234313
9250000	423602.127555196
9255000	-21202.5187149984
9260000	-274097.279482677
9265000	-660084.024473082
9270000	418484.397913394
9275000	636383.896093216
9280000	-509049.982936822
9285000	-211353.919165815
9290000	-120805.335878304
9295000	-58548.4326254081
9300000	-835387.783302561
9305000	99069.0320163306
9310000	-272780.166344498
9315000	157904.836213474
9320000	587280.007720916
9325000	-395957.343527602
9330000	-802784.243751214
9335000	-832297.471476720
9340000	752511.278919682
9345000	280754.991303812
9350000	-240165.389802068
9355000	-272767.081762985
9360000	-519000.012371398
9365000	-121164.406311338
9370000	-1015046.76804436
9375000	-313999.111068498
9380000	223500.076688768
9385000	765041.582189398
9390000	387754.071915755
9395000	-627720.688618623
9400000	111491.563004395
9405000	255750.734873047
9410000	-202175.010198317
9415000	262516.500747834
9420000	195175.814011624
9425000	-672012.310877266
9430000	501594.615507739
9435000	45707.1172493117
9440000	1165363.56527879
9445000	-104528.843104023
9450000	49161.5050107977
9455000	177090.943127252
9460000	-758604.454616784
9465000	-119811.500107522
9470000	-1148352.10956035
9475000	57561.0664454795
9480000	-448235.744668075
9485000	-285463.966316985
9490000	-158651.257811832
9495000	453446.958729785
9500000	458235.168874858
9505000	1075341.37466047
9510000	-181738.130868265
9515000	-160574.950729230
9520000	-142665.850738362
9525000	28479.0156470028
9530000	-45943.5635367127
9535000	-788823.479871720
9540000	-222834.741866331
9545000	-811374.230148222
9550000	12088.4069662933
9555000	-558271.080334128
9560000	595781.564264107
9565000	-246578.969175242
9570000	-183981.973924602
9575000	-162226.745299237
9580000	-76593.8304071845
9585000	156574.056351582
9590000	409453.191661304
9595000	-556795.926268390
9600000	-231271.851020645
9605000	84489.5978024853
9610000	-336339.006265569
9615000	-208152.651728734
9620000	59991.5488374548
9625000	13540.1070299551
9630000	148624.909479787
9635000	-439920.120240755
9640000	1065749.34453737
9645000	-352396.900138988
9650000	197919.649993640
9655000	123385.598890918
9660000	-255241.211569275
9665000	43070.4469493906
9670000	762719.759518026
9675000	-544988.413498406
9680000	45824.9887825818
9685000	-186297.697223163
9690000	-1070513.17362564
9695000	80017.6251956215
9700000	-1632525.31929358
9705000	402071.271835056
9710000	-90496.7580641692
9715000	667557.198856361
9720000	-816089.373643559
9725000	92700.4508637170
9730000	705393.979084298
9735000	5111.07659622744
9740000	185340.347209445
9745000	-56429.9749341472
9750000	-585055.814370596
9755000	434671.787954208
9760000	297558.366041013
9765000	479414.504902730
9770000	49853.5622849958
9775000	-200857.669029654
9780000	-31350.8195727901
9785000	1146615.25803391
9790000	786612.153131952
9795000	96876.1667020420
9800000	-367774.635048548
9805000	-137533.707076436
9810000	269021.694114933
9815000	-46637.4187973400
9820000	277317.065736277
9825000	-127486.714390529
9830000	311913.362483351
9835000	16547.0505490444
9840000	850923.198792219
9845000	102893.422624661
9850000	407062.482842595
9855000	-667546.632064118
9860000	355174.758009003
9865000	517968.334833166
9870000	110621.502111538
9875000	363410.636009361
9880000	-788790.660881629
9885000	217131.826032772
9890000	344051.301343205
9895000	-367162.790581780
9900000	-989046.226477595
9905000	-1267910.92965841
9910000	-658535.667424069
9915000	146539.915545033
9920000	92044.1207301551
9925000	-399841.387461561
9930000	474867.343574522
9935000	358775.534752436
9940000	519948.769498787
9945000	-363812.604762033
9950000	243990.371489611
9955000	69526.3042594534
9960000	-160753.971653619
9965000	-194808.969050215
9970000	-466423.968674293
9975000	-255799.118244187
9980000	534281.950416983
9985000	-188035.674807693
9990000	-443041.803167212
9995000	-223696.493235976
10000000	-289326.519720388
