#	SIM_0.2_-7.14		#	SIM_200_-7.14		#	SIM_20_-7.14		#	SIM_2_-7.14	
1	290448.903568352	1	-43832.4584730958	1	628949.319891089	1	1172067.76292800
500	332694.363586653	500	-427902.609940590	500	-101357.138525049	500	27237.5229072789
1000	-380521.215622780	1000	-59189.0647478258	1000	-213173.642537359	1000	69396.6415878955
1500	488057.675376782	1500	733258.042848378	1500	424834.393988241	1500	1026923.81108985
2000	-114944.560917803	2000	-219176.011485177	2000	382522.913280478	2000	778626.660877973
2500	341728.831792426	2500	44573.3798348092	2500	-209945.831449165	2500	281134.824315273
3000	438432.800968037	3000	30136.8178647990	3000	655446.407597575	3000	110657.059851408
3500	-1042951.87563683	3500	339077.721443687	3500	779044.045462403	3500	-274963.322620812
4000	385137.362374135	4000	816738.496783847	4000	-27926.8205764668	4000	93149.5158574808
4500	1414638.88425869	4500	294868.455057305	4500	-146303.966456964	4500	-493732.799688369
5000	-106683.435517636	5000	532037.780909210	5000	-514098.743016909	5000	162141.066800835
5500	-648796.893893524	5500	-147146.362819150	5500	389354.104528387	5500	-203344.450909739
6000	-547421.069569278	6000	1067810.32266723	6000	-85292.0724966394	6000	101784.924931122
6500	-805057.618157033	6500	-67971.6156100926	6500	271438.939593012	6500	421356.424017576
7000	-42683.2805830003	7000	37197.3127098146	7000	354822.298800893	7000	84069.4571602742
7500	-102472.177551783	7500	466916.505813082	7500	323248.179886712	7500	-323769.614243814
8000	-184615.700283215	8000	-392495.560479725	8000	11392.8565473457	8000	37851.0190838244
8500	-575235.199516849	8500	-108911.198949937	8500	1244985.71262218	8500	629568.890288243
9000	1226078.38681807	9000	-16934.0000302450	9000	236508.980742987	9000	-63064.5693651198
9500	-169072.081834899	9500	5014.22013034586	9500	782897.108176207	9500	484270.313664097
10000	528.751123364408	10000	-17483.0937920768	10000	675992.429722030	10000	-370560.711500569
10500	-234175.284098424	10500	580761.179480559	10500	308282.668941366	10500	22316.7936813079
11000	-157959.575071575	11000	431087.558887746	11000	498130.180981780	11000	55646.4300436039
11500	98084.8853202299	11500	-494891.102558218	11500	272869.135872559	11500	425939.843806006
12000	173747.233185499	12000	578545.818535819	12000	-623752.360753615	12000	-71225.8744888199
12500	8841.32601963348	12500	-220995.589202976	12500	268553.585824221	12500	157155.395603849
13000	56901.1023702198	13000	277678.806687618	13000	686411.563507474	13000	739473.402920703
13500	583638.994961992	13500	144168.179991408	13500	247176.429774971	13500	-5610.27875096126
14000	-77568.6360833133	14000	-29243.7680937886	14000	-59552.4089784851	14000	-832650.957219451
14500	623173.280893895	14500	-55791.1123840174	14500	-170253.088844264	14500	444644.755532520
15000	-48577.9485602571	15000	-932199.090679393	15000	4160.01947999722	15000	-260268.949914351
15500	-1081079.67753320	15500	450228.741182012	15500	221151.098410858	15500	16936.8705030759
16000	176800.761081925	16000	-588135.864741593	16000	102133.326267926	16000	40926.4024704768
16500	256298.379523550	16500	14888.9006708898	16500	665446.900997798	16500	-198404.071457515
17000	-132385.542019217	17000	-83609.2338789112	17000	295117.106252168	17000	137862.103101943
17500	-170125.265277986	17500	-1693.33552470574	17500	400627.915101572	17500	-350236.376268498
18000	435406.136145065	18000	-324343.352224610	18000	5855.98588144825	18000	-172258.330725522
18500	642652.915995593	18500	475870.507224097	18500	-87772.0626332534	18500	-291370.658922205
19000	-665969.332784763	19000	684589.944717824	19000	217734.977244658	19000	627141.184539802
19500	763346.567239734	19500	-442416.695974422	19500	-177161.200937920	19500	-354396.612945140
20000	247851.238852491	20000	418443.503675102	20000	834566.563651015	20000	35147.4762391405
20500	-623291.228557156	20500	-460821.224039473	20500	309440.525269867	20500	-182420.592371167
21000	240968.920373794	21000	856641.505895492	21000	506141.274488943	21000	-177223.515181205
21500	159244.804708109	21500	335551.925863108	21500	432870.545781743	21500	96263.0735511217
22000	14569.3576739125	22000	-72377.0625599387	22000	194826.179251461	22000	-101737.920330421
22500	-298390.936863304	22500	245795.994707066	22500	288996.594813758	22500	-121036.386456348
23000	131377.559626341	23000	301528.412617397	23000	70513.7788348985	23000	121058.749021089
23500	-80236.2556248250	23500	280960.868552624	23500	566715.655026782	23500	201546.660511292
24000	-8380.45787493553	24000	281796.119533419	24000	162148.139351705	24000	502798.022881245
24500	40293.9396485799	24500	-183229.522299356	24500	254024.058470463	24500	472851.122934689
25000	-20003.2495807069	25000	-278271.298903059	25000	306766.990471709	25000	117174.579216352
25500	-521775.637646930	25500	749444.782039918	25500	373562.891525740	25500	509569.698876998
26000	-772911.056669790	26000	-85388.0836072349	26000	38509.7818379819	26000	8208.30917097928
26500	19819.7366206344	26500	452260.663220134	26500	463775.913420069	26500	41567.4217965331
27000	83486.5826013192	27000	798434.988934101	27000	298235.512333071	27000	145390.056829435
27500	247143.187755347	27500	-198708.187412881	27500	-128763.659727082	27500	478161.835980866
28000	-20312.3626544941	28000	-32108.5003086801	28000	-135814.062026125	28000	-763946.551807418
28500	-96939.8800283496	28500	205959.101365017	28500	-500377.415620261	28500	863362.600105725
29000	262174.955811565	29000	549955.033690816	29000	-232544.886346178	29000	-40729.1530409037
29500	-87443.5177542537	29500	-227318.175505586	29500	160606.801358010	29500	142431.868450059
30000	-376220.208238337	30000	228143.762334270	30000	-141362.324093234	30000	-198714.147710818
30500	-4016.54044561523	30500	132313.158528337	30500	602669.729107128	30500	-236730.569434020
31000	306918.909081546	31000	170159.509324135	31000	-161631.650715841	31000	89126.6886906105
31500	-309372.590848898	31500	615987.325400597	31500	-3881.47322904944	31500	729980.889961792
32000	442048.392376087	32000	735019.898374300	32000	-139043.262289013	32000	-49688.6799812040
32500	184671.464485308	32500	363760.615596510	32500	251324.286117461	32500	448890.437278997
33000	129866.961696802	33000	296201.115734898	33000	142172.662747218	33000	539817.869404960
33500	-44130.2090773424	33500	444416.637914527	33500	940910.719462331	33500	-69096.9400041205
34000	769242.477655774	34000	-194528.272388080	34000	-555454.592201535	34000	357005.571615938
34500	605134.610265625	34500	407400.947494578	34500	-194972.617017479	34500	54157.1627176290
35000	747379.928769034	35000	286551.467237904	35000	466624.362101023	35000	507272.294473608
35500	64595.9826524072	35500	357556.058770234	35500	-288282.277287855	35500	153118.200130864
36000	358811.677313210	36000	593365.791725538	36000	267943.809849655	36000	-76313.6580110055
36500	833905.134911590	36500	113070.697285021	36500	-166652.370667259	36500	25420.4466175995
37000	77211.3119954362	37000	-308823.894440396	37000	471517.403751325	37000	6792.10165165128
37500	-119632.208724440	37500	-42704.3443231298	37500	28012.9251347984	37500	-208070.173519907
38000	428565.907315560	38000	172651.848260725	38000	-85303.9878210768	38000	74484.6375284476
38500	71453.6015257285	38500	-130571.105748542	38500	281491.544378305	38500	284314.698894874
39000	497738.835752961	39000	-207450.398324574	39000	425035.233120520	39000	-289263.405589303
39500	395624.678127654	39500	-144671.524832056	39500	-90265.7184768861	39500	-431834.721894992
40000	-364628.796983096	40000	-583991.313885791	40000	329319.744484743	40000	463052.506708870
40500	196327.182396327	40500	670139.451844716	40500	417123.101380439	40500	379976.927040521
41000	539.123650654491	41000	430953.662338619	41000	-452959.916215525	41000	136026.627819702
41500	-14681.2492382608	41500	123037.150669422	41500	-187357.309911974	41500	-189853.470044612
42000	173224.079597685	42000	153973.849422191	42000	-437416.616854909	42000	-725508.041783363
42500	713181.321412906	42500	48642.6527680469	42500	138164.472917565	42500	509388.207013522
43000	621668.562077382	43000	-218031.499760491	43000	212205.390397422	43000	126335.305798126
43500	-50190.6117473769	43500	-128211.307205101	43500	185790.918831105	43500	-494309.408375111
44000	-713334.185638971	44000	321612.647263374	44000	686580.945829766	44000	296440.448766592
44500	38658.6978562979	44500	470785.251298117	44500	-119867.707932631	44500	194007.826524999
45000	368086.400409745	45000	98633.3191354172	45000	-115658.795596595	45000	577146.051011760
45500	-536544.583287005	45500	172164.955522671	45500	124621.232159006	45500	513919.603054202
46000	144748.044127393	46000	-61965.2960983091	46000	251646.144580315	46000	432725.598284460
46500	1125794.58279808	46500	652111.506280365	46500	424659.903755024	46500	-88531.0170156565
47000	-273971.130833446	47000	-394936.500412797	47000	255249.009212522	47000	-230923.196012320
47500	392643.870798891	47500	-238314.724352388	47500	-581795.480928395	47500	-45815.1730150312
48000	309332.920749253	48000	848643.838409128	48000	80829.7637166377	48000	48921.1597080419
48500	203885.946271776	48500	-38380.0418895462	48500	718693.735639513	48500	80111.8140699513
49000	531531.864680698	49000	400724.370143546	49000	-180691.579144231	49000	-451332.756322688
49500	-487800.380330200	49500	-34292.1928947814	49500	439038.776529820	49500	-120595.330867500
50000	136385.103555799	50000	544766.000491665	50000	165220.953747913	50000	205613.282407990
50500	650175.463305607	50500	612581.865210207	50500	-178385.474795212	50500	-362816.623689921
51000	-176399.160454414	51000	243130.059517163	51000	205726.764793768	51000	363396.673728946
51500	-377903.002143639	51500	-32407.6344904826	51500	-63718.3364336023	51500	-487899.658051363
52000	435784.627625738	52000	146754.960861692	52000	-16792.9789784040	52000	629831.657067228
52500	56063.3442214812	52500	453680.542467346	52500	-130695.662341010	52500	119048.414791622
53000	292193.363317157	53000	1006447.15242844	53000	43298.1522007493	53000	-48262.4986884918
53500	-388886.673127284	53500	607708.115848939	53500	634269.111180756	53500	-76638.6634630434
54000	574402.166773275	54000	104134.107187427	54000	31553.2198853620	54000	111288.495921911
54500	609099.503423546	54500	367848.779870524	54500	-21308.4969402342	54500	-45587.0604145834
55000	-119653.890351816	55000	161632.444708893	55000	-15798.4926006540	55000	68874.9373422903
55500	448534.381298687	55500	-149534.606488101	55500	211963.884322293	55500	417720.291935596
56000	199327.532316873	56000	385948.229372240	56000	156332.893285102	56000	-40614.9164820262
56500	447219.997439916	56500	-160182.953801753	56500	93881.2569969611	56500	297338.934453213
57000	-250360.699273945	57000	56502.8491628291	57000	489182.822976694	57000	104362.225103000
57500	-522928.014740840	57500	-18122.8468316974	57500	-166623.461641144	57500	201588.645927398
58000	-108980.096261741	58000	-202223.080652931	58000	-223480.225117146	58000	15934.6238716188
58500	-507277.794191172	58500	-305521.042572944	58500	242451.979218163	58500	167433.746393745
59000	-463820.915951087	59000	-302057.150864216	59000	508750.736066753	59000	144988.863963498
59500	484129.228060486	59500	527524.378153647	59500	553595.860427497	59500	556485.221554338
60000	179114.701361499	60000	5379.85424125135	60000	329343.699726504	60000	134798.700389305
60500	306971.278722279	60500	-157096.612689435	60500	704363.583448671	60500	41144.4514560298
61000	-510500.905085575	61000	54989.8188450010	61000	164367.462386061	61000	288050.439621441
61500	-335273.750471964	61500	49899.9246565814	61500	22776.1124808454	61500	229734.285712753
62000	19533.7255613085	62000	348500.868797580	62000	587688.612378479	62000	-1022129.52293848
62500	247947.724272861	62500	378744.539235767	62500	373331.123660443	62500	684998.126648240
63000	764833.381598059	63000	156168.528996081	63000	356311.019273099	63000	-470186.921114804
63500	202999.078880067	63500	425789.020457175	63500	122353.375758126	63500	38538.6445194458
64000	1068372.34185499	64000	-277215.365824509	64000	-432901.951870696	64000	-214015.321328369
64500	431569.324012553	64500	626753.821875515	64500	-635748.194535819	64500	-246531.614678165
65000	-50734.3092587147	65000	-184880.755799125	65000	-472870.346732344	65000	824500.958529131
65500	-62450.6333543796	65500	193048.447910329	65500	-204451.985351934	65500	207978.422960634
66000	-202462.565345271	66000	-13120.4959689352	66000	-586287.436576271	66000	-39515.8812458084
66500	304070.569070044	66500	111898.845754498	66500	115585.455344175	66500	-253805.016173264
67000	224583.828362340	67000	28969.5082253651	67000	-405566.315266869	67000	-75798.2638365841
67500	-512510.172070870	67500	275208.501897824	67500	-334061.402884725	67500	-144714.556197145
68000	-278777.173343355	68000	16702.1428817600	68000	-310106.397498705	68000	218886.949314862
68500	11978.0052013989	68500	-77803.4320216261	68500	-339837.458074871	68500	-52894.9272542672
69000	615718.749648919	69000	-345113.283113247	69000	-6161.72621446409	69000	589037.414845977
69500	54481.5265508886	69500	-6381.53654240301	69500	4610.92866619068	69500	-292311.522150869
70000	230974.080621780	70000	-225976.531788696	70000	517295.285288553	70000	486771.021819216
70500	521108.667666488	70500	-178999.487253872	70500	153385.804510225	70500	-155286.816229582
71000	487700.557165462	71000	-90307.5963836504	71000	-122682.099327891	71000	412246.557232510
71500	1055306.01761046	71500	-238948.195361692	71500	-393774.385284632	71500	57647.6820410886
72000	-157626.473835972	72000	-118929.866821407	72000	383377.586632099	72000	508688.684636426
72500	-61866.0689704993	72500	-177093.960839942	72500	267630.308317147	72500	-90199.2080543982
73000	-806775.923195388	73000	122715.529133822	73000	-126209.723158440	73000	73568.8363417933
73500	-390221.415079259	73500	238802.791759702	73500	-6187.65363964458	73500	-4902.57050071211
74000	-283715.796781230	74000	-6389.91245553918	74000	173184.803668036	74000	-91281.1354822536
74500	304933.026358112	74500	317940.275075983	74500	223562.930278154	74500	102700.259214449
75000	121580.505774611	75000	820331.299998211	75000	302818.173033751	75000	223747.376243821
75500	-111695.704703725	75500	-139554.640592261	75500	88230.4474638665	75500	-9606.67824789292
76000	774507.568530062	76000	155036.617507818	76000	472461.118857148	76000	428169.202174223
76500	150667.798107230	76500	-455477.526986638	76500	183962.099559444	76500	-39806.2050017783
77000	317983.073684367	77000	15005.5438683695	77000	-208773.180015644	77000	465819.651003791
77500	154699.740477798	77500	-189521.746326296	77500	92986.3787189984	77500	-369061.720336912
78000	-447556.714974934	78000	162525.383518622	78000	715260.462912075	78000	-209211.667410112
78500	407578.012715566	78500	239970.957578584	78500	-76811.8361654601	78500	-309346.736936952
79000	-181845.047742027	79000	-34148.3299118918	79000	256802.809818299	79000	155872.963673878
79500	1139061.81380389	79500	205116.449069687	79500	251756.363830406	79500	-16208.0180863785
80000	667956.428560106	80000	410832.667212753	80000	492119.095903013	80000	150190.197340824
80500	372210.706916307	80500	-87483.3339998890	80500	-221193.530007816	80500	394433.974035524
81000	-287455.217435109	81000	-246307.273957077	81000	-276737.512626164	81000	-64976.6188353551
81500	860548.009897790	81500	-95285.7367256091	81500	185339.290552964	81500	105404.584467039
82000	79828.2269822102	82000	-273352.098396322	82000	338494.238187213	82000	687383.846271666
82500	221375.192663829	82500	403906.175841666	82500	-93346.5080076181	82500	706263.743864684
83000	-222851.659169841	83000	385844.681811327	83000	941761.377776545	83000	400316.191185560
83500	734400.095034930	83500	798448.341812453	83500	715078.863819157	83500	224010.936371812
84000	-402810.489973317	84000	-747691.172368753	84000	-119278.294710213	84000	566697.398138639
84500	162298.613431065	84500	-142919.296280731	84500	261149.509729823	84500	-184647.998395896
85000	-712735.255539942	85000	287582.979417454	85000	-110132.125013489	85000	759467.267889927
85500	945847.680545299	85500	-279306.985115151	85500	-118841.760152301	85500	86228.2419352214
86000	-422960.780616465	86000	-449193.791871072	86000	145302.058064435	86000	-268577.831185746
86500	-92161.5331859546	86500	761203.938223083	86500	235063.588828184	86500	703696.095572989
87000	-267301.678916199	87000	-488595.602250750	87000	-197177.302819822	87000	70181.1462898689
87500	584188.376346204	87500	389475.193896302	87500	-413900.248602101	87500	781450.365630823
88000	403204.397775067	88000	293745.802504972	88000	-470894.591894974	88000	745346.274576320
88500	95099.1035447185	88500	-268594.665770875	88500	-557100.472468816	88500	5523.19458925629
89000	-604958.474047614	89000	-51748.8221593202	89000	54480.7414320419	89000	625942.435430926
89500	-273389.481484642	89500	83079.4679679219	89500	-66534.5739872753	89500	699812.463224146
90000	242116.903200121	90000	305119.548177943	90000	130542.855900366	90000	295216.159285257
90500	-381069.787680742	90500	523476.951976845	90500	-116652.739088840	90500	-390856.134367516
91000	1132538.95519760	91000	546170.386162672	91000	486387.342172676	91000	98233.3743946402
91500	-767712.401892380	91500	407014.930336876	91500	-62855.7973919043	91500	-85257.5297741273
92000	243344.948888134	92000	539249.671951561	92000	-108086.776557686	92000	481948.976899370
92500	-606519.713242411	92500	133199.079513701	92500	-213684.208833112	92500	1720.55747848080
93000	338002.311338385	93000	145456.948651247	93000	-66446.2642132882	93000	-87532.6686506446
93500	-40972.5072293707	93500	880.047518328181	93500	-523071.225353595	93500	551011.649816321
94000	316920.654986594	94000	422482.938279011	94000	701426.771344317	94000	-275065.412070292
94500	-76324.1236094490	94500	643119.228185616	94500	90382.0476390347	94500	-57638.0169117362
95000	263786.201923994	95000	-477718.375817370	95000	-96951.2522334575	95000	687837.646222193
95500	13691.7567711777	95500	-654959.280601917	95500	-369194.545684484	95500	94359.3552539713
96000	1147709.94428838	96000	-309893.781718472	96000	-93664.2766734836	96000	-408854.106067016
96500	1004496.54301814	96500	416441.925543384	96500	52657.2768191189	96500	-166587.667427468
97000	474626.668266584	97000	365530.879378937	97000	139594.102616150	97000	-135195.054765454
97500	620130.974497002	97500	436604.050975812	97500	634661.578434306	97500	283393.504801348
98000	-302119.069896156	98000	-211054.020148963	98000	-125210.541289303	98000	265903.142487205
98500	-783630.350659905	98500	1019238.06529775	98500	506647.648000806	98500	66309.5309621030
99000	-196208.564963834	99000	259442.069787752	99000	29762.5830610754	99000	-18408.9779173457
99500	305591.124636758	99500	321400.257842748	99500	368529.723173946	99500	601875.268031304
100000	13314.2160838282	100000	-113124.148067354	100000	2804.18619186535	100000	189129.642631914
100500	138423.467587537	100500	-140203.919840142	100500	-175553.443793469	100500	513562.187281535
101000	83953.7584691025	101000	669540.165678814	101000	831621.270596413	101000	-412354.739851443
101500	125554.773487446	101500	-575904.345156954	101500	255686.166230052	101500	-336521.574547903
102000	-25654.7174668182	102000	596903.565185555	102000	489052.413538580	102000	522572.539339957
102500	24838.4123597841	102500	-254119.092747763	102500	818046.650781303	102500	268045.371453089
103000	-275776.881186317	103000	52561.1624380405	103000	-1327772.28563285	103000	-724917.966436350
103500	-265665.629702193	103500	-140805.260819615	103500	-53442.8141515551	103500	302993.121988758
104000	-541016.649685530	104000	-476186.226536962	104000	-53888.3586940604	104000	371496.043728857
104500	-235266.921922813	104500	-624460.930956648	104500	30110.2776587283	104500	449644.179762234
105000	868125.273037404	105000	-51010.3354154325	105000	451639.623242757	105000	234246.114453163
105500	489867.314036042	105500	-67340.3650413004	105500	75874.4325124868	105500	-126483.467935786
106000	299347.402715913	106000	109362.919920752	106000	204373.694235105	106000	19481.1045130021
106500	563081.276344159	106500	90166.4363249414	106500	353270.125339366	106500	8267.89456551129
107000	512804.908703003	107000	267824.303322023	107000	240381.551715976	107000	614193.413025642
107500	48027.5946054295	107500	545065.810562531	107500	658069.050078323	107500	-75218.2107711984
108000	887514.842285372	108000	528849.220991128	108000	-232932.681985469	108000	314559.038991632
108500	186197.793248982	108500	-537960.860658351	108500	7628.93736223360	108500	-614344.739813921
109000	258820.773655135	109000	1056645.66432458	109000	43143.5028550380	109000	-24441.3064412227
109500	863439.359355691	109500	816811.934986697	109500	386005.297113789	109500	272425.994078958
110000	-69129.7461088902	110000	-40484.4590639478	110000	113027.258202966	110000	357530.742283524
110500	-436543.853497278	110500	-279971.419991602	110500	210317.398075365	110500	284094.497687219
111000	-121001.695496581	111000	314123.251390933	111000	-96614.5932504581	111000	108571.892197178
111500	355007.706038935	111500	-691484.705191090	111500	-563909.341718857	111500	109631.124901228
112000	-184432.748021553	112000	64782.5798844288	112000	-11558.1223780543	112000	-650703.281086841
112500	27715.8892336761	112500	63968.0089517787	112500	783267.264089590	112500	-849521.888181137
113000	117833.799241031	113000	-140712.870432276	113000	697351.762197652	113000	414914.797067824
113500	579284.418965752	113500	542482.760236972	113500	184580.611645507	113500	-279589.488208890
114000	248455.041789686	114000	36520.2685920291	114000	8637.52194295703	114000	-213630.252674302
114500	500251.984377921	114500	-447972.777197149	114500	378434.051478348	114500	-116615.616086120
115000	-39601.9783366534	115000	-217226.377913365	115000	366027.321587738	115000	-402482.941802345
115500	894568.668355441	115500	84417.9071922483	115500	397698.011953705	115500	392591.939098193
116000	-20772.1605966922	116000	152845.420338333	116000	-309812.179757232	116000	383012.546143512
116500	284728.060470794	116500	333887.715461189	116500	-667723.995590794	116500	-65321.4289753641
117000	-197939.056584603	117000	116928.977161019	117000	-444915.502355261	117000	-371816.840274643
117500	-89590.1846030661	117500	152449.463191002	117500	-552608.927215983	117500	158356.322950435
118000	-16910.0532811612	118000	-236429.661039834	118000	727050.223170973	118000	58543.9991283469
118500	57405.5892771133	118500	146985.135146221	118500	142551.206739433	118500	309645.265994335
119000	148703.214696914	119000	55262.4586546098	119000	-346705.509124330	119000	-86091.1020444037
119500	-407144.712533102	119500	-136482.461655831	119500	428570.082118553	119500	187306.565622183
120000	243825.301079925	120000	355037.836931809	120000	567699.895992879	120000	-103301.851046610
120500	835966.787820654	120500	330021.817653639	120500	-68119.9473750253	120500	761600.161893457
121000	-363615.716264711	121000	-87636.3357242935	121000	273171.819187599	121000	-90265.3183535089
121500	-22698.5967039594	121500	804947.591660787	121500	329460.164054924	121500	369454.560063385
122000	1111401.18883591	122000	-753139.949856787	122000	556062.291112919	122000	-383692.710212715
122500	402406.118976141	122500	-255026.651702123	122500	18906.1301879084	122500	-832548.406719076
123000	-518444.125253565	123000	-49174.7025027349	123000	406089.217453964	123000	369709.354792947
123500	-543374.325112709	123500	-231639.970103305	123500	41798.3590698554	123500	239200.883238579
124000	387448.165734369	124000	459525.575843960	124000	32917.0824144275	124000	-109205.627398292
124500	-183734.883210338	124500	-155158.817630553	124500	262603.829240983	124500	-227118.546281466
125000	150147.296294016	125000	297280.512041091	125000	-198322.587962312	125000	-9490.04183538918
125500	700760.826067356	125500	-260727.873164787	125500	219624.507640387	125500	-170536.812763241
126000	143070.025903755	126000	227616.875257210	126000	112706.817890270	126000	294306.969216163
126500	1285051.56115406	126500	161111.941303546	126500	81460.8408969818	126500	289172.255998386
127000	128308.864986478	127000	411505.617305748	127000	-123136.022308405	127000	366195.012031401
127500	-324239.260294052	127500	54743.7281689401	127500	52386.0047316946	127500	162887.181119668
128000	673612.490739947	128000	39599.1719230009	128000	-154419.172972302	128000	21584.4095175128
128500	352929.926394219	128500	11895.6175978583	128500	409468.023665806	128500	-504922.706110044
129000	321463.859954098	129000	55854.2711833004	129000	-333281.685123441	129000	-361109.989242656
129500	807346.964294402	129500	137191.582734993	129500	104698.339172496	129500	-174392.745169281
130000	383257.828472550	130000	-119260.075841839	130000	286609.348671895	130000	-326450.563208745
130500	-713509.071731190	130500	-169598.144184361	130500	236991.731338406	130500	200478.813304816
131000	838510.579113559	131000	106113.930780060	131000	-117345.786216315	131000	1150902.84514492
131500	312335.368589522	131500	488189.988433173	131500	588729.615871782	131500	189363.859650399
132000	-344020.460414737	132000	-1007148.45211499	132000	69590.1367723090	132000	-510139.889069226
132500	-531614.717724894	132500	-593802.331341707	132500	-65734.9088774196	132500	-53144.0493662293
133000	112607.273933001	133000	95975.7515897033	133000	741777.542880591	133000	617908.627220626
133500	-575702.858742518	133500	532995.543480831	133500	696326.358924928	133500	723338.227079573
134000	-99260.3800266484	134000	576656.983718498	134000	232588.591376850	134000	227848.241155098
134500	380218.655200840	134500	170124.896593634	134500	323195.288295461	134500	234451.203545821
135000	342891.208035734	135000	102251.965119810	135000	236917.391620340	135000	-181593.291477246
135500	-225920.600068848	135500	-309207.869470392	135500	259351.191004238	135500	251034.389089304
136000	419144.992174638	136000	3228.75314658050	136000	-662761.219639937	136000	-362837.824869236
136500	383265.347217392	136500	687260.399756551	136500	-196649.539224502	136500	365219.970594659
137000	-225019.042237928	137000	-114104.506248213	137000	854891.613347743	137000	427819.923256095
137500	630910.583871386	137500	-290611.581430281	137500	702084.185243260	137500	-263425.581948773
138000	376210.942600103	138000	1022.19163890065	138000	337924.173516230	138000	340541.246917715
138500	-34813.0534036247	138500	668047.162985095	138500	-174709.568590417	138500	648120.517827729
139000	-1150722.11612750	139000	79468.6342042475	139000	-77140.6485401864	139000	94962.5607408846
139500	199827.544972392	139500	410263.904314451	139500	-8315.82033865113	139500	452766.188635372
140000	639072.446325890	140000	40740.8391706994	140000	-458275.870648585	140000	-311698.608481743
140500	-535014.552270268	140500	58465.0067257847	140500	-243668.273404033	140500	254997.225191333
141000	-182965.274474069	141000	102258.714675471	141000	-207362.655657627	141000	-37715.7584387779
141500	323649.998849969	141500	952549.766285470	141500	527226.223663429	141500	-342499.395113366
142000	300764.475384437	142000	11832.3553316507	142000	-434973.666220844	142000	-5533.21568946796
142500	-179326.258675080	142500	-81268.3729572008	142500	341976.488802198	142500	-239222.335913951
143000	482471.540560484	143000	-218255.193016747	143000	248488.866222632	143000	-184348.867932365
143500	118736.109005900	143500	649043.546007062	143500	709237.216432352	143500	-681006.568961446
144000	-70577.7475307752	144000	1357193.18214459	144000	6030.36987700432	144000	684414.022541551
144500	74360.8926895995	144500	20248.9793350116	144500	-297570.029565350	144500	129411.202381194
145000	753881.874640479	145000	-107649.805718018	145000	-576479.100216345	145000	118882.196110631
145500	-83300.5780204309	145500	146815.839917975	145500	-344939.819002307	145500	348967.913069912
146000	-783152.052563873	146000	269249.753697052	146000	-758444.595658285	146000	-287153.199333705
146500	212663.426013750	146500	61987.6809970950	146500	-255098.035934198	146500	590116.091736018
147000	461618.434558762	147000	-115188.169961290	147000	528387.216437701	147000	-321848.386153521
147500	-609933.869002199	147500	-79559.6849803024	147500	703088.239953034	147500	691471.064339831
148000	-11500.8798477527	148000	139826.193226161	148000	587402.222796196	148000	365070.960827215
148500	-395951.958535224	148500	606394.461984639	148500	856392.791745442	148500	70206.5515473491
149000	528503.560067939	149000	183378.311657741	149000	170857.129192201	149000	264265.364604842
149500	157673.982699640	149500	371757.260931418	149500	803277.922376072	149500	221753.745561562
150000	-363924.447670496	150000	-123348.353366104	150000	304649.707414996	150000	-39664.8615092671
150500	753096.590435389	150500	-142536.427945977	150500	361921.178407298	150500	414114.704287103
151000	875681.185518576	151000	484728.472021510	151000	590007.579951950	151000	-45149.2790777929
151500	414024.241447710	151500	-510428.028373510	151500	762777.753454827	151500	-373241.060133845
152000	497255.296713622	152000	-311536.793423013	152000	-494190.699105598	152000	-194592.363708767
152500	587113.371703061	152500	529863.927219344	152500	-227702.716932266	152500	48655.6961039837
153000	311539.447706306	153000	364327.946121079	153000	880742.241166709	153000	-349603.704582214
153500	-1829722.60582359	153500	-26916.1103615161	153500	201710.038716960	153500	-137632.885485740
154000	-280968.865785541	154000	141188.561827818	154000	298306.775310190	154000	845251.382839752
154500	828196.297569038	154500	796591.985997898	154500	14738.1445154344	154500	276404.078015064
155000	456533.870867064	155000	-556440.495633314	155000	-340332.998920464	155000	-274002.275840412
155500	-11223.9964170435	155500	-488495.690960107	155500	-257433.419887248	155500	-63181.7816880946
156000	-587703.671451078	156000	-647842.501478785	156000	-762330.055484852	156000	-170426.407650504
156500	209546.432299662	156500	120088.200735529	156500	56385.8797094050	156500	176090.296046397
157000	212938.753668212	157000	249832.880113213	157000	342165.858014440	157000	566265.242526402
157500	44606.2864143079	157500	311704.805183941	157500	-171617.463325667	157500	625998.141859284
158000	569902.861551909	158000	884168.760768687	158000	490573.859250353	158000	31636.0879311661
158500	826849.056752462	158500	339969.356878927	158500	25872.0364697001	158500	447830.898958447
159000	804514.888071160	159000	1012688.47044267	159000	347850.355079447	159000	439055.193804724
159500	389251.903237424	159500	-2617.32259385620	159500	-491671.373945829	159500	350520.276853932
160000	-167038.000468361	160000	431256.518949681	160000	737609.412100955	160000	124794.217106063
160500	423539.981826830	160500	-188989.303523185	160500	481364.817253645	160500	368361.120802908
161000	-36947.3885674462	161000	135325.144681006	161000	449790.213783512	161000	167589.805357308
161500	299647.088706358	161500	554577.210645107	161500	-333448.544867061	161500	465068.821981981
162000	-225494.764170887	162000	357041.469425374	162000	-598988.461304744	162000	-222331.957406993
162500	-234198.044582752	162500	85751.2313528522	162500	22036.2405104399	162500	-213102.115289846
163000	-4578.59585280050	163000	-68257.0724397237	163000	-96184.5252336162	163000	-609143.342290198
163500	-171562.033413041	163500	183804.787868895	163500	39192.9383122332	163500	173377.504727649
164000	706667.645957728	164000	536340.814515790	164000	144175.894591833	164000	-196383.079390835
164500	423860.467801336	164500	-84981.6130130833	164500	889348.799341680	164500	763615.789745130
165000	-396804.657437195	165000	-613873.558564269	165000	-168851.590849958	165000	-155223.438137575
165500	16940.0840951343	165500	199933.643004437	165500	235350.331056564	165500	406003.459592076
166000	304128.620560678	166000	-185702.748560608	166000	316431.906670170	166000	-143980.961430263
166500	-298786.810072559	166500	181083.012556514	166500	329431.365679202	166500	519448.060080717
167000	75838.0641937433	167000	205447.190184836	167000	-671256.472044396	167000	-446425.768978062
167500	-169197.658407345	167500	-21097.5497274871	167500	117099.519678147	167500	41146.4915770342
168000	-361582.588912073	168000	263628.078025132	168000	842128.842530449	168000	-213586.651342794
168500	-11510.5355833018	168500	-599132.410391428	168500	198243.599607820	168500	-279474.015652410
169000	-630282.169840528	169000	-347565.294055032	169000	457980.352367251	169000	-608618.768789489
169500	-127006.742100878	169500	-401470.055217941	169500	-63165.3857527115	169500	45791.3020576567
170000	-339546.988756106	170000	-466802.957946830	170000	-95299.3301332016	170000	72202.8612906620
170500	-343036.859287226	170500	-296538.892521748	170500	9493.52886849981	170500	5763.54073636804
171000	-38844.7624768795	171000	-424324.016773087	171000	-471923.694659151	171000	397967.882779874
171500	309636.026081152	171500	-484426.043007260	171500	259190.077819925	171500	-120027.874182144
172000	-570565.835205775	172000	-244116.579312431	172000	-192260.835574107	172000	141958.832902376
172500	457254.405067574	172500	49017.3003436681	172500	735110.161997187	172500	14868.8179730378
173000	-623917.653095916	173000	-644808.893785026	173000	-136652.111595999	173000	-262208.731481403
173500	-280134.832891507	173500	-419600.672295304	173500	39941.0711727059	173500	-216052.098943536
174000	579357.213628781	174000	-34479.1790505918	174000	491121.142330524	174000	-228510.252766120
174500	518307.111709301	174500	-189994.463257492	174500	-356476.066546543	174500	330696.343308909
175000	-535060.958890125	175000	709658.827202992	175000	385558.124464282	175000	25138.4294734987
175500	78117.1289031625	175500	59917.5201917477	175500	350667.129584236	175500	9218.05051766041
176000	-1143079.92586461	176000	235288.356798694	176000	-202489.895448052	176000	-303347.446225387
176500	428876.833969126	176500	317503.032033848	176500	-690769.396733681	176500	180440.659619257
177000	-349842.365116661	177000	516316.341239207	177000	-263864.123438517	177000	311252.869982373
177500	638556.621621955	177500	549479.539969275	177500	145528.793938868	177500	262155.890578254
178000	859808.065380446	178000	-8776.51758765280	178000	-368449.114272831	178000	513293.216693118
178500	383835.633629489	178500	-253007.117670992	178500	391310.613938645	178500	119741.334509764
179000	148520.545740199	179000	437559.022413501	179000	385114.724403791	179000	718733.762801063
179500	338966.763410564	179500	153352.173303544	179500	38817.4968981477	179500	462893.475383887
180000	398858.568564902	180000	222414.642004376	180000	418326.628524474	180000	453782.403617953
180500	-689692.188099273	180500	631526.293160700	180500	584990.457057223	180500	521155.421513574
181000	240289.390986059	181000	117347.416227961	181000	-442681.384522967	181000	28951.4366842027
181500	379414.422341577	181500	60418.4458642352	181500	412096.426158385	181500	21624.8669430583
182000	-12260.5621595387	182000	252910.193387763	182000	486065.345186560	182000	342427.390160260
182500	137172.212329119	182500	-35583.5756266957	182500	183275.975129533	182500	191732.299747727
183000	770114.092251015	183000	-306919.302002239	183000	348390.983406003	183000	-60298.2257722931
183500	744746.651011299	183500	478923.118932780	183500	10275.3906308147	183500	-201578.601668107
184000	824925.034851578	184000	-202044.569293834	184000	-535668.786547001	184000	670403.236829459
184500	373593.127075007	184500	446348.868691428	184500	136330.158066069	184500	267367.346465945
185000	213725.147175969	185000	850940.948335431	185000	485755.010826969	185000	-227434.402867063
185500	-255688.087435051	185500	128021.915400887	185500	103134.994305522	185500	19967.4385530236
186000	293344.283950042	186000	-35687.1311533257	186000	-48540.9484391377	186000	94227.5296869333
186500	826619.826796329	186500	596244.727740302	186500	-50039.0101225810	186500	379159.371040253
187000	364977.987930858	187000	-561902.270080915	187000	20582.9279104398	187000	-277118.766775570
187500	676069.657856578	187500	576494.408559822	187500	929837.768354729	187500	617171.977449992
188000	397246.679775437	188000	-60702.3057095955	188000	542135.628301280	188000	234714.009843139
188500	250756.576023328	188500	65161.8631519031	188500	142315.698965838	188500	-284084.655273326
189000	-32491.9534834211	189000	613664.126469043	189000	-262126.638315894	189000	453730.071239820
189500	56193.1350694203	189500	-205853.723238386	189500	220672.035824606	189500	-399489.611381814
190000	759663.725942974	190000	-472315.908848268	190000	438947.826111682	190000	-310994.382121384
190500	273536.540845737	190500	220169.756607279	190500	521978.964835286	190500	-281555.530591260
191000	7012.43703066924	191000	-13781.9167398125	191000	197984.840683133	191000	-22054.7874531319
191500	322671.444792051	191500	498716.741091496	191500	-181687.215701990	191500	-189472.370225940
192000	286542.057789530	192000	231014.712624387	192000	-195476.750223374	192000	258939.022995373
192500	-901970.800420318	192500	-187145.290067852	192500	-731711.497625776	192500	403116.208789347
193000	-495618.714218166	193000	190905.828402157	193000	13669.5591452690	193000	340202.849394951
193500	160333.758410524	193500	305590.076965492	193500	996609.453422091	193500	843825.252335194
194000	522669.649868352	194000	457268.482383878	194000	1045130.71609437	194000	411242.984065382
194500	469259.476757523	194500	-136672.778480246	194500	-78203.2482989959	194500	163108.740526471
195000	231614.627802862	195000	522743.037044863	195000	216292.255210441	195000	434664.338415334
195500	-263394.135694122	195500	791290.153784197	195500	88354.2627782228	195500	530239.622976709
196000	368928.227402786	196000	508164.400195737	196000	-228323.044760679	196000	-206425.921817224
196500	575449.879088517	196500	-26531.7442018014	196500	249218.783293054	196500	449851.492197003
197000	127425.893266038	197000	360154.950235019	197000	598032.015543210	197000	980446.075111976
197500	-604301.357482208	197500	69135.9320069620	197500	27808.1115924821	197500	355998.306632649
198000	163967.342321444	198000	-25031.4514616304	198000	81290.2499508443	198000	349873.479150904
198500	312756.041770421	198500	-49949.2810252423	198500	-669536.445883115	198500	865781.773055858
199000	203030.524616662	199000	404439.896642851	199000	-19305.9385965837	199000	-107296.877438042
199500	458643.782647808	199500	115035.652665386	199500	-298590.011831958	199500	-454645.067485818
200000	-217836.072754965	200000	-94247.8187771047	200000	306209.079823623	200000	326138.302918702
