#	SIM_0.2_-7.14		#	SIM_200_-7.14		#	SIM_20_-7.14		#	SIM_2_-7.14	
1	-438558.817830138	1	-1560415.42817242	1	220866.211797613	1	1272398.53734049
500	1070325.06148666	500	-406892.134341731	500	-175074.163295230	500	1521172.98619073
1000	-17037.7374660937	1000	-580930.071300097	1000	-62712.2731013237	1000	-1802162.01233176
1500	261357.645157568	1500	-204412.546547203	1500	-889089.588191926	1500	1065875.00062693
2000	33666.6134431899	2000	-18726.6769314344	2000	1059434.97909803	2000	899429.020769138
2500	-62728.4558355970	2500	-612000.902080942	2500	-932391.667710864	2500	-391345.758521416
3000	1124660.96182572	3000	-2022349.42657058	3000	36535.7329608406	3000	53339.1633026227
3500	-2146067.44666571	3500	1220102.76918828	3500	122874.024145490	3500	-414899.450960484
4000	1295742.29754433	4000	1388654.84768451	4000	1456731.52151406	4000	-492024.233933150
4500	2372636.17044728	4500	-362629.230293176	4500	-594718.782958440	4500	-325147.109008932
5000	-986243.197698646	5000	1073574.63862402	5000	-1226887.39908018	5000	-474400.492900093
5500	-397782.749735295	5500	49899.6428349062	5500	376497.172832743	5500	-549097.734477225
6000	931769.203931402	6000	2086389.48017912	6000	-283073.963211463	6000	415130.850262314
6500	-1482558.88065000	6500	1214772.48368935	6500	-138994.711231655	6500	818318.405012667
7000	-1043659.21290965	7000	-602281.398445805	7000	-352089.026962272	7000	-550759.791785683
7500	-719177.907080101	7500	388185.851314094	7500	677537.869951865	7500	-1807488.63519326
8000	676722.137669509	8000	-170239.073627894	8000	439784.157763151	8000	2100637.49967605
8500	-1166587.70176934	8500	714023.056766521	8500	715387.564713206	8500	605225.761413090
9000	870665.780627881	9000	-913034.388955993	9000	604445.296008743	9000	181413.588993916
9500	-175285.646763252	9500	-668374.319059492	9500	1240781.28642350	9500	1523934.49103716
10000	746035.755354698	10000	-109145.365764039	10000	-134043.278603039	10000	-872628.958386041
10500	176552.386962450	10500	206681.194937823	10500	-879903.080641597	10500	-2044481.47269802
11000	-1222215.60355033	11000	-461193.466872733	11000	1219556.25538459	11000	-664257.934899783
11500	-319995.796548676	11500	-447231.591770617	11500	-550109.238429663	11500	1311311.86102800
12000	-1522906.91081300	12000	193776.458363629	12000	-2355847.52753854	12000	-409100.866429589
12500	134325.591815429	12500	342612.715732981	12500	154932.838573107	12500	416877.652598146
13000	461249.358005722	13000	164448.202265605	13000	-10400.4421486512	13000	1957571.23099113
13500	887135.009412627	13500	-440656.821823623	13500	29837.7802847139	13500	-1185573.85907264
14000	-667455.083258042	14000	-954258.265083468	14000	263716.897347843	14000	-2056595.81615961
14500	878065.719690157	14500	-594227.931596417	14500	820574.339729014	14500	794483.988483343
15000	379819.720689865	15000	-721205.200724867	15000	-830091.008672987	15000	397647.809056742
15500	-717526.653446540	15500	-603079.380866360	15500	649298.830230988	15500	-591021.705787845
16000	194609.526624531	16000	-795010.426662006	16000	945318.641163245	16000	-874212.643324861
16500	-724946.797404249	16500	521351.625972084	16500	-371216.576007356	16500	940458.062261238
17000	-447642.174177820	17000	-144599.150367057	17000	-5715.48078778851	17000	-1201767.06164618
17500	137876.177931959	17500	-661659.135666969	17500	529922.303371285	17500	-1768843.42493620
18000	607138.824062668	18000	-1158777.77302280	18000	385308.997940754	18000	-141484.761667083
18500	102407.663116059	18500	388331.968762374	18500	-516164.584875791	18500	-418309.202436076
19000	-1288859.75659815	19000	1640250.26881465	19000	1098577.72366301	19000	303815.620637972
19500	2234715.80024901	19500	-424210.500926950	19500	-420518.785568500	19500	-821468.424211377
20000	1216187.87187882	20000	987576.891201244	20000	1463663.83670506	20000	378399.060581729
20500	-1788787.69854359	20500	-690854.478274790	20500	2228832.28185590	20500	-602414.844240516
21000	424312.571863254	21000	1814467.24311387	21000	-55859.9908969551	21000	-272544.114560400
21500	44391.7777954510	21500	951329.720318194	21500	-221393.407434016	21500	-811174.052810332
22000	560033.514451918	22000	-1542080.95516416	22000	-1158456.56933888	22000	639136.506725833
22500	-571799.550951626	22500	-1004498.85296928	22500	-1022153.38770425	22500	-663480.217078385
23000	-71518.8441081946	23000	-769197.709644942	23000	420679.733312572	23000	-556306.121436997
23500	460318.664024435	23500	1190626.26189574	23500	524030.066718853	23500	1166861.00463385
24000	294874.163292044	24000	348989.733333216	24000	-770066.590553379	24000	1638721.44805062
24500	1026645.63707013	24500	2293.54833635511	24500	-296310.455162027	24500	-1652491.02490816
25000	-613445.842134661	25000	-1289635.67149007	25000	75003.5904215746	25000	-176674.219497320
25500	410847.783504693	25500	535601.986978982	25500	-1172211.75299429	25500	51178.5392735701
26000	-897378.324820689	26000	-1170827.42085075	26000	-702298.999008439	26000	-765172.486186179
26500	-736854.657433004	26500	-111921.801245025	26500	-372070.688560270	26500	573113.655911778
27000	-167545.961490591	27000	1272825.83663079	27000	63102.7489662929	27000	214508.562727542
27500	-179300.088951551	27500	383355.443835586	27500	-1342921.61021449	27500	-548423.628108439
28000	-2081119.60467253	28000	-423664.818472917	28000	-720084.465375890	28000	-977363.853196203
28500	-264209.000183028	28500	6303.05514720633	28500	-767406.637644424	28500	227768.431355780
29000	356756.819159720	29000	251240.065479839	29000	880366.783835136	29000	118893.996936488
29500	-407074.600610803	29500	44991.5515593056	29500	130444.642307663	29500	1172657.98529455
30000	-1164782.97477872	30000	-14618.2838014758	30000	24785.4488304521	30000	-1727741.36149995
30500	889083.819817684	30500	236157.488831181	30500	62542.1844642322	30500	-976423.371439421
31000	1116102.56322031	31000	-592050.490483407	31000	1302677.94982851	31000	-697611.607791091
31500	-29120.0681289873	31500	972157.853448207	31500	-616702.465512882	31500	2056320.08672769
32000	364291.166260768	32000	1669107.40226094	32000	1616330.24842867	32000	695189.629159044
32500	448547.164166544	32500	1331496.08684480	32500	-697554.488004051	32500	-948161.769899223
33000	-98217.4767260087	33000	4356.53934201462	33000	-823417.913493712	33000	624030.623592662
33500	27928.2409658235	33500	1311888.74842051	33500	2389891.05934681	33500	349414.044093914
34000	1394037.98070179	34000	532424.311943007	34000	-654702.224040490	34000	947015.778948219
34500	606524.383763315	34500	1017065.26203349	34500	-686053.067094698	34500	-36685.4363823501
35000	885061.712005303	35000	-1030226.79745103	35000	48235.0601175096	35000	654582.581905401
35500	1080148.46554032	35500	-1230200.68247570	35500	-1291668.56623618	35500	546243.641065887
36000	-674321.457969087	36000	1739999.60438293	36000	868823.688929088	36000	-829120.597502090
36500	1327189.11517953	36500	611951.540130199	36500	948569.034905159	36500	2110393.80698892
37000	201243.691817348	37000	-513124.975374267	37000	361664.419768414	37000	-114548.891383197
37500	750975.204448428	37500	-1369665.64756496	37500	-986897.817643289	37500	706023.486605219
38000	970288.366052275	38000	-587025.541357220	38000	-588385.679230538	38000	-210475.802405949
38500	-151529.498354235	38500	-83372.0103616915	38500	749753.672208739	38500	674441.021692417
39000	1477581.02308145	39000	-518994.887345867	39000	630054.351682480	39000	96764.9972814893
39500	1502689.08916359	39500	-314915.005678967	39500	-301239.489450496	39500	-1559048.22436017
40000	-1743925.21428911	40000	-1845795.60957018	40000	-590709.041666462	40000	-174087.276269781
40500	866763.880201922	40500	1586852.86933217	40500	1130003.11099744	40500	1329366.89497834
41000	-1572556.16083687	41000	1014188.35226084	41000	-243590.192753884	41000	-201794.715949692
41500	-23818.0797988596	41500	-1530023.87215025	41500	-1397800.13194548	41500	-462206.959782381
42000	-1214390.65646404	42000	803555.348214573	42000	-32941.7424594061	42000	-974681.473153750
42500	490743.257680360	42500	1343986.24119283	42500	-927347.805052959	42500	1476930.24531517
43000	615850.894689727	43000	449546.447042283	43000	1137649.85133849	43000	-684637.237408489
43500	4708.47859506222	43500	236381.337014216	43500	1850754.53798908	43500	-591185.392607638
44000	-1194412.60420732	44000	425366.650251839	44000	976174.310842198	44000	921324.530197595
44500	-175643.861151928	44500	206454.477730159	44500	250052.387886015	44500	2136648.33995157
45000	-53049.4652269746	45000	568723.294122947	45000	854009.681909753	45000	332022.189798106
45500	-439026.151780477	45500	-373168.787853117	45500	296026.752623140	45500	568462.113215961
46000	-1769921.07513883	46000	-1726161.96548903	46000	1677469.01634597	46000	-29188.9703903820
46500	-377005.357292820	46500	29814.8995436396	46500	-451761.548857196	46500	-1154362.53101146
47000	-1286456.80845423	47000	-1921597.72618280	47000	50328.9115814838	47000	-396469.865436210
47500	553054.838775134	47500	-634457.725754829	47500	-909313.092896632	47500	470618.842013342
48000	148358.680737746	48000	1456800.45347546	48000	215147.115998964	48000	-1923834.67841672
48500	150876.271630780	48500	724353.633723304	48500	1074629.29149002	48500	1347402.58071366
49000	839804.295925877	49000	1347712.72617162	49000	-915104.167380577	49000	-694787.033602045
49500	-721399.434058745	49500	1199065.54931720	49500	1106056.20146349	49500	-1217247.01615712
50000	689458.690150748	50000	938760.945934209	50000	-481574.995675127	50000	-12909.7867274771
50500	1458594.79827137	50500	-43374.9508078865	50500	-1636795.24976531	50500	-1664932.48910971
51000	-1031100.24196609	51000	327840.600690855	51000	-18482.7115060726	51000	-353580.906191230
51500	439587.056019189	51500	1315384.20291754	51500	-68229.5865483618	51500	349383.516365777
52000	447106.783788464	52000	597383.472057353	52000	-348365.214756236	52000	333869.259174297
52500	296589.210538093	52500	-870508.727821280	52500	-423758.953577332	52500	-522492.172526138
53000	11447.9025723043	53000	674527.665776902	53000	85854.2254579440	53000	114847.208227175
53500	-1652338.13556962	53500	758138.411187815	53500	86936.1288173805	53500	-478140.961684355
54000	-853906.190370827	54000	1436720.28625227	54000	1215296.23123259	54000	699985.421316343
54500	1808412.36977183	54500	-611758.432999554	54500	-70488.7979964419	54500	35059.9049169983
55000	-269021.874091077	55000	-828783.937060349	55000	-833870.263509797	55000	-592787.168660024
55500	762374.490080837	55500	-526818.343245322	55500	1318928.06365252	55500	1007102.59502803
56000	903880.936842236	56000	1096326.12651656	56000	-975074.565013500	56000	-223564.609321674
56500	1490488.19866771	56500	597953.225943085	56500	587916.763211257	56500	2904841.01866904
57000	-1479025.55911487	57000	1288406.57495640	57000	-12368.1409235096	57000	134453.049532128
57500	1127608.90571400	57500	-918234.882604697	57500	401179.580855182	57500	884400.291080664
58000	7627.69305234477	58000	26110.0191348543	58000	264089.555049677	58000	208965.764601979
58500	-940718.449018366	58500	-224192.998878604	58500	-662867.450009461	58500	133818.342628882
59000	-1006347.32703411	59000	606883.076360204	59000	769101.046843936	59000	-214548.331522522
59500	1732245.27787514	59500	499942.139882962	59500	-497041.355360632	59500	1777316.43225489
60000	-540343.850264367	60000	128391.383834443	60000	1127908.41537295	60000	-749801.095326604
60500	832999.623679955	60500	-1335263.88278605	60500	354408.246524588	60500	1791151.41064746
61000	-1743327.19850486	61000	-224949.319741805	61000	-1251353.38963767	61000	-222969.851728535
61500	-1952413.16219329	61500	200386.699954912	61500	-164040.704338014	61500	287501.484939886
62000	344122.505987799	62000	669535.016212297	62000	1585569.44808702	62000	-2102161.71103746
62500	-267861.920964132	62500	-544992.060915854	62500	42133.2030109828	62500	-1457269.11303290
63000	2019748.40328737	63000	120872.409208878	63000	179641.456674459	63000	151153.991664551
63500	-605558.721698405	63500	-1573207.68799244	63500	680159.695902010	63500	597365.194050329
64000	1607193.28422209	64000	18085.8799878369	64000	-231692.189386140	64000	-710669.803484887
64500	915005.149846077	64500	1161203.33847146	64500	-57771.9404993011	64500	-16058.7652950566
65000	49422.6818917297	65000	-235290.609410995	65000	-1379737.46573058	65000	1386866.61848739
65500	150184.828900771	65500	583786.502838144	65500	788244.159583100	65500	1569370.87282900
66000	96652.6956530040	66000	-694288.644781886	66000	-2026414.42198809	66000	333866.234338738
66500	322784.597099599	66500	836790.617187349	66500	-567158.351495675	66500	-729550.103728735
67000	789387.377126741	67000	1172934.63181044	67000	-403709.521508239	67000	-962025.774943689
67500	-1050097.81571868	67500	-456327.947214435	67500	-1327149.28681560	67500	-1149052.08114643
68000	-408356.864210142	68000	-418984.601842732	68000	-1314548.93512065	68000	643187.157850871
68500	311428.417907868	68500	-1810008.38069597	68500	-533901.572690211	68500	-1240634.42203904
69000	-382921.805682513	69000	-1872807.14451469	69000	174171.713598749	69000	197488.074353958
69500	387379.594898686	69500	700702.340115439	69500	-720559.733254137	69500	305943.558453880
70000	-622950.703323040	70000	846787.961958748	70000	643802.016292307	70000	766949.294389471
70500	-43855.4332281358	70500	-868681.462909115	70500	-1151080.09892421	70500	207067.425168895
71000	1161496.75164848	71000	71684.5040132575	71000	-589465.372881599	71000	140804.397235593
71500	1277973.29371378	71500	-1311466.48690630	71500	-673019.674976953	71500	507890.174657140
72000	-465310.330425107	72000	-625522.063635524	72000	1267750.05592297	72000	-292869.045489060
72500	213323.214907875	72500	1006108.06938916	72500	-350367.949113471	72500	-1258182.10050616
73000	-1713049.39647008	73000	-247521.539712365	73000	-1412553.63899783	73000	-266353.248518951
73500	357455.353849813	73500	74356.1032960827	73500	-525059.584438327	73500	506969.472096714
74000	-1279224.17229811	74000	-151529.612752864	74000	-531132.097635413	74000	496614.942255868
74500	322151.345009960	74500	268591.253860075	74500	380543.375697710	74500	1708065.82957489
75000	1526006.26245839	75000	1346274.79433239	75000	-34612.5028020372	75000	-677434.752707252
75500	-155788.329321383	75500	693620.451091071	75500	-226304.993544683	75500	-327799.277260766
76000	1217971.58759191	76000	149020.115384500	76000	1507733.09836697	76000	-513399.306800856
76500	522439.653510130	76500	-224831.979016649	76500	1320111.21850215	76500	594682.195582576
77000	-84994.0553332567	77000	959957.203209034	77000	23467.7437888449	77000	1998177.07225111
77500	255965.642549677	77500	-2748210.33153960	77500	-762753.682970893	77500	-355825.255233791
78000	-2099171.09450407	78000	651375.230893705	78000	2409472.69134354	78000	-793843.638979218
78500	-38431.4612601127	78500	-1009463.00426324	78500	464576.989999958	78500	-1897430.79817121
79000	343111.454607484	79000	1433908.53464249	79000	-1384232.06819051	79000	-259405.072957279
79500	816234.277912433	79500	2297302.36503212	79500	1597161.39171268	79500	-1213765.64169664
80000	1422368.49354476	80000	539292.427738936	80000	353691.054450402	80000	186423.558279312
80500	319875.293465640	80500	-377843.993201081	80500	-1309713.68909179	80500	250342.450322568
81000	-1810679.75378307	81000	-1512965.55092889	81000	279789.887189317	81000	-985673.065095347
81500	976205.129804348	81500	-541052.676537123	81500	206611.116544005	81500	1577620.88463296
82000	314301.314940752	82000	-581513.279995231	82000	667734.385328962	82000	-1034819.00446682
82500	-158907.765650062	82500	-1669125.89091940	82500	-118781.866799171	82500	-1191868.36862128
83000	229352.898605732	83000	-2121203.98605221	83000	1348307.46881755	83000	-509567.275492701
83500	847642.630704895	83500	1021714.70253051	83500	607186.179997013	83500	-383479.358720841
84000	-1390764.98193628	84000	-1051479.52086807	84000	-119786.871164731	84000	969809.901747980
84500	1281034.33415544	84500	-446645.303503699	84500	35408.2090136404	84500	-1156197.45058816
85000	-213749.500488874	85000	181644.219987219	85000	-500511.135443553	85000	-448926.677671080
85500	1401495.72186837	85500	-726627.393959002	85500	-1574472.40552181	85500	812399.175409060
86000	-353694.839645254	86000	-587387.593743935	86000	2164693.26006493	86000	786999.647208180
86500	392851.831407178	86500	1972271.12326073	86500	1301372.83722928	86500	-346481.034924810
87000	-966865.931120741	87000	-626202.015829891	87000	-893695.280502401	87000	-849079.391124820
87500	837339.831645978	87500	-11853.3744629687	87500	-1736253.25467593	87500	544734.419884615
88000	1358866.80262512	88000	1598602.59763037	88000	-275424.255224710	88000	-171272.061777885
88500	845164.470219494	88500	-888890.348452325	88500	-2238745.61131926	88500	-530743.088032829
89000	-522145.995279856	89000	72814.5504499029	89000	-61943.0188759973	89000	588913.131384083
89500	1049462.34738871	89500	-69446.2827838247	89500	-55053.2671804302	89500	1651868.39407651
90000	845002.529829841	90000	-379015.963423028	90000	97808.3455029314	90000	733384.118572183
90500	-1260106.49587691	90500	2472504.62876327	90500	-551122.551472886	90500	-804170.017233226
91000	1243798.75720520	91000	1451976.43330554	91000	460872.145203552	91000	-122940.599169414
91500	-961746.209137055	91500	1103278.01909617	91500	-842780.718449947	91500	-333358.582442671
92000	108008.646616795	92000	-21048.2239755591	92000	-546253.193638175	92000	1698251.86784468
92500	913.192072465172	92500	-476950.421493251	92500	-1146151.49144845	92500	-34592.3802861539
93000	782883.285910609	93000	170905.481373787	93000	-368384.035608643	93000	-511955.189860992
93500	-695229.838174465	93500	-276860.004805545	93500	785211.636790995	93500	-600538.488136189
94000	969210.491876532	94000	504248.619515694	94000	866623.249973608	94000	410961.504862834
94500	337630.945621781	94500	1073303.00429282	94500	35505.9010195459	94500	-455500.411264539
95000	-1716227.80741249	95000	-1643450.04778182	95000	-433332.419697492	95000	613750.545678074
95500	-598103.655201063	95500	-1094127.25527263	95500	-1719100.50699192	95500	1939829.75702274
96000	1499220.62106980	96000	-231820.718985788	96000	-507871.360110176	96000	-2261796.48994802
96500	568565.995353309	96500	618654.295958948	96500	-1237051.16485870	96500	-1949295.62845328
97000	97351.3399182056	97000	324842.358897756	97000	87781.7577869405	97000	-271857.453231321
97500	758633.110924966	97500	1832811.92821492	97500	-86451.5794271022	97500	-1249014.28571069
98000	-1248503.39755745	98000	291720.627802666	98000	515784.925915807	98000	867998.566480606
98500	-1146815.37861403	98500	2140912.66462815	98500	192825.123291475	98500	520573.367491273
99000	-127700.884536662	99000	56426.8923302291	99000	1462787.94407652	99000	1146574.66922948
99500	-391084.853058726	99500	-921612.906578539	99500	584861.543991404	99500	43752.4163761316
100000	-535384.244593890	100000	776892.611327892	100000	564856.598649306	100000	1158864.06977978
100500	2397.95926336967	100500	637156.838471870	100500	-74667.2033838742	100500	-188294.564036481
101000	-420844.677963173	101000	1777228.18970338	101000	35156.6490772241	101000	-1830716.50983052
101500	470632.463567481	101500	-2273702.45319309	101500	-1300263.32689160	101500	-1994189.77043224
102000	-1111298.77195903	102000	760853.037383617	102000	1023488.69216996	102000	2001540.02758191
102500	-2030334.30079568	102500	13972.6043157885	102500	285841.245716455	102500	1026003.38624899
103000	-2194385.67009875	103000	500569.188859819	103000	-2230767.02344720	103000	-657892.448396433
103500	938009.868648747	103500	-1874369.63687371	103500	444016.932558895	103500	581789.064443847
104000	-1008513.07819811	104000	-671645.050884906	104000	-1027834.79900291	104000	82705.3581388755
104500	702918.779451048	104500	-323259.213929106	104500	265477.868615556	104500	1968915.70019756
105000	454211.582998771	105000	138464.287093652	105000	863642.984746913	105000	346700.125994643
105500	333784.968344529	105500	-420954.289794611	105500	-445371.899671091	105500	-242809.185067118
106000	1192008.55713268	106000	1174246.74590982	106000	-1659359.19553836	106000	258435.081652008
106500	1101722.20536031	106500	-1933267.42428920	106500	-749312.096710013	106500	1023378.89804503
107000	1351125.14335840	107000	1214096.37088612	107000	-189808.398847597	107000	493166.125620281
107500	300346.377331592	107500	1122807.09417569	107500	-301493.416586245	107500	-456440.753450612
108000	326341.975550606	108000	373353.109800037	108000	-70012.2099775791	108000	1985642.15100767
108500	-64551.3838945592	108500	-573971.464278631	108500	448654.623202622	108500	-633300.005910316
109000	767988.381893843	109000	1989283.78845572	109000	635142.113606810	109000	786973.623971693
109500	1155658.40110384	109500	-528815.502165937	109500	-651267.768533517	109500	-547939.540493864
110000	125456.650180266	110000	89580.0413499136	110000	1982468.74800020	110000	-189726.295890498
110500	-210263.505488496	110500	416493.664696085	110500	725169.910412793	110500	909537.918306834
111000	281241.752996755	111000	956067.385475617	111000	-860882.884527260	111000	-147459.115605143
111500	1046297.92995387	111500	-2410017.63134257	111500	-1959133.23397882	111500	-1001889.02741153
112000	-27534.3466213989	112000	-261288.689053827	112000	294414.683892919	112000	-791548.225027565
112500	-907186.307479079	112500	782102.644094284	112500	2012094.10810328	112500	-825297.635668932
113000	229404.161254000	113000	-863867.097373546	113000	3879.25509067727	113000	-64712.8167671814
113500	-1037142.93112746	113500	-736463.231025998	113500	-438266.218195368	113500	-1013284.40161334
114000	465841.866271854	114000	-1327569.28764369	114000	1405477.65017624	114000	279918.841360397
114500	-601391.550120804	114500	175201.825747615	114500	526454.155414194	114500	1165744.92334980
115000	890020.744759374	115000	-1285751.67824627	115000	345216.415023977	115000	464973.553637738
115500	1246701.41422106	115500	-1483553.09661768	115500	319928.113550891	115500	860723.891198383
116000	-466496.583707111	116000	-39763.8044413826	116000	-1168107.81864335	116000	2128567.93295277
116500	-126939.366828550	116500	1174256.34014978	116500	-74726.4299973076	116500	323277.192678266
117000	422746.235704880	117000	337122.243915196	117000	-264971.469828242	117000	-285614.221506743
117500	-850662.616329264	117500	154667.886896389	117500	-969579.056135527	117500	-856925.902333618
118000	967518.570730158	118000	-2066580.49321024	118000	655893.695038963	118000	-488173.488968426
118500	-716428.092074450	118500	-163700.763298940	118500	-999819.803128327	118500	-688414.136001691
119000	68997.7210351747	119000	-1326884.55165498	119000	266684.749442002	119000	-873394.980512261
119500	-301280.534906108	119500	-1094430.73438325	119500	-309729.017662511	119500	628521.288276373
120000	-27275.9403721031	120000	219907.050008813	120000	-247996.281457376	120000	-55570.9912704518
120500	-8741.85925461844	120500	1328117.57831459	120500	-1260642.38625099	120500	504355.615117807
121000	-30377.4335830238	121000	-771126.908370776	121000	-134003.999639024	121000	1053009.08515994
121500	-500488.411086338	121500	818673.078264902	121500	916006.932019730	121500	1884013.43112724
122000	2281671.97884271	122000	-2013385.01792532	122000	-106450.486868825	122000	-898993.450960393
122500	783690.197691781	122500	-3274706.11601551	122500	87396.2543429719	122500	-670000.380280440
123000	-1180985.39015373	123000	-1022371.03794169	123000	-438278.599581478	123000	306786.262579117
123500	-2054895.40196851	123500	-989885.141699389	123500	531896.660741922	123500	-1072008.57439864
124000	137785.540476731	124000	-901154.926273104	124000	-1468507.96802571	124000	-1832925.61541743
124500	765338.553912347	124500	-100712.194693025	124500	240696.702038969	124500	-295295.654253756
125000	174662.227338559	125000	-104164.281132701	125000	1983066.66933654	125000	279212.841494605
125500	775238.194531844	125500	442408.382878021	125500	76342.9379030433	125500	976036.972513768
126000	72554.4579287630	126000	-153407.521390281	126000	730223.978613459	126000	56235.4532560167
126500	446379.002149089	126500	-1174547.17809650	126500	635221.039136286	126500	382852.524778219
127000	-858066.712126891	127000	1091222.91272685	127000	-562062.340068098	127000	1204254.39144537
127500	-1183265.64189618	127500	254926.960538291	127500	149078.711879439	127500	-1471913.29710415
128000	1343850.13623135	128000	1927745.39416867	128000	-1414837.59788085	128000	-875632.467018554
128500	972554.025594219	128500	-725663.470503169	128500	735827.713121515	128500	578144.991779316
129000	176266.885940839	129000	-1016566.02009673	129000	-693005.256443943	129000	-2125325.49721936
129500	594933.318706081	129500	385131.686930453	129500	-452040.405858524	129500	420934.240281176
130000	135333.865193010	130000	-1254994.28097819	130000	-451004.819015456	130000	-333749.825836915
130500	-561828.858072683	130500	-63139.0301318770	130500	966773.824128184	130500	-517977.582245502
131000	530583.793619614	131000	-236879.924563929	131000	-49975.9098169516	131000	2776925.56116356
131500	-1081831.33711382	131500	-579488.184820326	131500	-482156.292834195	131500	-58573.2718201727
132000	-705781.999373774	132000	-1415871.94183356	132000	-374699.947567302	132000	-572627.325471246
132500	19660.2104380547	132500	-1511687.42840981	132500	-736245.967468272	132500	-855416.781882053
133000	822591.325481842	133000	-1762570.36331989	133000	-777271.629275611	133000	-449254.696108142
133500	-1676081.58450270	133500	1345074.52359245	133500	1425212.13776955	133500	570591.565745026
134000	-927917.497762127	134000	110796.742770513	134000	499725.497482417	134000	410478.437691914
134500	389195.446411538	134500	450292.319434737	134500	119339.059103132	134500	136341.228965780
135000	256827.892403719	135000	-92331.9620962066	135000	383584.363829361	135000	-718734.068477751
135500	138680.151855554	135500	-1892374.45898350	135500	295508.505706043	135500	763630.775935594
136000	-73285.7770110813	136000	392113.852037848	136000	-82059.4674238529	136000	819046.977116208
136500	-617821.916315263	136500	526940.650147890	136500	-475154.839002505	136500	604395.572818590
137000	-119602.473212455	137000	-563895.401651376	137000	1734385.94448605	137000	697236.308110702
137500	261202.729936368	137500	214054.811299360	137500	1154136.22634974	137500	-659109.972849350
138000	704969.250303248	138000	-1791301.10023078	138000	-887438.036879672	138000	549396.610035644
138500	585743.804147215	138500	-40099.6395524434	138500	393172.764788740	138500	128431.995221543
139000	-1780360.48248761	139000	1068090.18823425	139000	-259725.169311288	139000	-796934.014532703
139500	217240.959873692	139500	830006.312756719	139500	368572.030429367	139500	-308087.369240282
140000	324587.003645614	140000	1191616.24201647	140000	-1344221.12269683	140000	19162.2747231165
140500	378259.547854080	140500	-390046.688922249	140500	291762.644606592	140500	-1283166.01724700
141000	-1315217.71014863	141000	-258973.636575574	141000	75821.6486182810	141000	-233884.026118904
141500	1396056.29958719	141500	1198202.31363956	141500	124693.134601607	141500	-246978.915888710
142000	-73764.4031104213	142000	-76946.1297546183	142000	-1317116.51953474	142000	118020.385710584
142500	1315427.43301894	142500	704380.667512841	142500	46013.5250867576	142500	-775928.765813977
143000	1561244.86666099	143000	-200110.826227628	143000	1007523.68725019	143000	-1701624.42531253
143500	-163147.230374781	143500	235452.099571051	143500	1967031.31343632	143500	-338362.972397575
144000	-3463.90040200942	144000	805081.236857671	144000	25159.9906550177	144000	1369235.03837329
144500	-2648518.44663564	144500	-146010.421284795	144500	-1742063.82034437	144500	-233560.894785558
145000	1852362.07786946	145000	-824405.354044896	145000	-1154310.11054874	145000	-407462.782357714
145500	272841.609559220	145500	1574723.98834716	145500	-1375408.16095250	145500	-685299.172715147
146000	-1491530.32989769	146000	-901325.070005589	146000	-889694.157219438	146000	-1568210.53933999
146500	-417319.684952718	146500	252799.494968540	146500	372606.128928228	146500	503432.055105869
147000	214562.677561616	147000	587106.462353962	147000	517211.871245319	147000	-187005.199132838
147500	-1403579.89203292	147500	-1049381.69925518	147500	575380.913516402	147500	1559649.74613526
148000	1813051.09041337	148000	619827.323333716	148000	685283.429987212	148000	728782.174402031
148500	-2907866.87792913	148500	921832.244898771	148500	2160063.38723079	148500	286702.280048689
149000	936643.105066994	149000	365034.171709047	149000	1698944.14040179	149000	1804213.70825564
149500	-182419.128297181	149500	1398238.27937688	149500	903956.693060227	149500	245837.880767763
150000	216411.664406880	150000	-190111.649138609	150000	177175.754459777	150000	778874.545143572
150500	648880.417161618	150500	779145.519611545	150500	19156.4626449332	150500	1750937.40626673
151000	2498432.65391281	151000	-152359.471107254	151000	328082.152364142	151000	673437.815391847
151500	883745.960642752	151500	-1013248.53238889	151500	1492887.29806819	151500	-1210656.55318754
152000	865925.218397719	152000	-174742.042360398	152000	747542.526955017	152000	1753179.57811144
152500	2101955.83987771	152500	1162500.65985504	152500	-578491.270042691	152500	-214505.287857987
153000	309786.118104497	153000	1228536.18119007	153000	705461.027260512	153000	-149314.086355410
153500	-2759586.77082427	153500	-658953.967033330	153500	-411642.640914828	153500	81148.5720622143
154000	593107.326260268	154000	923168.774064227	154000	-126394.797417496	154000	964361.098540858
154500	250303.060725341	154500	854783.470111725	154500	1248207.00060425	154500	881432.594075384
155000	389576.200270515	155000	-77357.8785411611	155000	295547.478742680	155000	-751216.460771453
155500	-94851.6028062479	155500	-442192.097914447	155500	-253946.341081063	155500	-237428.483786325
156000	-1924436.00046963	156000	740072.124816803	156000	-28561.2233899417	156000	-672300.172081723
156500	-400886.108117506	156500	-265744.078373135	156500	60410.7920688499	156500	-164541.993320563
157000	-124082.049944854	157000	660591.386739730	157000	-918549.280034666	157000	485871.864038397
157500	-105036.238451580	157500	24945.3686104263	157500	-1466164.60470077	157500	1420239.67263477
158000	18556.5210349924	158000	2051350.10300429	158000	864090.692826425	158000	277987.231194712
158500	1291242.91652320	158500	161790.500100172	158500	-433230.741044491	158500	-414626.401055782
159000	42569.2627359204	159000	2279255.50098576	159000	-148543.620929713	159000	-503021.536164763
159500	104695.377548466	159500	946221.055835326	159500	102265.141651459	159500	190926.978816296
160000	-103396.287481390	160000	-1567641.24849712	160000	335968.197237117	160000	-487387.141854180
160500	773058.268376639	160500	325494.513223354	160500	2062116.12955191	160500	1263875.36213613
161000	802654.346130401	161000	31936.0581017115	161000	814409.780832683	161000	1417.09030199250
161500	1954473.59150993	161500	-318403.454926779	161500	-2073533.01067190	161500	-106822.291506915
162000	-1492498.58537891	162000	312104.980715866	162000	-1974665.86296356	162000	315140.417310290
162500	-1463034.93555978	162500	875772.535007927	162500	163211.548985725	162500	1417263.15542758
163000	-1106572.19146455	163000	-637876.967633801	163000	411916.877751930	163000	-537475.681892495
163500	-795728.153631963	163500	222662.855097226	163500	823758.389523892	163500	604588.350708323
164000	2174371.69162224	164000	753639.305590260	164000	763183.855928353	164000	-103462.499494428
164500	897550.734437807	164500	429279.289931880	164500	1873912.35962739	164500	1351782.02969835
165000	-1701982.67975650	165000	-1142812.41140439	165000	-1721787.19315019	165000	-1526883.85070259
165500	-90565.9910906748	165500	-155583.164040788	165500	1031352.12247561	165500	53499.0442380359
166000	834022.482758365	166000	-1041851.27258869	166000	119812.788669895	166000	-285750.657784169
166500	-67217.8073850153	166500	-659177.588869358	166500	169142.866113374	166500	-338833.455629536
167000	118190.009621341	167000	531521.129113774	167000	493135.540646675	167000	-1281339.46491653
167500	150748.370300540	167500	-2106426.91822622	167500	-1610492.97912826	167500	534074.201546594
168000	-221570.243519657	168000	-574142.581842682	168000	1140847.41785072	168000	729417.810264334
168500	-208089.609783550	168500	-1205022.08787609	168500	-217842.277250849	168500	-1413308.70836279
169000	491294.359931563	169000	-701703.835145465	169000	1163966.94626338	169000	-469005.045498309
169500	996430.062335401	169500	81344.0201604450	169500	-585111.992756794	169500	-944540.318682499
170000	-408317.882813190	170000	-1876328.40941234	170000	274231.440497822	170000	-435870.652084784
170500	-437985.114151258	170500	-1044040.79401135	170500	471853.384533441	170500	-767285.389220053
171000	786694.539969782	171000	-678410.681696727	171000	-1595279.63693025	171000	950477.593781255
171500	222250.003076180	171500	-1039384.17512141	171500	1441812.34463866	171500	-1042392.97225318
172000	-1538344.69484410	172000	-1589833.50533907	172000	-503227.158752345	172000	755604.242900312
172500	86318.4692274319	172500	932731.098509351	172500	610594.746020887	172500	298472.202635522
173000	100697.812574593	173000	625514.224955223	173000	-361723.111020319	173000	1053738.51074455
173500	1088229.28579176	173500	-137539.558861215	173500	-322934.144951753	173500	-1342106.71498020
174000	535302.989429217	174000	115532.247024122	174000	76909.4729374325	174000	-292068.583470429
174500	813717.563135382	174500	656639.435587166	174500	995193.640355786	174500	2390578.28158650
175000	-622208.487961632	175000	-657624.931618793	175000	132809.208061236	175000	425312.845704722
175500	-75589.0946858846	175500	-517156.825551100	175500	244986.585375198	175500	-1158094.79315873
176000	-2953648.64735440	176000	-523663.952525087	176000	-232155.518706984	176000	-463816.302255972
176500	-595913.336155179	176500	2590541.65071709	176500	-1551755.26755471	176500	1206461.13665856
177000	-2128911.84832247	177000	582538.499979516	177000	-405244.401381544	177000	267020.756987403
177500	-792325.511460455	177500	353993.964133115	177500	1021092.79787781	177500	-335872.988482690
178000	820728.089992676	178000	-1435790.66751752	178000	-1435528.26028671	178000	-166858.244775130
178500	571941.229352652	178500	-1857363.18113195	178500	1042609.95512376	178500	-2011865.03567467
179000	-321878.416598786	179000	300075.774764747	179000	214099.830353733	179000	2190942.37956283
179500	-301806.265130462	179500	409729.269392595	179500	1334743.87825955	179500	218087.176742738
180000	125205.050121002	180000	-828023.211392010	180000	-196429.315151470	180000	819288.981380738
180500	-281478.185450208	180500	2442721.15856526	180500	-620465.674726789	180500	658724.096865332
181000	1182727.71641671	181000	759139.354968518	181000	498219.868671886	181000	-88965.4436865633
181500	-439763.121050323	181500	-591019.824519312	181500	688380.499567401	181500	-1621113.91066844
182000	-744747.907003007	182000	649056.017374040	182000	519713.403939701	182000	-533995.343515537
182500	850213.565114312	182500	948905.581999405	182500	-104098.904911472	182500	-226705.179762536
183000	873870.480369149	183000	886103.927455994	183000	-461287.923174797	183000	-198367.468076491
183500	697647.449625646	183500	555783.560995844	183500	-22310.8304825597	183500	-270028.985993259
184000	888629.254851532	184000	-496922.074522607	184000	-1186004.56420273	184000	981478.252495199
184500	2049115.99679555	184500	-993699.341245032	184500	902010.548107224	184500	-167666.606461744
185000	236179.563350648	185000	505836.647793362	185000	241270.499462925	185000	243463.539292694
185500	-996502.390294395	185500	-546445.078772736	185500	474367.383071362	185500	-131852.014404937
186000	126398.467826664	186000	1727657.27586412	186000	-985577.553224350	186000	1037988.04107697
186500	597268.324403530	186500	296244.862041784	186500	-152316.430714679	186500	-236585.624445191
187000	1074141.57781218	187000	-575339.682210939	187000	-881832.837980311	187000	-430533.999761689
187500	839451.848048072	187500	56468.9697841257	187500	95499.7745795824	187500	1180635.28299802
188000	-182346.521476528	188000	451198.951078990	188000	457069.322432954	188000	1141726.60858550
188500	1427954.98218678	188500	-804910.160764932	188500	-425644.870539172	188500	-771868.749601312
189000	-290896.946810458	189000	1013332.50214306	189000	-1305249.63351395	189000	-882720.601769134
189500	-250690.410212625	189500	21581.3369067812	189500	516148.837339635	189500	113472.714883112
190000	1889903.97534181	190000	-2422060.30920683	190000	-669986.688578225	190000	-1068447.28243977
190500	-39710.6424159498	190500	1687920.92728615	190500	197953.872814000	190500	-1323360.63855690
191000	-167374.989032220	191000	1847190.81758731	191000	-6927.36713866524	191000	165889.684327186
191500	-683901.014893501	191500	176638.533654166	191500	-1564631.02528097	191500	-475687.929865611
192000	990590.890881061	192000	37250.5376549256	192000	186383.477955917	192000	14031.0837686516
192500	-1836708.33094997	192500	-963390.932749556	192500	-2016970.09641377	192500	417022.797803200
193000	-312634.436078765	193000	1310664.87461233	193000	-1104499.59768337	193000	410630.670153264
193500	141507.787163318	193500	-488016.627616291	193500	-177535.559014056	193500	1410646.16026844
194000	-440472.550324138	194000	-150331.867912857	194000	1562173.33805902	194000	-280324.931649220
194500	-132093.338479422	194500	76321.2530283042	194500	1393698.19200990	194500	350699.390841808
195000	-669043.743233368	195000	-607096.087131110	195000	116752.135835227	195000	-16186.4013782950
195500	86877.9913658538	195500	926491.331830913	195500	220850.910437854	195500	904654.865438202
196000	828654.717479039	196000	893272.571773321	196000	-1523231.34535714	196000	-1071051.00675860
196500	396856.344522540	196500	23976.7435923052	196500	-26441.0369885024	196500	924238.329460770
197000	-1411142.51340426	197000	796172.084791066	197000	348578.476219517	197000	1666633.03964302
197500	-1606852.99345298	197500	241265.658896308	197500	-496964.750507085	197500	877163.917402439
198000	119613.441770755	198000	-569309.356471621	198000	-283808.093882335	198000	-27727.9092935869
198500	400495.991431030	198500	1726083.67474329	198500	-331352.537604269	198500	2561559.56005519
199000	786022.251172028	199000	215972.472297090	199000	601062.734092729	199000	-575394.689530573
199500	224754.769758623	199500	1432736.58600996	199500	-256796.241528780	199500	-60184.4004756295
200000	12341.2541124601	200000	-1863257.44883946	200000	527638.098779125	200000	1052034.44956391
