#	SIM_0.03_20		#	SIM_0.05_20		#	SIM_0.10_20	
1	9052.94102688890	1	8586.43214247523	1	7371.76620982245
100	36313.5667008864	100	34721.9872850889	100	33156.5823972478
200	36376.3403609597	200	35122.7501292965	200	33962.9965269440
300	36191.4295339019	300	35463.5059475446	300	33972.2363751649
400	35828.0113741969	400	34995.4956646296	400	34196.2036171416
500	36130.8894197806	500	35225.5342900969	500	34163.8768105482
600	35770.2183897871	600	35067.6126093283	600	33861.7710275889
700	36048.9771168414	700	34726.7413671545	700	33776.2689584970
800	36034.9709351182	800	35041.8210221896	800	34349.2992160602
900	36090.5106029253	900	34913.9539536307	900	33614.1653462594
1000	35794.6126614801	1000	34983.5940270086	1000	34151.2673467940
1100	35467.9150075771	1100	34956.6289937199	1100	33260.2883746591
1200	35212.3991788339	1200	35135.9410324912	1200	33910.5266928504
1300	35810.4581828845	1300	34967.4799788092	1300	33640.6372388159
1400	35499.7604858807	1400	34970.9142722364	1400	33819.3357437534
1500	35097.8826192281	1500	34803.6965578951	1500	33876.4262268972
1600	34997.6879138993	1600	35115.4610123797	1600	33798.4701801460
1700	35408.4130692868	1700	34321.3308268333	1700	33968.9916078705
1800	35117.4529551636	1800	34611.4533223182	1800	33646.3410600446
1900	35587.9467162092	1900	34836.3689494727	1900	33879.8245074429
2000	35005.6625829810	2000	34704.2980659761	2000	33802.9034941180
2100	35097.8213421189	2100	34584.2570854278	2100	33311.9977464430
2200	35094.4340129281	2200	34653.2828261321	2200	33829.1607660574
2300	35284.2223864766	2300	34846.6006559383	2300	33795.1381970185
2400	35570.6777800963	2400	34360.4451469590	2400	33988.2345335770
2500	35569.7254714480	2500	34822.0247243285	2500	33186.2919662080
2600	35028.9141858768	2600	34440.9749334616	2600	33612.1612768598
2700	35045.0499623596	2700	35061.6297644441	2700	33911.0330864366
2800	34976.9015748975	2800	34860.0002882215	2800	33942.7548318830
2900	35353.3488161808	2900	34267.5599451582	2900	33553.9933117473
3000	35368.4451216747	3000	34645.9268926395	3000	33616.4292779419
3100	35001.7610748490	3100	34247.1513698742	3100	33764.9974601165
3200	35170.2258400280	3200	34031.0487773221	3200	33445.4312194086
3300	34980.3027588119	3300	34872.6047605154	3300	34082.6042117821
3400	34949.1915523179	3400	35426.9439058814	3400	33790.6723734305
3500	35089.8141986609	3500	34509.9682551011	3500	33497.5924209245
3600	35611.9051849603	3600	34212.5123366136	3600	33732.3787186365
3700	35551.4204664998	3700	34589.9310929914	3700	33416.7024230823
3800	34797.3572079248	3800	34592.6711672797	3800	33694.4928570656
3900	35094.1206117781	3900	33990.7176471597	3900	33315.0237376089
4000	35120.0832669480	4000	34342.1351813859	4000	33468.5008879442
4100	35104.0932326245	4100	34085.5817296046	4100	33908.0353362046
4200	34959.7170542483	4200	34534.7449874925	4200	33647.0384707460
4300	35007.8574224992	4300	34286.0831567394	4300	33663.6476318332
4400	34814.8257853979	4400	34113.8762691881	4400	33866.6539284048
4500	35431.2784389170	4500	34346.6066459880	4500	33741.1323656452
4600	35353.0045695254	4600	34062.0438127696	4600	33425.1580655652
4700	34853.3533137473	4700	33791.3727500826	4700	33111.9256603668
4800	35129.0420676404	4800	34146.5419279965	4800	33533.9617639252
4900	34897.8869060763	4900	34237.3678830049	4900	33978.9895710898
5000	34897.9884860414	5000	34339.5923465142	5000	33305.2915105641
5100	34997.6492600652	5100	34100.1369037516	5100	33294.2761012327
5200	35581.9853990181	5200	34864.2925864957	5200	33660.0941467840
5300	34965.2030494033	5300	34324.6689549879	5300	33471.8612171740
5400	35007.4367145216	5400	34309.7670391747	5400	33645.6662027276
5500	34829.8783046802	5500	34697.2612040146	5500	34043.9419918621
5600	35052.3858158415	5600	34350.7657871663	5600	33515.7573505151
5700	35216.3280125945	5700	34683.4208433247	5700	34106.6345626656
5800	34847.2080125191	5800	34853.1357843318	5800	33616.0864022499
5900	34914.0531768146	5900	34106.9286050493	5900	34002.8011837405
6000	34990.2843805565	6000	34755.9018409007	6000	34070.6963981606
6100	35186.6722743738	6100	34504.4309227339	6100	33682.4847839961
6200	35023.5658797714	6200	34010.0212637145	6200	33830.1016462725
6300	34778.1335448785	6300	34195.3561952362	6300	33858.8909209928
6400	34960.2536797416	6400	34457.2967090739	6400	33608.8318718197
6500	34868.2381348832	6500	34490.5800544804	6500	33666.9489420389
6600	34977.3234712940	6600	34191.9925271586	6600	33693.1637972598
6700	35649.0214237217	6700	34389.8802985844	6700	33722.3215727084
6800	34838.8090914254	6800	34137.3810081226	6800	32971.7948725293
6900	35306.5339957358	6900	34082.4412630180	6900	33557.4805434345
7000	34988.2792062262	7000	34798.9664709382	7000	33681.0772056162
7100	35115.3079145399	7100	34516.0324586384	7100	33370.0993043927
7200	34887.2977012708	7200	34873.3264316877	7200	33733.4208476002
7300	34777.3271479087	7300	33956.1455345837	7300	33771.9872391817
7400	35091.6861860938	7400	34371.3565272115	7400	33348.0412208293
7500	34946.8601359536	7500	34297.5152470057	7500	33631.6224516475
7600	34445.5680070939	7600	34320.7595388916	7600	33320.9173829821
7700	35488.6004478669	7700	33800.1285540591	7700	33448.0454785579
7800	34702.4902345203	7800	34207.1318682045	7800	33047.1094943491
7900	34859.0833400584	7900	34482.7593778087	7900	34009.7993778699
8000	34600.1972646730	8000	34671.0392711663	8000	33441.9582948059
8100	34648.1419175330	8100	34294.5260669086	8100	33571.5283416112
8200	35325.2312949357	8200	34060.5653987411	8200	33592.9434594691
8300	34268.7484539248	8300	34527.5245499401	8300	33455.4525593158
8400	35147.2522520041	8400	34342.0824474026	8400	33578.5408986838
8500	35127.7774666267	8500	34649.2636487293	8500	33326.7343223787
8600	35379.0255596968	8600	34397.4214246669	8600	33523.4761436663
8700	34879.1344656995	8700	33961.4820563603	8700	33423.4057728918
8800	35093.1672865275	8800	34194.4427811008	8800	33467.3633104091
8900	34798.3674031340	8900	34104.6242951113	8900	33504.6051401947
9000	35341.3973526848	9000	34219.7992970269	9000	33625.7509852430
9100	34867.9926763921	9100	34503.2972538185	9100	33285.9852899366
9200	35331.7515518862	9200	34098.9358218795	9200	33417.0978373834
9300	34611.0156708049	9300	34684.0406680897	9300	33530.9932099343
9400	35321.7395124192	9400	34358.7029630558	9400	33416.8701124519
9500	35059.1090759488	9500	34740.1448309595	9500	33730.6553740729
9600	35250.4586191481	9600	34655.1465981598	9600	33715.4607387994
9700	35088.4436457046	9700	34228.6899756958	9700	33674.1977695249
9800	34836.4786186619	9800	33726.5640891646	9800	33801.7164876547
9900	34942.2144368899	9900	34009.5956258187	9900	33717.6264902235
10000	34999.9404579922	10000	34841.9542621846	10000	33643.6256002475
10100	34862.0492801507	10100	34061.5114972636	10100	32928.8079886023
10200	35050.0751471418	10200	34718.0808491284	10200	33931.0084248261
10300	34860.2797827145	10300	34290.4859194293	10300	33145.7023620593
10400	34798.3490134358	10400	35141.9266530925	10400	33706.2729812035
10500	34721.7268400430	10500	34631.8592539035	10500	33974.5135043046
10600	35454.1145298018	10600	34624.6721155053	10600	34131.7808584224
10700	35161.9379597363	10700	34247.5388598152	10700	33842.0120962979
10800	35373.4170735553	10800	34438.1409096781	10800	33990.5263431449
10900	35169.8085275590	10900	34128.6489214405	10900	32849.3740336194
11000	34867.3477034461	11000	34522.3056439647	11000	33764.3433378187
11100	35047.7969529946	11100	34965.5134887430	11100	33739.9468027155
11200	34564.9639964817	11200	34242.0413753956	11200	33356.4887574911
11300	34928.8746333702	11300	34695.1861454831	11300	33177.5661068548
11400	35219.3210858687	11400	34171.9333521979	11400	33448.2637940160
11500	34756.2577456256	11500	34661.0776082945	11500	33522.3385192867
11600	34950.5958928820	11600	34523.3081313328	11600	33345.1075081887
11700	34874.7402098409	11700	34213.0244192505	11700	33619.2735777697
11800	34978.9798592636	11800	34315.8349323460	11800	33564.3434245204
11900	34988.1699993342	11900	34071.7463214667	11900	33597.9369570594
12000	35869.0486020132	12000	34060.5713228911	12000	33559.9996400017
12100	35120.6942717198	12100	34341.1704333406	12100	33380.4346660042
12200	34891.1834227722	12200	34729.0655743719	12200	33682.6608652642
12300	35575.2928802853	12300	34491.0444212608	12300	33321.8251631097
12400	34789.7623682511	12400	34564.2304222905	12400	33664.9559929874
12500	34844.1495203520	12500	34389.2263793458	12500	33899.8949009904
12600	34897.5986379164	12600	35039.3467959059	12600	33456.9077423137
12700	35516.8631628693	12700	34194.9042376294	12700	33760.8958402674
12800	35574.2605110125	12800	34260.8024620639	12800	33232.1043856334
12900	34805.3026592663	12900	33922.6572296526	12900	33500.1434683725
13000	35159.4054123451	13000	34713.3328882323	13000	33692.4861139188
13100	34978.3375812868	13100	34429.6190831678	13100	33060.8890329782
13200	34764.9702723148	13200	34115.9773184518	13200	33266.3309164370
13300	35379.4149433909	13300	34526.0371596044	13300	33727.5401785154
13400	35256.9872589898	13400	33958.0620382687	13400	33327.4372239267
13500	35390.6400571729	13500	34470.3331088717	13500	33513.6836143381
13600	34680.4135805075	13600	34863.9003529019	13600	33417.1981361274
13700	35240.1778951511	13700	33576.7845987093	13700	33260.3281039208
13800	35243.5582594812	13800	34446.1948580996	13800	33654.7083027052
13900	35066.7233895690	13900	34370.2705048568	13900	33892.0668810676
14000	34644.5420469356	14000	33940.1845447266	14000	33483.5923497102
14100	34851.0438372686	14100	34152.5636847403	14100	32886.3661515644
14200	35419.4187394313	14200	34245.7215336089	14200	33596.1214461355
14300	35691.0336651954	14300	34355.2236414307	14300	33457.7021881949
14400	35172.3645765556	14400	34329.7120364988	14400	33915.1273102184
14500	35068.5866063134	14500	34650.9435718929	14500	33723.4704548714
14600	35065.8545322017	14600	34477.7052452013	14600	33455.5670330479
14700	35046.3553713706	14700	34360.1413335963	14700	33435.4388515104
14800	35389.5633941401	14800	34437.5887352540	14800	33932.0737300421
14900	35032.8251653846	14900	34201.0726878071	14900	33185.3048557337
15000	35319.3512595669	15000	34503.9179530181	15000	33304.9552636274
15100	35074.8798650871	15100	33983.4092661926	15100	33571.4584535136
15200	34575.2626185079	15200	34042.9933997278	15200	33160.6679168998
15300	35257.0822033449	15300	34164.1492382335	15300	33235.8994520107
15400	35164.5934764249	15400	34939.7930725432	15400	33711.7176722905
15500	34816.0424250703	15500	34485.3506436377	15500	33815.0905922859
15600	35002.8488641370	15600	33864.7410357572	15600	33379.0086055938
15700	35096.5185683814	15700	34941.1465095825	15700	33436.8652653677
15800	35386.6784623860	15800	34185.8296478360	15800	33329.4126655071
15900	34915.0651322033	15900	34148.7829026252	15900	33341.1349406506
16000	35429.1566843889	16000	34953.9168612652	16000	34302.9101396017
16100	34831.5193313496	16100	34490.6267374183	16100	33490.3334840434
16200	35295.3144880125	16200	34926.6279859717	16200	33616.1557489607
16300	34834.8555892623	16300	34246.1290895679	16300	33348.3047660297
16400	34926.6256304216	16400	34826.1644270761	16400	33872.4616522712
16500	34858.0128312903	16500	34753.7233681981	16500	33660.0974530841
16600	35029.6379207616	16600	34576.2664454654	16600	33330.9262164096
16700	35305.4898414284	16700	33760.6132226891	16700	33816.2601865906
16800	35391.7744751036	16800	34693.6485350277	16800	33677.0900974837
16900	34540.3064223745	16900	34234.2411460051	16900	33337.4812465803
17000	35129.8593186650	17000	34082.2676762966	17000	32923.0656405816
17100	35302.9995827385	17100	34422.7782795882	17100	33108.1373869240
17200	34612.9090148363	17200	34075.4528615639	17200	33510.9618303918
17300	35262.5074695971	17300	34405.9796254769	17300	33236.6512118953
17400	35073.5497423609	17400	34381.2740220077	17400	33374.7260854254
17500	35304.6578988576	17500	34527.3448432068	17500	34140.0359447650
17600	34975.5367229805	17600	34499.7873042627	17600	33703.2052277248
17700	34655.6159280275	17700	34017.5128661975	17700	33604.3383744147
17800	34458.9268221205	17800	34109.8947248444	17800	33697.1511312873
17900	35192.8868827769	17900	34238.7276453658	17900	33042.6233868098
18000	34974.4323667518	18000	34961.6112738184	18000	34095.9062460934
18100	34904.7516295352	18100	34220.0479564888	18100	33082.6658629832
18200	34847.9941183028	18200	34051.4688398010	18200	33783.9301509663
18300	35090.5594311580	18300	33962.1163778926	18300	33436.2359071773
18400	35525.7429523984	18400	34190.5952073869	18400	33329.4237076274
18500	34790.1977463168	18500	34347.6749911496	18500	33712.0099896213
18600	34913.1244399868	18600	34177.4340498404	18600	33223.7244178912
18700	35279.0914212821	18700	34677.1246870441	18700	33226.1597432763
18800	34800.0624185943	18800	34206.8396452738	18800	33071.3734708981
18900	34566.1172617069	18900	34134.4840075453	18900	33238.5668584840
19000	34900.7134515255	19000	34478.9912841860	19000	33233.5744717203
19100	35160.3813457484	19100	33894.0120236486	19100	33244.4926399430
19200	35287.7057072080	19200	34299.6221100483	19200	33514.3600557658
19300	35182.6247549020	19300	34913.3856262892	19300	34020.9918688633
19400	35145.2680921923	19400	34520.9620604967	19400	33753.8697656072
19500	34586.7121744104	19500	33937.7699960088	19500	33282.2561553683
19600	35836.2766218409	19600	34359.3833179788	19600	33766.6499717195
19700	34781.0539062386	19700	34252.3712318766	19700	33156.5180308446
19800	35265.8414563302	19800	34502.8524107770	19800	33397.4844984887
19900	35116.9984378165	19900	34403.9739006863	19900	33395.8535746696
20000	35232.8098305481	20000	34346.4586029316	20000	33269.0902604140
20100	35280.3846996958	20100	34173.2457751455	20100	33932.6049543200
20200	34864.7875578343	20200	34112.2968563496	20200	32970.5162645284
20300	35014.0250601568	20300	34235.8589949812	20300	33821.6105354670
20400	34961.1354155366	20400	34674.7182509830	20400	33978.6506509052
20500	34910.9769619370	20500	33666.2838489712	20500	33443.2714384499
20600	35258.3322480223	20600	34547.1602995560	20600	33873.3054982200
20700	35304.7939149461	20700	34557.2987002427	20700	33591.0250587025
20800	34952.9197297536	20800	34644.2137406147	20800	33712.1811955066
20900	34819.4338243169	20900	34875.3526552428	20900	33576.0186033076
21000	35231.3289054220	21000	34368.8735297948	21000	33804.7570982414
21100	35144.4440798656	21100	34206.7534533026	21100	33790.6340204420
21200	35054.9366953416	21200	34325.3340136495	21200	33981.5512143135
21300	34691.9849875454	21300	34467.2693056437	21300	33384.2523718872
21400	34923.6614757969	21400	34177.0948626723	21400	33488.3676624534
21500	35112.1812377557	21500	34253.2029422524	21500	34027.0840390643
21600	34840.7435938483	21600	34430.7694990774	21600	33135.0136761368
21700	34679.3961234982	21700	34102.3510573349	21700	33857.9152513269
21800	35569.2205078949	21800	34214.4681144129	21800	33354.5543773980
21900	34872.3601683236	21900	34363.3103531939	21900	33763.9927746297
22000	35444.0081314236	22000	33937.4573846906	22000	33440.1929364657
22100	35105.0767175721	22100	34233.4658852165	22100	33502.8477819122
22200	34962.2409983016	22200	34913.0790385609	22200	33337.3673378504
22300	35000.1420104158	22300	34122.2583267879	22300	33389.8248455684
22400	34999.5790872654	22400	34322.3432638836	22400	33699.2834327950
22500	34944.6484546675	22500	35153.1511507462	22500	33966.7468860722
22600	35132.2930913947	22600	34218.3363303826	22600	33062.7487402991
22700	35183.8618704769	22700	34381.4669716062	22700	33842.1318026575
22800	34916.2089186817	22800	34308.2489869304	22800	33403.9063721515
22900	34806.0933719750	22900	34462.7039022778	22900	33439.1616318904
23000	34413.4093494285	23000	34381.0004983768	23000	33224.9183962994
23100	35009.8112412485	23100	34152.5992092664	23100	33384.7522083006
23200	34812.7534043491	23200	33904.0746177968	23200	33764.1709874934
23300	34843.0102793802	23300	34613.2704098741	23300	33705.4222359068
23400	35124.7154736232	23400	34481.0322485548	23400	33332.1398614332
23500	34609.4787458988	23500	33833.3842212166	23500	33143.3317273752
23600	34791.0556782142	23600	34047.5589880511	23600	33024.2365997696
23700	34479.9222607949	23700	34554.7960981888	23700	33018.9548859515
23800	35330.9936364103	23800	34396.8106325076	23800	33629.7460648932
23900	34872.2549229382	23900	34485.8559286161	23900	32731.4146463511
24000	35199.2043253560	24000	34495.8021216613	24000	33640.0572815819
24100	35701.5397586545	24100	34247.0994777967	24100	33413.7335477248
24200	35044.3193829804	24200	34331.4845790730	24200	33473.1453395781
24300	34742.9048187947	24300	34296.2844408612	24300	33572.3743880578
24400	35306.3733492713	24400	34046.6261794517	24400	33137.8449033042
24500	35309.0662227396	24500	33931.5211298642	24500	33204.7552626130
24600	35125.2043031212	24600	34565.9159931245	24600	33657.1864044286
24700	35072.8997297649	24700	34146.8055519473	24700	33423.1809246476
24800	34695.2474677815	24800	34380.3607454086	24800	33084.7499003642
24900	34623.5321506736	24900	34512.0045054824	24900	33092.6122440690
25000	34695.9765653328	25000	34148.0847731057	25000	33143.1235524888
25100	34872.5394343934	25100	33974.5586852601	25100	33013.0114990948
25200	34754.1830191134	25200	34098.1396282935	25200	32971.0198233376
25300	34771.1127923023	25300	33858.8605459697	25300	33376.8567023060
25400	35325.5428235038	25400	33546.8870645171	25400	32879.8636700580
25500	35199.9892830306	25500	34459.7048097351	25500	33281.9111919228
25600	34472.8091056743	25600	34517.2682094117	25600	33726.2976465356
25700	34917.7858755601	25700	34566.7745136173	25700	33308.0844646013
25800	34982.3454444414	25800	34060.8554897935	25800	33705.2532285345
25900	35147.2001057737	25900	33725.1941178245	25900	33788.6675881563
26000	35491.3660651151	26000	34544.6953594682	26000	33214.8795984614
26100	35185.0679839828	26100	34391.4689546114	26100	33726.8496652797
26200	35933.2271898587	26200	34686.2687399230	26200	33571.2827013903
26300	35215.0310194265	26300	34819.3050369294	26300	33381.9166869013
26400	35417.0267872526	26400	34217.7677203003	26400	33658.9233656199
26500	34960.4322605616	26500	34721.1327534130	26500	33093.8730421777
26600	35141.4424075313	26600	34379.5079475184	26600	33225.1809776488
26700	35015.4133819997	26700	34385.0236227686	26700	33452.8075362798
26800	35019.6399678248	26800	34269.7371184789	26800	32755.2900636875
26900	35432.8673379424	26900	34459.6134480642	26900	33549.8232928116
27000	35021.6163461367	27000	34097.0026159773	27000	33515.7444443556
27100	34893.5312504628	27100	34216.1441828405	27100	33610.0060898380
27200	34971.0992179270	27200	34494.2468856461	27200	33411.4986513476
27300	35002.3016959160	27300	34222.6146590697	27300	33396.5028879836
27400	35370.8559655610	27400	34914.3092321503	27400	33216.9145923804
27500	34675.5646552475	27500	34068.3344611007	27500	33401.1132777076
27600	35237.2417293635	27600	34473.9233434739	27600	33073.7818132825
27700	35283.4523218056	27700	34663.3726990732	27700	33711.8758265033
27800	35115.3693025355	27800	34347.2095817750	27800	33417.8764337669
27900	35219.0894662681	27900	34172.8913954037	27900	32984.8811359504
28000	35384.4911608345	28000	33748.9916566795	28000	33072.0486387580
28100	34551.5055002841	28100	34133.4575807751	28100	33863.4804416482
28200	35051.5024749121	28200	34311.8760159673	28200	33396.8507029886
28300	35551.5391091202	28300	34416.5108622261	28300	33254.8758352114
28400	35197.2543594213	28400	34289.7959477874	28400	33475.5168746218
28500	34970.6101520486	28500	34549.4466332214	28500	33388.5878475316
28600	34972.2744526804	28600	34348.3599366124	28600	33753.1357582508
28700	35487.6124731063	28700	34546.5273966949	28700	33223.2889194891
28800	34798.2338634677	28800	34549.8093753172	28800	33731.9567286368
28900	35165.1116792320	28900	34410.9106190351	28900	33161.8027781595
29000	34861.2586166959	29000	34488.8382975368	29000	33655.7810379461
29100	35266.2393858254	29100	34277.1432939340	29100	33287.3562911344
29200	34910.1959547102	29200	34528.2189998894	29200	33364.7692423526
29300	35098.8079058656	29300	34262.9281098461	29300	33331.2998209135
29400	35059.1723271051	29400	34093.4615714992	29400	33465.7754843963
29500	35391.4128183013	29500	34097.8189076448	29500	33212.6840850264
29600	35093.7039860956	29600	34374.8198391919	29600	33302.9671674208
29700	35322.0600770818	29700	34090.5209921439	29700	33256.7789153129
29800	35154.1224460404	29800	34464.4365878506	29800	33215.4131014819
29900	35493.4341780690	29900	34259.0353826342	29900	33156.1883922922
30000	35057.9644314825	30000	34622.5590999724	30000	33447.5274596928
30100	35170.6245830247	30100	34973.5125387998	30100	33181.5559769249
30200	35323.0198940868	30200	34779.8919761449	30200	33622.1208044635
30300	34635.0236023646	30300	34242.3076226769	30300	33753.6914454587
30400	35163.3266772485	30400	33951.9159069881	30400	33442.1906480136
30500	34934.1015167508	30500	33997.6673391343	30500	33525.2121827744
30600	35327.4952754874	30600	34391.6509800642	30600	33166.8492416923
30700	34736.4964489842	30700	34705.4553741229	30700	33324.4897019160
30800	35169.6205224395	30800	34324.3662843516	30800	33228.5272817570
30900	34885.8962303469	30900	34304.5273914099	30900	33633.0484165305
31000	35135.3847643058	31000	33840.3434016133	31000	33425.9838241663
31100	34985.2942410766	31100	33867.6601802783	31100	33355.2124045531
31200	34983.1240401212	31200	33887.4343893649	31200	33221.3732186783
31300	35296.6733763980	31300	34144.9061406409	31300	32780.3866885838
31400	35635.8209433827	31400	34286.8215499378	31400	33584.1781756426
31500	34871.4980219932	31500	34716.4107050467	31500	33501.4736481689
31600	34843.5469808304	31600	34226.3146999337	31600	33501.5164563447
31700	35371.6126965545	31700	34038.7140159219	31700	33573.6577405309
31800	35329.7684062596	31800	34954.2982853748	31800	33498.1662277304
31900	35395.4657063832	31900	34541.3867848739	31900	32919.0832767070
32000	35236.9925611665	32000	34281.6099646813	32000	33594.5373307455
32100	35112.7771976633	32100	34381.2331988207	32100	33580.7484360613
32200	34820.5546299154	32200	34235.5221525468	32200	33524.8106481445
32300	35242.9483615497	32300	34221.4348100506	32300	33236.5835160166
32400	34714.8102703318	32400	34560.0227733252	32400	33843.8795504610
32500	34913.4913791363	32500	33914.3859772955	32500	33385.9566373571
32600	34956.1551259341	32600	34184.2870221904	32600	33071.3410588778
32700	35300.1073977680	32700	34774.5890094524	32700	33527.7907861805
32800	34509.4945667214	32800	34468.0907064387	32800	33429.0217244477
32900	34913.3816360225	32900	34484.5718344158	32900	33444.7682827366
33000	35566.5462319671	33000	34246.1984202379	33000	33807.8606336099
33100	34564.5834598754	33100	34068.2675477014	33100	33283.0530927615
33200	34734.9961613397	33200	34565.8055051908	33200	33917.8540622747
33300	35175.0237220878	33300	34464.0550360989	33300	33532.2377985053
33400	35268.8831966218	33400	34555.4429776909	33400	33527.6858549568
33500	35136.2820929858	33500	34418.5575058840	33500	33259.6736306683
33600	34802.3924430669	33600	34099.2264084226	33600	33588.2062254807
33700	34874.0312310809	33700	34207.9542908035	33700	33770.7131948073
33800	34836.9141731645	33800	34782.9338597801	33800	33159.3545764004
33900	34733.6351535282	33900	33981.3172938188	33900	33669.5578439201
34000	34728.4753570099	34000	34352.4794235416	34000	33574.7864528184
34100	34854.3673144544	34100	34786.6519306701	34100	33844.5764467913
34200	35019.5690914033	34200	34663.4566937013	34200	33556.3091767426
34300	34817.1975001311	34300	34607.1550572821	34300	33327.5544718290
34400	34777.3772988393	34400	34218.9804615649	34400	33373.8580243297
34500	34390.2923341098	34500	34300.2916096966	34500	33172.4367696299
34600	35322.3005578997	34600	34060.5781029289	34600	34136.8191850784
34700	34601.7333546411	34700	34288.9892973733	34700	33402.4392551056
34800	35167.1733228207	34800	34633.7328087063	34800	33699.1059355996
34900	35159.2846961479	34900	34581.3110071531	34900	33592.4242924815
35000	34813.0851841758	35000	34365.4037102411	35000	33530.2367577245
35100	35330.9852779494	35100	34605.7499676392	35100	33458.3358064877
35200	34734.1413914754	35200	34538.4337282037	35200	33739.9261345136
35300	34702.2004627782	35300	34253.2153120030	35300	33740.9970237480
35400	35122.2089173646	35400	34679.9662904248	35400	33655.5187511031
35500	35013.3428143937	35500	33989.7597269942	35500	33236.8597399651
35600	34549.6478606956	35600	34308.3082787460	35600	33434.6358739788
35700	34878.5468991849	35700	34222.3404211265	35700	33619.2625670247
35800	34373.0131199943	35800	34128.2297593737	35800	33140.8933392547
35900	35034.1630669873	35900	34680.1150827921	35900	32900.7817980631
36000	35041.1139554776	36000	34550.1605464445	36000	33379.2217797905
36100	34707.5777570606	36100	34573.5409039429	36100	33243.3293117449
36200	35157.1699180059	36200	34208.3821871270	36200	33292.2442274522
36300	35044.6457149892	36300	34379.1091828305	36300	33612.4230953067
36400	34811.6065401396	36400	34545.9811911388	36400	33850.6807076565
36500	34405.6521910229	36500	33799.8988229018	36500	33634.6238940784
36600	35124.8389994988	36600	34264.3609835532	36600	33139.2398752409
36700	35004.2768439577	36700	34413.3363332220	36700	32937.9108331616
36800	34945.5533979497	36800	34351.3144950664	36800	33689.0054022882
36900	35092.6402522409	36900	34469.1538876059	36900	33741.6981537316
37000	34433.8126431416	37000	34132.4761690598	37000	33304.0780974209
37100	34921.0029879417	37100	34522.4744791633	37100	32847.2111072754
37200	35005.2754449935	37200	34640.8560660537	37200	33493.0186720695
37300	35224.6398548827	37300	34514.4137256989	37300	33552.1624451079
37400	35023.3213034109	37400	34456.5985215114	37400	33573.2241181783
37500	34248.9447009099	37500	34647.2710263727	37500	33665.1487278237
37600	35330.9001866536	37600	33994.5646607150	37600	33886.2211706115
37700	35004.9335266648	37700	34235.5999683455	37700	33458.0525484132
37800	35390.4047891857	37800	34983.4418817684	37800	33815.6391493663
37900	34890.7470259871	37900	34089.3712732025	37900	33267.4074195099
38000	35203.2622923718	38000	34359.3008240154	38000	33150.9190575103
38100	35471.9152840599	38100	33926.8076819562	38100	33083.3609816755
38200	35626.5427452514	38200	34299.1528553222	38200	33692.2066503722
38300	34711.3252672816	38300	34121.8783686133	38300	33509.4709664787
38400	35201.6280529142	38400	34687.4171367151	38400	33644.0852562523
38500	34936.8500062289	38500	34160.3898599247	38500	33274.0435960326
38600	35214.8225706432	38600	34173.2174127624	38600	33344.1601677860
38700	34940.8643434932	38700	34526.7824199556	38700	33468.8459623258
38800	35300.7248514398	38800	34304.8460750831	38800	33303.7937048607
38900	35324.1682258252	38900	33997.6078405270	38900	33257.3110259160
39000	34992.5250383989	39000	34066.9157872568	39000	33454.2892222997
39100	34798.0291258219	39100	34283.4620668135	39100	33997.8985405310
39200	34967.6848319102	39200	34208.7310897508	39200	33804.4849245771
39300	34758.3587563136	39300	34139.9797655510	39300	33229.0448222019
39400	34895.4613016502	39400	34242.8810851228	39400	33171.6299091144
39500	34741.8709796047	39500	34225.5683842842	39500	33276.4908347010
39600	34601.8223701847	39600	34128.4015934591	39600	33958.1843652976
39700	34322.2191812271	39700	34106.3485953986	39700	33333.7139253596
39800	34323.7778656170	39800	34457.1177205623	39800	34079.3720470156
39900	34745.0173492597	39900	34427.2090586714	39900	34318.1112487918
40000	35176.0798717773	40000	34310.4050884690	40000	33088.0232771835
40100	34937.7912495277	40100	34131.1322211727	40100	33888.9520562510
40200	35249.5841446456	40200	34553.3134130315	40200	33697.6159809082
40300	35293.9860108404	40300	33777.1793375392	40300	33040.8330612030
40400	34969.0722574218	40400	34019.6651433794	40400	33615.9116930322
40500	34668.9438261753	40500	33883.5685485741	40500	33459.8538700923
40600	35342.0259418391	40600	34517.9154955529	40600	33303.8210124810
40700	35157.7132676089	40700	34429.2635682296	40700	33408.4749171585
40800	35100.6893520506	40800	34409.5969756000	40800	32993.7916161864
40900	34890.6702480476	40900	34541.1129335398	40900	33755.4923935592
41000	35456.5878871413	41000	34398.0758038420	41000	33681.8679614310
41100	35460.0494798531	41100	35113.7369217431	41100	33803.0174638487
41200	35253.9293960547	41200	34147.8757447244	41200	33262.2285327062
41300	35076.0221210120	41300	34643.6580971424	41300	33677.5564434765
41400	35222.9320663384	41400	33987.3950683396	41400	33155.4599041144
41500	34291.6541058685	41500	34500.1965851406	41500	32995.7715055910
41600	34683.8879615340	41600	34104.0501420232	41600	33408.0070179892
41700	35507.2927764939	41700	34414.0962914871	41700	33446.0232295421
41800	35180.9886210399	41800	34276.0588609819	41800	33278.3997805556
41900	34637.0542597558	41900	33655.5272709032	41900	33555.8486429785
42000	34777.6503045631	42000	34263.7528297441	42000	33763.3767815534
42100	35122.9365531361	42100	34636.6463113255	42100	33679.8571289497
42200	35175.6371578261	42200	34003.9104348217	42200	33324.3245423956
42300	34954.0044430954	42300	34060.6916863116	42300	32973.1605916139
42400	34855.8789770898	42400	34250.5892123196	42400	33428.3184633222
42500	34594.5062866235	42500	34522.3430324777	42500	33185.6829024126
42600	35319.8577419655	42600	34589.8243751875	42600	33586.2576421807
42700	34801.2962768996	42700	34620.1152950214	42700	33651.9212912105
42800	35322.1005876740	42800	34557.7334971139	42800	33568.1931824278
42900	35099.6332156893	42900	34624.9021968018	42900	33817.2999412874
43000	35103.5829816711	43000	33891.7766179703	43000	33101.5484443564
43100	34777.9559087050	43100	34698.3092629207	43100	33134.3057199669
43200	34409.0138106317	43200	34477.7861972641	43200	33352.7577098029
43300	35251.7917366912	43300	34578.1549516686	43300	33469.9414640689
43400	34827.4088117203	43400	33906.9183111286	43400	33207.0107767601
43500	34743.6627887660	43500	34146.4941153777	43500	33564.0314990221
43600	35380.3200396001	43600	34462.3994307048	43600	33502.9973066231
43700	34271.9102622846	43700	34345.2120863758	43700	33067.1550475214
43800	34525.3828146751	43800	34741.8749715244	43800	33855.3453513012
43900	34876.8730440243	43900	34303.7820025587	43900	33497.7486997482
44000	35064.0787290350	44000	34403.6621805895	44000	33311.8039113679
44100	34348.0799256669	44100	34392.5246853646	44100	33564.7080741530
44200	34986.2071979134	44200	34349.3534240656	44200	32698.5737469607
44300	35543.6889565709	44300	34013.8689713967	44300	33350.6818336929
44400	35313.1000099205	44400	34407.0625384771	44400	33650.3325273291
44500	35235.8730425696	44500	33854.1164020277	44500	33212.6083492526
44600	35097.2136370197	44600	34558.7639615282	44600	33305.7175323296
44700	35108.9397231108	44700	34844.8218701032	44700	33976.3677394228
44800	34427.3815187521	44800	34418.4522414239	44800	33694.0857913193
44900	34747.5445627750	44900	34575.8504852278	44900	33557.9991051905
45000	34986.0213193843	45000	33994.0514544087	45000	33459.4443045418
45100	35722.2906646173	45100	34064.4494519014	45100	33521.8728485351
45200	34931.1938631285	45200	34415.8966644033	45200	33608.7203995170
45300	35008.6802468982	45300	33928.4909609803	45300	33682.6496221513
45400	35464.8455168383	45400	34372.3605637955	45400	33252.5202774544
45500	35011.5498932949	45500	33784.2193434719	45500	33421.8118761020
45600	35388.8127486584	45600	33789.6804621777	45600	33836.9547469903
45700	34852.3107417009	45700	34447.9307799331	45700	33425.5730975549
45800	35072.6669200494	45800	34703.1940698982	45800	33951.0241554218
45900	34716.1942404582	45900	34144.8625299772	45900	33397.1400809952
46000	35494.4111118831	46000	34279.8268238039	46000	33476.2993616557
46100	34961.4538748924	46100	34144.4146844188	46100	33562.9972475304
46200	34743.1662587297	46200	35109.0902708532	46200	33706.5236133328
46300	34124.6911567618	46300	34211.8692915713	46300	33566.7758681355
46400	35066.5050766335	46400	34042.9410088138	46400	33551.8809451761
46500	34999.8688335402	46500	34041.9906258200	46500	33932.1666841605
46600	34699.5503487807	46600	34696.8424386118	46600	33475.5028222499
46700	34454.2830847469	46700	34108.3053654512	46700	33369.5243489330
46800	35066.7095240146	46800	34156.2016563553	46800	33394.5492003414
46900	35192.5558378186	46900	34260.2873267713	46900	33265.8078538225
47000	34715.3025758018	47000	34619.1841856120	47000	33116.7715425155
47100	34957.2372165412	47100	33894.7632325794	47100	32926.8307410029
47200	35294.8476466233	47200	34303.3186341637	47200	33406.1087144635
47300	34850.1966177253	47300	34459.2113312119	47300	33440.2585464616
47400	34630.5570650284	47400	34486.3497272558	47400	33261.9381958421
47500	35020.2337256810	47500	34086.7581965109	47500	33351.9123581012
47600	35263.1571427914	47600	34177.1649550490	47600	33376.5028574244
47700	35380.1537037214	47700	34500.8482058391	47700	33563.1398517376
47800	35046.2572128084	47800	34774.9644078666	47800	34207.0593678372
47900	35376.1031516111	47900	34385.9694278149	47900	33821.4785692639
48000	35200.8431597801	48000	34099.9918303289	48000	33762.9924149534
48100	34913.8384991825	48100	34479.9416776291	48100	33326.9795802874
48200	34983.9908980937	48200	34385.4491183206	48200	33543.1580055362
48300	34893.5234840057	48300	34233.4848589900	48300	33518.6581271588
48400	35282.9731561362	48400	33967.3335508263	48400	33578.9916681201
48500	35194.0994672263	48500	34237.9182598829	48500	34026.2575315021
48600	35003.0069364696	48600	34241.8893609327	48600	33159.5044073775
48700	35339.1387457773	48700	34685.8109175451	48700	33688.3463428155
48800	34771.7712065728	48800	34699.2399008475	48800	33089.0796174330
48900	34863.5083457118	48900	34527.7908514630	48900	33996.8332486870
49000	35185.2536014347	49000	34588.5898091713	49000	33247.1386279035
49100	35242.1135884462	49100	34001.6538599402	49100	33450.6212306033
49200	35314.7965215833	49200	34054.0058113217	49200	33132.8156457313
49300	35045.5262244271	49300	34193.7574637397	49300	33251.3767659524
49400	34892.9349492987	49400	34286.5135375043	49400	33153.6357459898
49500	35078.1152148231	49500	34333.8355258721	49500	33577.8314063499
49600	34890.8208478559	49600	34352.2893069377	49600	33541.0714620655
49700	35024.8612235784	49700	34249.2054710983	49700	33581.9979391825
49800	34812.7383186836	49800	34781.0314776318	49800	34029.1301599853
49900	35183.7552601087	49900	34269.6851270920	49900	33086.4324004119
50000	34684.2513839256	50000	34341.7268133703	50000	33572.0778470891
50100	34759.3968668310	50100	33978.7760470836	50100	33062.5545833718
50200	35049.1567307429	50200	34313.1543651553	50200	33840.3157092723
50300	34832.3904111094	50300	34345.7629653005	50300	33745.3255413035
50400	35363.6825365077	50400	34684.8849488852	50400	33493.5761124483
50500	35259.8230240854	50500	34325.8709359506	50500	33417.1218420386
50600	34755.6491024997	50600	34598.5640736627	50600	33902.5371518787
50700	34233.0108848454	50700	34796.8362949298	50700	33702.7766745943
50800	34297.5075175465	50800	33808.1078997893	50800	33515.0353772482
50900	35001.5231890102	50900	34458.2325801613	50900	32855.0888808758
51000	35286.6833580824	51000	34551.8575803991	51000	33784.1074152013
51100	35413.5625476729	51100	34982.5795783980	51100	33611.8839188354
51200	35271.7209504518	51200	34451.0275241558	51200	33052.2658877488
51300	34909.2863572548	51300	34763.5710133172	51300	33242.5359744107
51400	35070.3687781089	51400	34165.5980329789	51400	33430.7248111676
51500	35356.9633731159	51500	34601.3192396615	51500	33427.6953644424
51600	34940.5040327283	51600	34488.7825033434	51600	33298.2660820879
51700	34814.7650753836	51700	33896.2835924018	51700	33402.1866473976
51800	35238.7553822197	51800	34418.5936468091	51800	33556.2201744912
51900	35132.3419948998	51900	33983.6528089783	51900	33267.5430124706
52000	34896.7126744834	52000	34511.5002313442	52000	33280.7803084673
52100	34312.1574249923	52100	34575.0835042332	52100	33594.7476190903
52200	35173.8167055469	52200	34388.1664538784	52200	33304.3708831736
52300	35021.3296161083	52300	34404.4935075007	52300	33328.5085435614
52400	35232.6211669861	52400	34161.6074033562	52400	33622.7026039445
52500	35252.8182501814	52500	34342.0059131905	52500	33048.4489313492
52600	35102.9275022339	52600	34069.6813958598	52600	33322.9489611241
52700	34448.8347890930	52700	34003.7353156041	52700	33072.1207396845
52800	35053.6786519468	52800	34764.2183436397	52800	33931.2953726830
52900	34927.0475941129	52900	34363.1083420599	52900	33408.2368250995
53000	35448.2917340529	53000	34102.3398636378	53000	33102.8809570678
53100	34590.9052235112	53100	34181.1022968427	53100	33531.7626422986
53200	35335.3700800150	53200	34922.9040717335	53200	33272.7409718922
53300	35045.4367723752	53300	34390.3202002260	53300	33613.1384353981
53400	35025.2915128750	53400	34629.1959653590	53400	33497.1525248017
53500	35039.7526878680	53500	34369.8859029537	53500	33894.6266366252
53600	34845.0974942523	53600	34369.4871883156	53600	32995.9308501445
53700	35168.7620893700	53700	33934.0921751203	53700	33286.0653565722
53800	35182.0157668859	53800	34643.2864844707	53800	33558.5498506751
53900	35246.2978579027	53900	34590.7530233066	53900	33164.5179638199
54000	34974.0437606424	54000	34552.8623101652	54000	32800.8262366541
54100	34875.2883428979	54100	34391.1628371010	54100	33773.0245315921
54200	35238.2913484531	54200	34677.0787397528	54200	33435.5506585187
54300	35147.7379575908	54300	34190.4384605377	54300	33363.9059230979
54400	35215.0352118077	54400	34696.7587912274	54400	33569.5096662356
54500	35094.3053829108	54500	34159.7196479972	54500	33038.9003073184
54600	35041.4394604813	54600	34026.3778196163	54600	33760.2532137780
54700	34647.2499086531	54700	34201.5020713357	54700	33590.6264776544
54800	35429.7555112602	54800	34671.9788717383	54800	33667.7490160261
54900	35462.3435800813	54900	33606.4620128448	54900	33329.5123134097
55000	35015.9241651000	55000	34246.7502070152	55000	33267.8955249034
55100	34750.6095131338	55100	34204.2774138520	55100	33641.6907903436
55200	35475.5480445051	55200	34925.8746914553	55200	33528.9813507279
55300	34860.4245074013	55300	34044.0060516061	55300	33051.8326804902
55400	35229.4239404496	55400	34296.2471118031	55400	33149.5300450992
55500	34635.8811416617	55500	34688.4334331561	55500	33329.1860976739
55600	34989.2969504364	55600	34826.8482485080	55600	33482.7731275688
55700	35305.7904659558	55700	34448.3909047895	55700	34161.1911906826
55800	35243.6224750034	55800	34072.5707037568	55800	33481.5167164694
55900	34973.6043150362	55900	34388.0114029926	55900	33885.3217195587
56000	34726.9562148910	56000	33878.8979267888	56000	33031.5169923876
56100	35175.2244600400	56100	34225.6216208032	56100	33528.7786976503
56200	35286.2067297814	56200	34699.7794090806	56200	33074.6297326310
56300	34743.4673102667	56300	33981.4798887254	56300	33043.8919606189
56400	35089.6893501717	56400	34148.0610679040	56400	33671.0826506826
56500	34968.9179547442	56500	34896.6203186524	56500	33989.0108985529
56600	35197.8756678410	56600	34517.1575855063	56600	33498.4724019193
56700	35227.2229742388	56700	34305.4858079219	56700	33112.5092801497
56800	34517.9384125191	56800	33987.1911613903	56800	33672.3754417934
56900	35077.9907625988	56900	34143.0911233097	56900	32956.0063823234
57000	35285.8375716172	57000	34314.6729058733	57000	33511.1270851617
57100	34872.3975205147	57100	34103.0183484509	57100	33526.7050464731
57200	35296.4322277041	57200	34251.6899343161	57200	33652.2687244546
57300	34803.6907295862	57300	34088.9855404179	57300	32856.0331379660
57400	35172.1376499998	57400	34377.9059351204	57400	33357.1413149135
57500	35177.1181847449	57500	34006.4343769706	57500	33361.7349489882
57600	34785.2316030896	57600	34706.4900569572	57600	33862.3917127611
57700	34815.8711811164	57700	34373.8876827930	57700	33416.5293597965
57800	34891.3769046239	57800	34476.9547932303	57800	33521.3523256177
57900	35429.6056447954	57900	34337.6019765932	57900	33844.5862537478
58000	35190.4503428996	58000	34497.1337502711	58000	33203.2214378160
58100	34961.6214115122	58100	34058.0056755184	58100	33791.2527887606
58200	35318.6552241357	58200	33756.9909357358	58200	33514.1283618302
58300	34616.1669019902	58300	34089.3853178283	58300	33272.1207612778
58400	34454.3909127327	58400	34438.5481289334	58400	33062.9590654242
58500	35283.4828370936	58500	34308.2690166277	58500	32780.9515633806
58600	34642.2835562080	58600	33976.4398202754	58600	33313.1830837976
58700	34924.3019273941	58700	34074.5323631050	58700	33648.4357786247
58800	34620.4372065707	58800	34576.9573305404	58800	33562.7223832195
58900	35007.9031255024	58900	34164.8281157351	58900	33059.6845627416
59000	34767.7555506490	59000	34099.0306108128	59000	33351.2478917085
59100	34634.4143913886	59100	34610.5677615419	59100	33384.3982847152
59200	35203.8322764363	59200	34371.5798277597	59200	33523.9316306121
59300	34412.2545269833	59300	34649.6648908920	59300	33130.9059363416
59400	35012.6149396629	59400	34563.6340429513	59400	33147.4931967748
59500	34863.6361549066	59500	33766.6111849230	59500	33380.9881423910
59600	34952.0172172877	59600	34417.7119098327	59600	33633.5635663176
59700	35090.5873665425	59700	34621.7890200357	59700	33180.5657253097
59800	35532.4866203634	59800	34894.0147633069	59800	33755.0279122066
59900	34638.0382604455	59900	34414.0250835111	59900	34072.5854991641
60000	34663.4921782500	60000	34385.0357079643	60000	33135.5302969538
60100	35188.0387272228	60100	34233.5831669013	60100	33056.3725949932
60200	34810.5181012661	60200	34215.0124312909	60200	33689.6139292252
60300	35171.9737876826	60300	33619.3777885612	60300	33194.8134710237
60400	35679.3338920871	60400	34027.3741370744	60400	33326.4334538027
60500	35325.7580409276	60500	34172.8988863599	60500	33330.4047323928
60600	35308.1881132141	60600	34568.4350400824	60600	33421.5815177594
60700	35070.0073730117	60700	34326.9015943737	60700	33530.6016229650
60800	35411.6619672704	60800	33807.0847666258	60800	33335.5620890379
60900	35469.6308841014	60900	34576.5407182792	60900	33353.6414250863
61000	35172.5318641315	61000	33796.7476324007	61000	33267.4998736992
61100	34413.6792765548	61100	34375.3421812330	61100	33099.0388976885
61200	35184.4148498428	61200	34076.3479984743	61200	33864.7876226396
61300	34986.3928337612	61300	34282.5011053474	61300	33434.3803053411
61400	35043.5087208809	61400	33808.4079849306	61400	33092.2037375837
61500	35751.9066415899	61500	34696.8007381644	61500	33579.4196659088
61600	35169.3783778973	61600	33901.2643553743	61600	33679.9394077094
61700	34445.5036765664	61700	34740.9762438956	61700	33496.1834165063
61800	34850.9927339518	61800	33993.2805852478	61800	33157.9723777611
61900	34511.1108954719	61900	33458.9735964747	61900	33207.5148455796
62000	35538.7817961026	62000	34555.6673698910	62000	33516.3273124545
62100	34785.6190577808	62100	34336.6744781528	62100	33560.5142930358
62200	34816.4670522230	62200	34190.0786576506	62200	33202.5162640189
62300	35317.1539854884	62300	33250.5135385290	62300	33579.4044684602
62400	35011.5756681261	62400	34183.4850152461	62400	33736.6697675903
62500	35122.4219332747	62500	33870.5378803438	62500	32704.4000921819
62600	35265.1353921996	62600	34110.9084174049	62600	33868.9382277307
62700	35134.1652435447	62700	34144.7342601553	62700	33634.0645953924
62800	35554.2403554352	62800	34225.4865965846	62800	33344.0460128049
62900	35510.1842635730	62900	33753.8107973610	62900	33344.3545478828
63000	35004.9466486155	63000	34718.0562331600	63000	33824.6758403229
63100	34951.4514333184	63100	34329.9017967187	63100	33376.5738283905
63200	34995.9869469804	63200	34225.1621010261	63200	33070.5386981163
63300	35342.7896059159	63300	34231.9238861245	63300	33678.7048980986
63400	35270.6153322031	63400	34658.6574726819	63400	33536.8918802796
63500	34794.0087723470	63500	34648.5037406423	63500	33913.5649587734
63600	34825.4020306929	63600	34364.7663308179	63600	33391.8471920025
63700	34879.2861472311	63700	34207.0541534947	63700	33191.8016537116
63800	35146.6958929700	63800	34251.0379527161	63800	33535.0186090725
63900	34710.5182529001	63900	34065.1864944687	63900	33725.8767022058
64000	35095.7377131317	64000	33912.5137237153	64000	33233.1854222276
64100	34821.4612493473	64100	34219.3631992070	64100	33782.4566791294
64200	34617.8134797798	64200	34104.8523918223	64200	33455.4564461687
64300	35323.7963334876	64300	34407.4175055707	64300	33693.6463789697
64400	34950.4738349084	64400	34114.8121380698	64400	33478.6742152272
64500	34885.1731578093	64500	34536.9315529826	64500	33373.7379327452
64600	34639.4755921998	64600	34810.7716192025	64600	33271.1858635142
64700	35128.2243560345	64700	34159.8286496230	64700	33217.6451024512
64800	34570.0647496550	64800	34379.6496404107	64800	33684.9165477312
64900	34879.1774871464	64900	34151.6712709830	64900	33405.3556869550
65000	34671.5833438787	65000	33614.3960317066	65000	32856.7358965813
65100	34745.0402365172	65100	33865.9375559266	65100	33180.4979471577
65200	34632.7010765004	65200	34306.5051970132	65200	33468.4319786387
65300	34469.0708146531	65300	34888.4250340695	65300	33667.6650145630
65400	35011.7015671723	65400	34327.9058131667	65400	33669.5719152375
65500	35285.6992304918	65500	34195.6386708968	65500	33305.8388909436
65600	34914.0380652150	65600	33968.9051981393	65600	33228.0694410182
65700	35049.2527513488	65700	34181.5285643878	65700	33359.6629567997
65800	35103.9478297726	65800	34507.5261334478	65800	34101.6690993987
65900	35675.4971159452	65900	34022.9145715814	65900	33628.6934271032
66000	34573.0119252074	66000	34186.3388289433	66000	33643.3967629229
66100	35585.8878333498	66100	34407.5813417454	66100	33702.0938876661
66200	35432.7170694712	66200	34050.7616860084	66200	33731.8617659129
66300	35316.4649788769	66300	34453.6411470882	66300	33368.2753168940
66400	35360.9192960715	66400	34359.8210761418	66400	33248.4378972760
66500	34472.3170641042	66500	34073.0726254866	66500	33151.8274489791
66600	35203.9981611143	66600	34094.5074402581	66600	33716.1378689997
66700	35123.2476190883	66700	34254.1968477277	66700	33524.7704146093
66800	35082.9586961445	66800	34415.0001896516	66800	33652.2394393426
66900	35336.6153619213	66900	34095.7565427605	66900	32693.8232015680
67000	34944.4793597232	67000	33964.1520793642	67000	33305.4054591583
67100	34947.2275840708	67100	34291.6612893622	67100	33378.0879426931
67200	35366.0714230503	67200	33951.4991715612	67200	32974.0006426547
67300	35073.2247605309	67300	33957.2879077167	67300	33681.8741562796
67400	34657.9690005050	67400	34026.6483956524	67400	33706.2820534278
67500	35181.2188037938	67500	34458.2388184515	67500	33394.2572829944
67600	34694.1549855045	67600	34499.8274690870	67600	33274.3067565517
67700	35347.8809801118	67700	33989.4204311763	67700	33139.9581340628
67800	35253.7145024768	67800	34410.8809392715	67800	33381.4731665534
67900	35123.1845608182	67900	34154.5947275956	67900	33548.0172766373
68000	35127.3181028690	68000	34250.2644012161	68000	33626.4144699969
68100	35543.9081035988	68100	34850.3928286551	68100	33436.1989845233
68200	34600.6504774699	68200	34717.4721435575	68200	33248.8301381220
68300	35286.8182713899	68300	33654.1334354262	68300	33128.7398027892
68400	35315.6129174711	68400	33773.7231180908	68400	33583.5818218068
68500	35190.7723972327	68500	34075.4066295297	68500	33335.0838516670
68600	35144.8021662555	68600	33954.9238556020	68600	32922.1342447201
68700	35427.5805853737	68700	34143.5974464912	68700	33126.4111194670
68800	34898.9171763605	68800	34623.0149375188	68800	33496.2005975820
68900	34773.2989072155	68900	34313.8777612214	68900	33659.9773948454
69000	34919.9275875223	69000	34517.8944300793	69000	33484.9266827110
69100	35018.8212213323	69100	34432.9349432262	69100	33868.1982272321
69200	35628.7499227455	69200	34265.9656239683	69200	33658.3605838081
69300	35025.0312910924	69300	33712.6147538868	69300	33347.2943870321
69400	35273.3845991265	69400	34488.2652152270	69400	33511.6136559915
69500	35328.5114303337	69500	34747.9530474084	69500	33335.4614363304
69600	34839.8009216853	69600	35145.5977005479	69600	33720.0792928820
69700	35416.9820554564	69700	33967.3068433516	69700	33386.3496735206
69800	35249.5790711713	69800	34190.6110341229	69800	33460.6405567235
69900	35228.4724937293	69900	34605.6893612941	69900	33479.8055236444
70000	34787.0388869799	70000	34457.4226907995	70000	32918.3308437196
70100	34978.0383563027	70100	34313.0036686509	70100	33605.8166008474
70200	35167.0771215332	70200	34827.4442891342	70200	33907.2322554402
70300	35089.7673454717	70300	33650.4495803281	70300	33144.9883475701
70400	34523.9490795941	70400	34369.0451149201	70400	33303.6673852970
70500	35135.0069030807	70500	34340.5162149167	70500	33238.8591013085
70600	34870.5858032469	70600	34429.6262054877	70600	33519.2867530609
70700	35211.2495459319	70700	33946.1977268470	70700	33356.6180990833
70800	34937.8845302246	70800	34321.7979640452	70800	33435.3297067702
70900	35285.0621363464	70900	34622.4957001175	70900	32863.7138505751
71000	34876.3572209043	71000	34325.3493252414	71000	33246.6764670948
71100	35156.9393121153	71100	34449.7671297106	71100	33373.1739818178
71200	35115.4734352379	71200	34471.2368611333	71200	33343.8639071988
71300	35033.2951917804	71300	34283.3374043610	71300	33800.8242978959
71400	35245.3742252949	71400	34692.2232660289	71400	33502.9968214886
71500	35071.1824528322	71500	34595.9258551629	71500	33205.2400913536
71600	34762.9566505734	71600	34646.3974005572	71600	33601.2374750091
71700	35345.6650419243	71700	33981.1542656903	71700	33092.1473023232
71800	34488.9052502693	71800	34367.2536657299	71800	33267.2757899473
71900	34821.3692598525	71900	34727.2156386664	71900	33137.9894084046
72000	34347.4606602562	72000	34405.6356327700	72000	33474.7724125706
72100	35037.9449491265	72100	34314.7212052789	72100	33740.2806879310
72200	34789.0611714167	72200	34852.9481791250	72200	33456.6272889571
72300	35348.7678554869	72300	34177.7034069616	72300	33372.6017889449
72400	34870.0735454603	72400	34161.3931752425	72400	32995.7542253256
72500	34928.3663470330	72500	34645.7483862268	72500	34138.9876811499
72600	35062.7174538945	72600	34158.3100967580	72600	33637.3229003910
72700	35060.6275136106	72700	34705.8061167300	72700	33690.4305479098
72800	34761.8600235694	72800	34584.4774342057	72800	33151.4465135623
72900	35140.5365502983	72900	34696.7465675559	72900	33404.8002955773
73000	34976.7366414532	73000	34626.9401862643	73000	34045.1845037764
73100	35378.1475712742	73100	33733.0355359739	73100	33659.7526197469
73200	34597.9241227868	73200	34087.4322988777	73200	33674.9370298769
73300	34985.4834893146	73300	34500.7718203342	73300	33297.2586201563
73400	34581.0713549009	73400	34543.9654403975	73400	33749.4672363457
73500	35263.3797935463	73500	34640.9081061418	73500	32937.6214588284
73600	34790.0811808900	73600	34647.1784674781	73600	33568.7469759737
73700	35378.3458958157	73700	34314.1174498212	73700	33338.4984396847
73800	34863.5560857394	73800	34671.9419051270	73800	33449.0134125102
73900	35575.8828067740	73900	34178.1280759248	73900	32957.3999710471
74000	34749.2636248126	74000	34516.2422583058	74000	34119.3115711338
74100	35010.6797155239	74100	34238.8100531087	74100	33232.8068503476
74200	34902.5847687195	74200	34272.2819944422	74200	33379.0815118115
74300	34699.7212973643	74300	34043.5645012813	74300	33419.5156420297
74400	35058.7546338437	74400	34053.8439533948	74400	33568.3002720872
74500	34721.3491009778	74500	34294.7331633242	74500	33384.3840149185
74600	34963.9340723991	74600	34099.1761257529	74600	33560.5166807464
74700	35188.8489612013	74700	34395.2645479704	74700	33336.7321106749
74800	35101.3415061440	74800	34234.7123073588	74800	33366.4201852139
74900	34810.3620518117	74900	34645.2731417228	74900	33514.5952843605
75000	35055.7014788425	75000	34613.2070856046	75000	33622.1601703699
75100	35161.1097501684	75100	34222.8265520431	75100	33620.0451007386
75200	34898.9708466321	75200	34879.2359702450	75200	33507.9584674356
75300	34676.2766136434	75300	34279.2819282573	75300	33570.4413009457
75400	34596.2856272266	75400	34325.1564549186	75400	33135.1024049165
75500	34876.0180730315	75500	34112.8209300074	75500	33710.2064025353
75600	35468.0209566326	75600	34837.7697157018	75600	33615.9096676163
75700	35371.5443541499	75700	34465.5592272362	75700	33569.4710480902
75800	34372.6178401132	75800	34845.5148847624	75800	34156.0501864660
75900	35034.7903861428	75900	34300.2378778967	75900	32883.0576217550
76000	35299.7647460101	76000	34155.5497587587	76000	33087.5642796469
76100	35077.9022824348	76100	34476.7090531891	76100	33653.7793551977
76200	35042.7431343025	76200	34533.6222692844	76200	33544.9382135858
76300	35252.9724170764	76300	34195.4636964273	76300	33770.1452362880
76400	34852.0649731205	76400	34146.2140273850	76400	32979.2931429428
76500	35032.7604431681	76500	34464.6724137581	76500	33793.9393531618
76600	34718.1343508450	76600	34535.1559500702	76600	33663.9148005216
76700	35671.7511319352	76700	34372.0521352858	76700	33038.3574328233
76800	34401.0206128399	76800	34366.0502662040	76800	33669.5032476366
76900	34812.7177437271	76900	34077.2491098447	76900	33447.4795330920
77000	34953.5299592085	77000	34629.4848526457	77000	33242.2109849604
77100	35518.8955334852	77100	34760.9675735757	77100	33390.2964916849
77200	35561.0536330445	77200	34452.9916491399	77200	33454.5148822302
77300	34807.3384703819	77300	34331.4715160127	77300	33125.5698670782
77400	35326.4086856146	77400	34243.3839371333	77400	33401.7494992157
77500	34637.8395048992	77500	34431.5489239046	77500	33113.3064736257
77600	34793.9733896166	77600	34088.1840589347	77600	33412.2756687981
77700	34639.1346613744	77700	34727.0607966043	77700	33438.8456668016
77800	34874.1951660556	77800	34014.9070466949	77800	33587.1104199745
77900	34668.5349307269	77900	34217.6535571265	77900	33735.8947035428
78000	35196.3036027503	78000	34932.2017388710	78000	33876.8247766083
78100	34446.6976598580	78100	34341.0334047225	78100	33515.5738784818
78200	34544.5379091926	78200	34354.9560424225	78200	32866.1395086504
78300	35370.8226992747	78300	34527.0870614985	78300	33191.7404151331
78400	34830.8656375861	78400	34163.7773499045	78400	33436.2985211277
78500	34524.8848043670	78500	34400.5490253846	78500	33697.4161070194
78600	35200.1113290137	78600	34014.2739890405	78600	33421.8063553328
78700	35135.0755772752	78700	34644.8364308402	78700	33558.5384891692
78800	34583.7154363375	78800	34239.3347566537	78800	33157.4265062965
78900	35288.9522544932	78900	34037.8696746443	78900	33229.2411624488
79000	35035.1255148568	79000	34543.7727780952	79000	33016.4102088598
79100	35212.1386548114	79100	34363.9049783059	79100	33168.9137611060
79200	35431.7510561670	79200	34043.2756065467	79200	33696.3651261745
79300	35132.1806899466	79300	34180.6358729631	79300	33118.8622567506
79400	35117.1649596419	79400	34288.9599494302	79400	33416.8362766033
79500	35337.1809797575	79500	34102.0917666240	79500	34170.7596958442
79600	34402.2173634745	79600	34364.3303746569	79600	33625.4473996716
79700	34683.8995136802	79700	34431.4490749680	79700	33658.9965063834
79800	35027.3575862989	79800	34083.4985339665	79800	33849.4472068184
79900	35445.4327471096	79900	34336.9452567310	79900	33533.3032687557
80000	35031.5135659090	80000	34249.7180811698	80000	32905.3464886616
80100	34694.2671903711	80100	34771.0779149934	80100	33118.9612976868
80200	35549.3756223455	80200	34329.5477741879	80200	33217.3285734869
80300	34984.1982805206	80300	34678.6050303739	80300	33500.3904302921
80400	34864.5568559686	80400	34569.8231629424	80400	33282.9376083421
80500	34848.9051543221	80500	34767.3654807189	80500	33726.7954756166
80600	35559.9107934833	80600	34740.1651067594	80600	33495.2035844847
80700	35420.7172895502	80700	34044.0724903784	80700	33247.3212859411
80800	34948.7042718700	80800	34432.8841109174	80800	33189.4121135716
80900	35125.0240381707	80900	34200.0008708869	80900	33929.9743812205
81000	35090.2050495730	81000	34039.1253025215	81000	33574.8462425607
81100	34725.2650151080	81100	34141.1386751888	81100	33040.7931299454
81200	34907.7017034171	81200	33953.4110437101	81200	33133.9434899468
81300	34738.6797374707	81300	34411.8821048804	81300	33794.6413802337
81400	35378.3175889655	81400	33877.1718778596	81400	33558.6897934188
81500	34668.5825702604	81500	34347.0212947641	81500	33266.3802224511
81600	34727.4894972791	81600	34216.7196763754	81600	33585.1789812904
81700	34837.0877217026	81700	34552.0201976124	81700	33127.8375420712
81800	35301.7621054563	81800	34358.9855041581	81800	33445.6441754615
81900	35196.0313140765	81900	34313.6645735913	81900	33625.6752337916
82000	35101.0243401614	82000	34653.1418568333	82000	33767.5329615581
82100	34459.5533082130	82100	34303.1782466332	82100	33407.8732014783
82200	34929.5510135906	82200	34193.8025097981	82200	32939.4570022457
82300	35315.2423824144	82300	34378.1817730554	82300	33641.6964297971
82400	34661.6780560889	82400	34509.5775492714	82400	33354.7496477382
82500	34598.9565949300	82500	33764.9510232760	82500	33625.3604002483
82600	34965.0422806795	82600	33965.8810723485	82600	33413.0535328867
82700	35152.7958662660	82700	34114.0877646550	82700	33215.6266114284
82800	34700.5904871093	82800	34300.0635548099	82800	33683.1525224177
82900	34794.2301987287	82900	33731.4596202185	82900	32845.6737948046
83000	34728.9667805588	83000	34454.5732830314	83000	33853.7356917243
83100	34869.1655284682	83100	34582.1316218105	83100	34133.3039950384
83200	35543.2240362578	83200	34267.4732025884	83200	33089.7634497407
83300	35342.6495431215	83300	33901.4717789204	83300	33899.3627097393
83400	35316.7080700139	83400	34474.7682664664	83400	33221.6339822151
83500	35153.1929119003	83500	34158.0054881032	83500	33900.7330417252
83600	35049.2009784469	83600	34186.1470594117	83600	33231.5271275848
83700	35108.8355204371	83700	35039.9381812285	83700	33690.3344049647
83800	34430.2900241151	83800	33954.1882572639	83800	33042.7673416655
83900	33754.1927670746	83900	34324.4736887936	83900	33098.2693795106
84000	34743.7852486748	84000	34393.0675154781	84000	33351.4415262423
84100	34529.6945950188	84100	33846.5990229747	84100	33231.5485290653
84200	34489.5497958089	84200	34398.4513240323	84200	33909.2950528922
84300	34452.1958272583	84300	34281.6451867189	84300	33439.7179313632
84400	35120.6680369303	84400	33728.9043958782	84400	33317.5814073481
84500	35200.5854648981	84500	34339.5596972778	84500	33753.8932016321
84600	35570.7037823554	84600	34461.0636417576	84600	33258.4611168346
84700	35647.6340324616	84700	34164.0750080630	84700	33395.8388891623
84800	34439.5123066904	84800	34242.6609452264	84800	33586.1179570974
84900	35154.5869721010	84900	33902.3783444159	84900	33402.9871641922
85000	34947.4004762418	85000	34176.4231695676	85000	33174.7140675714
85100	35456.5182047529	85100	34267.9521684308	85100	33406.9549097000
85200	35751.4787875936	85200	34473.1509414212	85200	32911.4896463540
85300	34884.2690572005	85300	33885.3815450349	85300	33584.9254576797
85400	35168.5641462435	85400	34298.0394042115	85400	33328.3017940874
85500	35089.8121645729	85500	34120.9869781618	85500	33137.0847661006
85600	35243.6921495645	85600	34195.8734158873	85600	33439.8760171790
85700	35279.6706013976	85700	34798.3214603388	85700	33119.9525706641
85800	34666.6741584438	85800	33933.2866349960	85800	33664.0993142902
85900	35149.3384071510	85900	34504.7561931157	85900	33098.3123215669
86000	35044.9605377603	86000	34268.7509418035	86000	33405.8128261616
86100	34923.5636869739	86100	33967.0424921588	86100	33482.6071762701
86200	35137.9130935950	86200	34484.8078142120	86200	33798.9537954125
86300	34925.0294443846	86300	34165.4604447666	86300	33163.6808009495
86400	34991.9119954860	86400	34030.4966957712	86400	33346.8816433856
86500	35109.5659132732	86500	34254.0510361199	86500	33484.8536621067
86600	35087.9728942234	86600	34516.2404697695	86600	33837.0591681342
86700	34947.2634694629	86700	34190.2541409029	86700	33076.7693330557
86800	35423.7998975741	86800	34216.6503178427	86800	33005.9288459478
86900	34814.2522512699	86900	34280.5460019133	86900	33085.1131083721
87000	34519.0843631909	87000	34162.4615140025	87000	33214.2193809184
87100	35100.4120974281	87100	34032.0918561337	87100	33117.4170049541
87200	34837.6856390640	87200	33862.4520304955	87200	33465.2599127602
87300	34944.0132048128	87300	34523.9587637729	87300	33349.5198346955
87400	35290.6298983328	87400	34646.2707431803	87400	32927.5523553599
87500	35153.5823425362	87500	34485.9462901723	87500	33544.3760772836
87600	34989.9169824207	87600	34530.4666868705	87600	33577.6641699906
87700	34970.8780543797	87700	34109.8517905250	87700	33447.2046951030
87800	34930.7444839075	87800	34462.6572140043	87800	32954.2912621434
87900	35109.8851777743	87900	34092.5321657853	87900	33334.2831972653
88000	35462.1788718978	88000	34486.5372529485	88000	33739.3853259018
88100	34585.0211329082	88100	34352.0846576770	88100	33256.8163534930
88200	34714.7158834309	88200	34736.6258069673	88200	32732.0785374236
88300	34925.8534815360	88300	34229.1329419400	88300	33390.2850162727
88400	34699.3018177128	88400	34371.5763835062	88400	33018.4241497618
88500	35142.5671014018	88500	34266.8296541250	88500	33150.8039986920
88600	35430.4461454152	88600	34216.8082647246	88600	33520.6258217373
88700	34303.8647979917	88700	34548.5932859907	88700	33432.8465259531
88800	35201.5684873866	88800	34472.2151421363	88800	33805.3136495433
88900	34830.3679119457	88900	34483.9339292814	88900	33429.7514482968
89000	35380.7758825291	89000	34906.6004632269	89000	33722.8781269402
89100	34962.6077948982	89100	34310.5545692765	89100	33174.6271601339
89200	35143.4542779157	89200	34335.1391844064	89200	33306.0916055351
89300	35298.3983733183	89300	34239.1995475173	89300	33147.8031353800
89400	35019.2780257665	89400	34183.0912203787	89400	33229.3235219949
89500	34597.5466427210	89500	34001.6604224102	89500	33589.8467936946
89600	34998.2480531419	89600	34582.3041861625	89600	33506.9649815924
89700	35271.3695844921	89700	34024.4232013353	89700	33411.6613769846
89800	34488.7248797325	89800	34491.0896662844	89800	32983.8973333469
89900	35393.2597133956	89900	33853.3099916589	89900	32932.0216889402
90000	35234.7998729127	90000	34051.7223812765	90000	33299.3363181257
90100	35550.2409117690	90100	34364.6186276795	90100	33646.2077944841
90200	35616.0521479949	90200	34604.3746926190	90200	34010.0889106979
90300	34944.4705874692	90300	33843.1252067706	90300	33131.1736146558
90400	35175.0200541575	90400	34424.3638892248	90400	33378.5080181357
90500	35117.0205047566	90500	34209.2854966960	90500	33257.0190950575
90600	34482.1610819553	90600	34077.5000218146	90600	33160.6414221736
90700	35227.9379790181	90700	34228.3740536289	90700	33720.5225110519
90800	35053.6917481742	90800	34408.6070921832	90800	33457.6626691238
90900	35337.6825124296	90900	33909.2266480777	90900	32986.5262967338
91000	34783.0779431204	91000	34125.4488329396	91000	33786.9896028144
91100	34951.4960249794	91100	34160.0072000288	91100	33246.9903847733
91200	35407.9460005695	91200	34087.7985586862	91200	33392.8434701240
91300	34505.6393113763	91300	34075.8404841959	91300	33584.5362219818
91400	34781.2932481456	91400	34239.1559792731	91400	33520.9271798673
91500	35113.8257798391	91500	34072.4431527567	91500	33510.9169614821
91600	34860.3462176829	91600	34299.7055701391	91600	33611.1179739722
91700	34724.2427627463	91700	34213.2075645961	91700	33718.9783456635
91800	34891.7507894112	91800	34443.3719447603	91800	33577.2782130565
91900	35161.9150979600	91900	34332.4763395254	91900	33947.4332272484
92000	34846.8461973600	92000	34203.4073334965	92000	33470.7478437566
92100	35253.9938105084	92100	34321.8243194688	92100	33219.2276131737
92200	35798.2458389131	92200	34615.4790557728	92200	33230.0991447210
92300	34755.0720665735	92300	34760.3995813317	92300	33829.0005000842
92400	35436.8195947827	92400	33956.2903111721	92400	33009.7613513194
92500	34543.8648342239	92500	34234.0311948022	92500	33442.6885873556
92600	35183.3742710736	92600	33905.8994334758	92600	33306.1234044518
92700	35126.4288337211	92700	34532.3401307284	92700	33451.1411556919
92800	35005.6072891113	92800	34110.0929959855	92800	33397.5629379942
92900	35277.6867333089	92900	34294.9908191687	92900	34220.6513381522
93000	34674.4509622918	93000	34275.1026687442	93000	33554.6748649587
93100	35597.8215916603	93100	34476.5065224435	93100	33379.3474324437
93200	34596.0908756015	93200	34457.9843927795	93200	33644.3720222046
93300	34499.2883912851	93300	34578.5599376005	93300	33666.2492186785
93400	35020.6766626554	93400	34283.3971051477	93400	33563.8338000884
93500	35255.6163497287	93500	34344.2115858361	93500	33129.9377990964
93600	35504.6455927208	93600	34585.1480067166	93600	33967.5909358678
93700	35208.9743445777	93700	34381.8758207174	93700	33293.8619171998
93800	35438.2264398057	93800	34298.3836677199	93800	33195.9994261034
93900	35494.8963443473	93900	34125.3353780259	93900	33936.2704109777
94000	34127.5653569729	94000	34332.1288919952	94000	33372.6049067778
94100	35329.2711592062	94100	34650.5984561112	94100	33181.1829659548
94200	35315.1013154769	94200	34088.1013642536	94200	33533.6970115068
94300	34805.1665486432	94300	34588.0620192260	94300	33775.4563217933
94400	34755.5803887603	94400	34097.6059595901	94400	33281.7010202734
94500	34638.7875573590	94500	34190.0113947630	94500	32881.2908994361
94600	34445.3273253766	94600	34492.8168015604	94600	32730.0681754326
94700	34603.5141841980	94700	34726.6038848815	94700	33656.6246598786
94800	34662.3278677527	94800	34542.8192456592	94800	33270.1348277055
94900	34652.1105647630	94900	34047.7626743425	94900	32873.7544724795
95000	35135.3813417443	95000	34483.8158143291	95000	33750.0336862268
95100	35237.4163718523	95100	34586.7555485311	95100	33742.6780638702
95200	35439.6927600185	95200	34213.1103922459	95200	33523.2904408736
95300	34928.5399053634	95300	34296.6432407247	95300	33363.7626547622
95400	35398.1843209078	95400	34100.0317878248	95400	33802.1143438818
95500	34986.9941143030	95500	34588.8953733071	95500	33606.9746459453
95600	35000.1096693929	95600	34563.7655094246	95600	33783.5324752966
95700	34696.9126825588	95700	34026.0215861823	95700	33505.7933919473
95800	34651.0120180489	95800	34534.3627979517	95800	33324.9446572852
95900	34935.9942244071	95900	34315.6168403667	95900	33498.8375952230
96000	35004.0095300194	96000	34098.4072026737	96000	33455.8381476223
96100	35175.5668872348	96100	34419.1731392709	96100	33131.5573562221
96200	34907.7285806671	96200	34089.1685471962	96200	33554.3729132993
96300	34763.8534418620	96300	34118.9741301630	96300	33081.5151530493
96400	35212.1953994475	96400	34596.5835473150	96400	33671.1601067704
96500	35504.1893412539	96500	34497.3926935060	96500	33572.4049524478
96600	35106.9391309233	96600	34428.6385162478	96600	33621.5854983146
96700	34892.6061887894	96700	34403.2070096618	96700	33323.0404104353
96800	34912.8334633328	96800	34701.7439307682	96800	33623.2297037924
96900	34669.7688161829	96900	34628.6338740514	96900	33679.5373644775
97000	35019.2753409734	97000	34245.5572794129	97000	33073.5148604248
97100	34660.2463216568	97100	34099.6344980853	97100	33430.4768468769
97200	34994.2120397499	97200	34098.1422941211	97200	33389.9470836235
97300	35143.2237666763	97300	34043.4156275232	97300	33234.9437425881
97400	35333.7593674314	97400	34530.6194931183	97400	33574.7295321925
97500	35434.0157623490	97500	34114.1113260939	97500	33622.6218945033
97600	35133.9218882390	97600	34481.1152360886	97600	33098.2836082368
97700	35452.2097460611	97700	34121.5883147110	97700	34084.1521484505
97800	34992.0898801849	97800	34684.2147391440	97800	33436.4736701111
97900	35738.7796798521	97900	34358.7591369088	97900	33313.6585502692
98000	34746.7242046467	98000	34367.4369273790	98000	33689.5105711052
98100	34660.5434894110	98100	34195.4443348087	98100	33879.7573925933
98200	35351.3453055300	98200	34005.2678692821	98200	33581.6082638292
98300	34810.0970292302	98300	34290.4227809798	98300	33437.3508549736
98400	35668.2675711631	98400	34949.3678181402	98400	33777.9111079394
98500	34561.3368538929	98500	34835.8207721606	98500	33566.4995339462
98600	35040.4351904864	98600	34020.2815752113	98600	33293.1633781201
98700	35324.9403121989	98700	34184.5510828897	98700	33306.2431833342
98800	35213.1441016567	98800	33937.7287430560	98800	32895.0459774922
98900	35024.0429653665	98900	33817.8290859287	98900	33658.1586754991
99000	34879.3714956789	99000	33985.5591080799	99000	32850.8670898643
99100	34810.5230255317	99100	34087.5332173326	99100	33066.2971663239
99200	34403.4343066611	99200	34439.2799705671	99200	32965.5121558581
99300	34807.3950586254	99300	34767.6728067820	99300	33767.9457878452
99400	34827.0225590107	99400	34262.7479044226	99400	33132.9241404130
99500	34741.1941856044	99500	34123.9338560790	99500	33275.7648342077
99600	35326.4321506099	99600	34704.7949226280	99600	33828.5781367344
99700	34944.2227230075	99700	34176.1846749303	99700	33214.9358457864
99800	35560.3542083892	99800	34174.8762671921	99800	33475.6477940997
99900	34758.3538223538	99900	33731.6477499799	99900	33381.0125077645
100000	35155.1015194876	100000	34300.6820638377	100000	33931.3818497619
