#	SIM_0.03_20		#	SIM_0.05_20		#	SIM_0.10_20	
1	909.289948672000	1	909.289948672000	1	909.289948672000
100	912.004497599171	100	910.848351856254	100	909.982537258456
200	915.039042410311	200	912.796430248796	200	911.044209956623
300	917.974582861277	300	914.732160290242	300	912.126342886530
400	920.798086358368	400	916.616857412534	400	913.213421891626
500	923.533299791651	500	918.464716218792	500	914.284194366115
600	926.169494441770	600	920.266310537988	600	915.342542828242
700	928.712049898575	700	922.027652652206	700	916.383142894891
800	931.179725805210	800	923.725395754402	800	917.404947964885
900	933.535020877667	900	925.402003355745	900	918.444389879697
1000	935.811086023129	1000	927.046663093853	1000	919.460007238506
1100	938.002426950208	1100	928.655318617614	1100	920.462375955857
1200	940.119710364193	1200	930.226532799158	1200	921.454769755424
1300	942.158124836684	1300	931.759145569417	1300	922.418682980089
1400	944.145928802305	1400	933.260161093891	1400	923.366695676420
1500	946.052211102852	1500	934.727976110830	1500	924.298285470818
1600	947.890118755842	1600	936.171189706341	1600	925.230037501341
1700	949.664375602040	1700	937.574284542077	1700	926.152954944009
1800	951.392358351398	1800	938.943080565048	1800	927.053005890787
1900	953.044332549002	1900	940.298175995508	1900	927.961719983724
2000	954.629951175352	2000	941.604850447631	2000	928.845945504547
2100	956.174853596954	2100	942.882697383585	2100	929.723219768384
2200	957.677853751137	2200	944.122319047369	2200	930.595028879410
2300	959.103909516435	2300	945.352976849996	2300	931.457393193167
2400	960.491512745029	2400	946.544639336880	2400	932.320207901403
2500	961.843974148299	2500	947.710446020531	2500	933.158656198044
2600	963.140716529143	2600	948.850282659369	2600	933.970048525309
2700	964.389461623270	2700	949.956269669392	2700	934.770261418043
2800	965.600134748354	2800	951.061915811299	2800	935.566669579427
2900	966.754003565291	2900	952.141642630568	2900	936.364801809396
3000	967.876873428086	3000	953.178266071677	3000	937.130355920522
3100	968.973846083014	3100	954.195157039092	3100	937.898318808137
3200	970.010585287318	3200	955.201983312385	3200	938.668688978900
3300	971.034089048966	3300	956.181339444071	3300	939.419567541874
3400	972.028548986334	3400	957.156641563080	3400	940.163907269442
3500	972.991229167929	3500	958.096075029821	3500	940.898334187978
3600	973.914054775251	3600	959.020960436003	3600	941.610254348038
3700	974.809584774454	3700	959.924025143708	3700	942.315368261954
3800	975.671392547310	3800	960.803337766751	3800	943.024810851387
3900	976.478739153561	3900	961.650928568233	3900	943.711755914129
4000	977.268250300395	4000	962.482436434035	4000	944.396202119441
4100	978.031148025166	4100	963.293943153424	4100	945.081399938676
4200	978.776048617856	4200	964.093320147054	4200	945.762950089940
4300	979.493431121416	4300	964.879629977851	4300	946.431279309199
4400	980.182917270515	4400	965.659534647216	4400	947.097433749474
4500	980.860305384140	4500	966.407422891444	4500	947.764879511271
4600	981.512193633100	4600	967.139094692276	4600	948.406400709052
4700	982.131253733797	4700	967.859140694679	4700	949.034176848481
4800	982.731790488781	4800	968.561270175206	4800	949.654538549707
4900	983.313006307815	4900	969.243482346282	4900	950.269459279632
5000	983.864651060253	5000	969.935065729131	5000	950.883963351503
5100	984.412472506471	5100	970.604670674652	5100	951.491333966599
5200	984.945726714369	5200	971.243190433088	5200	952.084029113309
5300	985.464131370022	5300	971.888494378186	5300	952.678062212841
5400	985.953029850841	5400	972.529421795367	5400	953.266918251285
5500	986.439252912050	5500	973.153361121123	5500	953.837741249185
5600	986.887422068619	5600	973.770237825135	5600	954.404802515571
5700	987.330366487478	5700	974.358556024991	5700	954.970489142579
5800	987.766487275191	5800	974.934418066521	5800	955.517764164853
5900	988.184777896083	5900	975.495743635075	5900	956.048516493576
6000	988.588697951061	6000	976.038615249638	6000	956.599452835563
6100	988.975573635982	6100	976.575803173362	6100	957.122233869843
6200	989.349267964432	6200	977.084192437578	6200	957.652879716821
6300	989.719210183468	6300	977.573155623422	6300	958.162957266593
6400	990.067643378859	6400	978.057429034933	6400	958.671884670757
6500	990.408473118851	6500	978.542219855070	6500	959.198058197463
6600	990.735459630640	6600	979.023279266708	6600	959.709686104516
6700	991.048250883614	6700	979.504301649445	6700	960.207021621716
6800	991.362561101576	6800	979.957654974062	6800	960.683580758512
6900	991.661352705399	6900	980.398888421941	6900	961.149690889622
7000	991.950255846837	7000	980.814243246956	7000	961.612154707467
7100	992.238242652806	7100	981.244018615417	7100	962.073209637128
7200	992.519802675268	7200	981.670503752374	7200	962.522647441623
7300	992.789566786615	7300	982.075161594265	7300	962.977305906070
7400	993.051421708291	7400	982.457349304625	7400	963.430687072503
7500	993.282547558489	7500	982.846797488213	7500	963.877208955655
7600	993.511833040460	7600	983.222224916693	7600	964.318441623708
7700	993.731545467764	7700	983.609737609346	7700	964.748701055842
7800	993.951213555083	7800	983.973094402539	7800	965.186661820438
7900	994.165555714299	7900	984.340853695505	7900	965.611968059759
8000	994.377879973926	8000	984.695747324485	8000	966.032160263881
8100	994.567643785443	8100	985.057969884849	8100	966.447796181830
8200	994.766488841062	8200	985.397125608696	8200	966.875706657123
8300	994.943177221051	8300	985.731930331534	8300	967.289933706919
8400	995.113434369565	8400	986.073919303603	8400	967.698775197584
8500	995.302370397908	8500	986.389294175490	8500	968.099050599689
8600	995.471351796203	8600	986.686021003077	8600	968.493688255932
8700	995.650307254418	8700	986.984737817625	8700	968.881414487159
8800	995.819716780459	8800	987.281894958256	8800	969.266644601569
8900	995.979728633264	8900	987.558133059028	8900	969.645475326147
9000	996.110798466072	9000	987.839467803526	9000	970.021287634910
9100	996.251717257310	9100	988.117945324816	9100	970.380802726573
9200	996.372620893769	9200	988.376649469527	9200	970.726706460698
9300	996.501030941498	9300	988.645767441415	9300	971.079121989804
9400	996.608102964824	9400	988.920063626715	9400	971.435520167815
9500	996.734361845917	9500	989.166682305881	9500	971.768671203070
9600	996.857488686417	9600	989.414883999848	9600	972.113888977637
9700	996.968154160173	9700	989.663944853498	9700	972.460651584437
9800	997.073109360749	9800	989.897624169438	9800	972.810421200822
9900	997.175925616048	9900	990.130136405311	9900	973.152379947054
10000	997.285634203467	10000	990.345025238720	10000	973.476888674765
10100	997.383663205752	10100	990.575684438041	10100	973.801045664319
10200	997.487374829316	10200	990.797451623665	10200	974.101521410119
10300	997.571541993034	10300	991.032256052216	10300	974.427855002868
10400	997.658881786547	10400	991.237478902748	10400	974.736136020523
10500	997.744467031578	10500	991.456589421384	10500	975.065882321561
10600	997.825810325929	10600	991.658487889260	10600	975.379268198545
10700	997.930872125106	10700	991.853878243384	10700	975.697178552764
10800	998.013391166762	10800	992.032963242764	10800	975.996640401570
10900	998.095347032868	10900	992.215565836749	10900	976.293947615968
11000	998.182462242293	11000	992.405095739036	11000	976.578549681963
11100	998.264316506191	11100	992.577678580671	11100	976.867574549228
11200	998.336462776846	11200	992.744681868056	11200	977.153651437768
11300	998.386874217624	11300	992.909390560099	11300	977.432066940229
11400	998.455098722796	11400	993.076547049001	11400	977.709234012585
11500	998.517715590792	11500	993.246833136702	11500	977.992977086712
11600	998.576247288071	11600	993.410918541404	11600	978.261494840068
11700	998.653893351610	11700	993.571881444227	11700	978.528511540315
11800	998.721043071510	11800	993.724351706524	11800	978.812059759280
11900	998.768839245863	11900	993.867188763170	11900	979.093910677988
12000	998.812678018241	12000	994.016005155955	12000	979.371238997384
12100	998.857719695609	12100	994.170928986394	12100	979.635232736597
12200	998.900615369535	12200	994.315277487495	12200	979.901609591562
12300	998.952323023981	12300	994.463973664915	12300	980.155682886615
12400	999.004823429608	12400	994.615539578250	12400	980.416472824836
12500	999.033439041767	12500	994.751811715919	12500	980.658732066348
12600	999.066834162383	12600	994.889927505438	12600	980.910047116606
12700	999.105899523239	12700	995.028018670529	12700	981.158545160798
12800	999.154501985142	12800	995.158276111810	12800	981.392560859324
12900	999.221538519507	12900	995.275724324347	12900	981.637306199725
13000	999.267611846230	13000	995.399098729645	13000	981.869895522611
13100	999.292842906395	13100	995.532343538329	13100	982.097995242190
13200	999.327974811917	13200	995.652213545245	13200	982.316011168325
13300	999.369697668808	13300	995.784408101589	13300	982.538418169519
13400	999.415047130682	13400	995.891257934003	13400	982.757212656263
13500	999.458981218645	13500	995.982806584954	13500	982.961901605320
13600	999.492917947787	13600	996.085360282751	13600	983.182702583845
13700	999.531775134297	13700	996.189222495426	13700	983.401842459198
13800	999.552249040060	13800	996.279744461435	13800	983.606433464177
13900	999.587510050834	13900	996.371712832097	13900	983.802382585251
14000	999.594613380401	14000	996.465727324302	14000	984.003989939843
14100	999.610837293705	14100	996.571003234028	14100	984.196481488503
14200	999.640474208886	14200	996.679406052169	14200	984.383460658472
14300	999.671523474092	14300	996.770051153102	14300	984.578537052076
14400	999.713193767912	14400	996.873750584321	14400	984.781767724795
14500	999.753045604679	14500	996.973068328202	14500	984.986815215415
14600	999.767096922544	14600	997.072861975549	14600	985.162032457976
14700	999.770446088615	14700	997.159781257212	14700	985.350148092714
14800	999.799616226835	14800	997.253986981293	14800	985.535787099546
14900	999.850144945898	14900	997.349840926031	14900	985.714972606268
15000	999.863931598836	15000	997.419733482488	15000	985.888485633849
15100	999.891032302186	15100	997.492650400586	15100	986.068693327779
15200	999.909061361814	15200	997.568333862748	15200	986.259740872591
15300	999.916452334251	15300	997.627479782896	15300	986.445294837328
15400	999.942372475099	15400	997.693049508793	15400	986.615025197582
15500	999.959186043467	15500	997.757743990005	15500	986.806453350849
15600	999.995103568599	15600	997.833384738983	15600	986.992226861517
15700	1000.01629232574	15700	997.902070794057	15700	987.146138781470
15800	1000.03902708730	15800	997.991831340501	15800	987.322262575518
15900	1000.05906205453	15900	998.058877290712	15900	987.482847530452
16000	1000.07423626414	16000	998.128379680840	16000	987.640778439893
16100	1000.08531965253	16100	998.194897923198	16100	987.808122075439
16200	1000.09547892327	16200	998.251620663134	16200	987.972499662222
16300	1000.10128426171	16300	998.319938471723	16300	988.132115487285
16400	1000.10121159740	16400	998.371409600051	16400	988.287755696302
16500	1000.10911810749	16500	998.436102573972	16500	988.439831791696
16600	1000.11273502087	16600	998.480297016760	16600	988.585968756715
16700	1000.12821001278	16700	998.538624604999	16700	988.727664222911
16800	1000.16283797191	16800	998.590913398673	16800	988.870823246307
16900	1000.19682683499	16900	998.654508018900	16900	989.014278614845
17000	1000.21525142186	17000	998.713902708547	17000	989.157152883227
17100	1000.23125341130	17100	998.779171135749	17100	989.306514777438
17200	1000.23024807097	17200	998.835163463602	17200	989.439599428366
17300	1000.24312394182	17300	998.884253212780	17300	989.575589524898
17400	1000.24566191067	17400	998.933455462580	17400	989.707071905865
17500	1000.25167819170	17500	998.993815632280	17500	989.841819883504
17600	1000.26216909703	17600	999.034186243825	17600	989.985094680180
17700	1000.24527888482	17700	999.079736277193	17700	990.130735561461
17800	1000.24167719013	17800	999.112732887338	17800	990.266901260973
17900	1000.24953089506	17900	999.156374592751	17900	990.390367333368
18000	1000.26643100003	18000	999.209613064188	18000	990.521280573191
18100	1000.27629875900	18100	999.252648388070	18100	990.650397356474
18200	1000.27205679150	18200	999.282484124096	18200	990.770268578246
18300	1000.27034199910	18300	999.320669720385	18300	990.879638023386
18400	1000.26505938571	18400	999.363225711252	18400	990.991550533813
18500	1000.26305042889	18500	999.400504799994	18500	991.102427559388
18600	1000.24889900187	18600	999.426393109979	18600	991.213477997864
18700	1000.26295315783	18700	999.457139109969	18700	991.321361007894
18800	1000.29428665313	18800	999.497379377546	18800	991.432606617295
18900	1000.29427635789	18900	999.529842479307	18900	991.537441865635
19000	1000.30087882014	19000	999.572879528671	19000	991.649965306784
19100	1000.29921405058	19100	999.618803969815	19100	991.758039860047
19200	1000.29099916769	19200	999.658051596385	19200	991.854014175858
19300	1000.30360130116	19300	999.697257422372	19300	991.976420715653
19400	1000.31619353058	19400	999.750781797317	19400	992.097873609840
19500	1000.30614783002	19500	999.783891266401	19500	992.193199976541
19600	1000.32317673827	19600	999.806603127873	19600	992.305758987021
19700	1000.32909919709	19700	999.823573420386	19700	992.413712459931
19800	1000.31739974669	19800	999.842081346410	19800	992.514396926903
19900	1000.33347144890	19900	999.860700157377	19900	992.631806859068
20000	1000.33359190091	20000	999.888699888449	20000	992.733213501171
20100	1000.32789090192	20100	999.917687970730	20100	992.835130114537
20200	1000.31891069846	20200	999.957975592452	20200	992.926168054028
20300	1000.31712910807	20300	999.973472459605	20300	993.018431248373
20400	1000.31537557365	20400	1000.01567509348	20400	993.130849510099
20500	1000.32113963808	20500	1000.04171092893	20500	993.241765834374
20600	1000.32322243694	20600	1000.06014049647	20600	993.344086327846
20700	1000.32627963095	20700	1000.08995815417	20700	993.447436481624
20800	1000.33178841747	20800	1000.12326776352	20800	993.539096393620
20900	1000.32949557251	20900	1000.15080776619	20900	993.621848639521
21000	1000.32525080229	21000	1000.17334592911	21000	993.711002220342
21100	1000.33185751731	21100	1000.17738758705	21100	993.799617127636
21200	1000.34027456419	21200	1000.18646758067	21200	993.883104303050
21300	1000.34699617482	21300	1000.20810110572	21300	993.977686096147
21400	1000.34938171347	21400	1000.23388811585	21400	994.068465625414
21500	1000.34082538783	21500	1000.25207150284	21500	994.149780891214
21600	1000.32852548244	21600	1000.26196088946	21600	994.241236103991
21700	1000.34379864038	21700	1000.26070089966	21700	994.336283346188
21800	1000.34724195890	21800	1000.27940720059	21800	994.412587839149
21900	1000.35010660907	21900	1000.30217654259	21900	994.491874077535
22000	1000.36049388808	22000	1000.32010343190	22000	994.567141497460
22100	1000.36060051793	22100	1000.33006645908	22100	994.640887667920
22200	1000.35690168148	22200	1000.35593976534	22200	994.718427874218
22300	1000.37102063696	22300	1000.38165530239	22300	994.797211387662
22400	1000.37274760913	22400	1000.39236766192	22400	994.869955092016
22500	1000.37253588148	22500	1000.41440499978	22500	994.935607203848
22600	1000.37905593947	22600	1000.44058510401	22600	995.012068080553
22700	1000.38257716826	22700	1000.44684862365	22700	995.086240324590
22800	1000.38545476021	22800	1000.46018316999	22800	995.161084032213
22900	1000.38965382335	22900	1000.47946388976	22900	995.221032675147
23000	1000.38007931287	23000	1000.50068027807	23000	995.284923961600
23100	1000.37733703362	23100	1000.50357252080	23100	995.341966888074
23200	1000.36491855282	23200	1000.51066562763	23200	995.425594541688
23300	1000.36469883891	23300	1000.52648625455	23300	995.490517632657
23400	1000.37539145700	23400	1000.54581170721	23400	995.557152532028
23500	1000.36800002189	23500	1000.54092386361	23500	995.605909932122
23600	1000.33715375346	23600	1000.54796070248	23600	995.661708604036
23700	1000.33084477439	23700	1000.54716679989	23700	995.719569901201
23800	1000.32715653554	23800	1000.55331013501	23800	995.776141501577
23900	1000.32826526982	23900	1000.55431865206	23900	995.835002379570
24000	1000.32919415528	24000	1000.56936114149	24000	995.890405522511
24100	1000.34942115149	24100	1000.56324979552	24100	995.959745853104
24200	1000.37245223897	24200	1000.55017108030	24200	996.031299807594
24300	1000.37397456869	24300	1000.54722290533	24300	996.098184685021
24400	1000.39113489010	24400	1000.54131833641	24400	996.156528298582
24500	1000.39981569322	24500	1000.55052084108	24500	996.208511300331
24600	1000.40441485264	24600	1000.55412356770	24600	996.248394205468
24700	1000.39767927418	24700	1000.57784759828	24700	996.292470022786
24800	1000.41415114897	24800	1000.58403088325	24800	996.353920142307
24900	1000.41722528681	24900	1000.60143038738	24900	996.401829823720
25000	1000.43000452352	25000	1000.60772282753	25000	996.448663064622
25100	1000.43617211864	25100	1000.61574358971	25100	996.494453369940
25200	1000.44272378860	25200	1000.62758476607	25200	996.543912274797
25300	1000.44001010223	25300	1000.63773836266	25300	996.588359380276
25400	1000.43099569236	25400	1000.64168600828	25400	996.650502855756
25500	1000.43655672857	25500	1000.66173397918	25500	996.690308088419
25600	1000.42763444400	25600	1000.67580300023	25600	996.744642507243
25700	1000.41321111012	25700	1000.68121789965	25700	996.791177817750
25800	1000.41251511473	25800	1000.69269279451	25800	996.828016565617
25900	1000.41113906542	25900	1000.68654856320	25900	996.873738123882
26000	1000.41360970674	26000	1000.69476775573	26000	996.916401741009
26100	1000.41784092213	26100	1000.69402838383	26100	996.961032965691
26200	1000.41258825118	26200	1000.72363704079	26200	997.016588132974
26300	1000.41944173287	26300	1000.73582789830	26300	997.052088769206
26400	1000.42081451317	26400	1000.73126811125	26400	997.084015547238
26500	1000.42126589347	26500	1000.74411612893	26500	997.137282495189
26600	1000.41255135280	26600	1000.75631706333	26600	997.189782885376
26700	1000.41099700214	26700	1000.75922916443	26700	997.225754923048
26800	1000.41262241418	26800	1000.75906276348	26800	997.255118606940
26900	1000.39906527957	26900	1000.76379247387	26900	997.289377070835
27000	1000.41213438965	27000	1000.77030256790	27000	997.335904305453
27100	1000.42046418020	27100	1000.78072878153	27100	997.384348072065
27200	1000.41769265566	27200	1000.78204877723	27200	997.434899712054
27300	1000.40157505112	27300	1000.78602281657	27300	997.472684575392
27400	1000.39268950105	27400	1000.80370048918	27400	997.502631318251
27500	1000.39538853323	27500	1000.79689109356	27500	997.543746171050
27600	1000.39656770913	27600	1000.79372059522	27600	997.592638639111
27700	1000.40579743053	27700	1000.79931391403	27700	997.643663389746
27800	1000.40632119947	27800	1000.80821936685	27800	997.681788516003
27900	1000.42105103711	27900	1000.80664678209	27900	997.730351740178
28000	1000.42528569338	28000	1000.80324882140	28000	997.776557364916
28100	1000.42163141012	28100	1000.79564945789	28100	997.805694239784
28200	1000.42114574676	28200	1000.78665967556	28200	997.838670563222
28300	1000.43638755260	28300	1000.77669359914	28300	997.865488908423
28400	1000.44656004494	28400	1000.77243344736	28400	997.911111694238
28500	1000.45024219977	28500	1000.76811223763	28500	997.956997714238
28600	1000.44900998993	28600	1000.76888929614	28600	997.992846194379
28700	1000.45231819611	28700	1000.76919292160	28700	998.019983697287
28800	1000.45528226381	28800	1000.77405046930	28800	998.051037719061
28900	1000.44731844998	28900	1000.79295242304	28900	998.093689873964
29000	1000.44078219417	29000	1000.80136585242	29000	998.130821838578
29100	1000.44227904369	29100	1000.80329322301	29100	998.166963253676
29200	1000.43702516109	29200	1000.81343445721	29200	998.191038855780
29300	1000.42907297787	29300	1000.81378596291	29300	998.231501312701
29400	1000.43817016506	29400	1000.81074009667	29400	998.268919328832
29500	1000.43949334535	29500	1000.80078332198	29500	998.310142821827
29600	1000.44347183026	29600	1000.79399915492	29600	998.334413107701
29700	1000.44922117642	29700	1000.79675988301	29700	998.366794720454
29800	1000.44335470187	29800	1000.79903810811	29800	998.392594972177
29900	1000.44907569279	29900	1000.79905051261	29900	998.425513887822
30000	1000.46185831152	30000	1000.81227269270	30000	998.439384749295
30100	1000.47125968691	30100	1000.82406528812	30100	998.482925317070
30200	1000.47181647195	30200	1000.81888514030	30200	998.513391039860
30300	1000.47155676084	30300	1000.83692104768	30300	998.541627330052
30400	1000.45564542393	30400	1000.83493191336	30400	998.575777318900
30500	1000.45959657654	30500	1000.82914147800	30500	998.614605397525
30600	1000.46699462997	30600	1000.82574353318	30600	998.652297392331
30700	1000.46929067664	30700	1000.82826611785	30700	998.672004655284
30800	1000.46884859967	30800	1000.83377998630	30800	998.690103522109
30900	1000.46912388788	30900	1000.84492221667	30900	998.711907373519
31000	1000.46442796262	31000	1000.84976104280	31000	998.738677993535
31100	1000.45108432096	31100	1000.85123112841	31100	998.758733288417
31200	1000.45410269859	31200	1000.84262912639	31200	998.778646122747
31300	1000.45001543614	31300	1000.84672300911	31300	998.792481554518
31400	1000.44581396062	31400	1000.84573810125	31400	998.809225026597
31500	1000.45459273488	31500	1000.84454795719	31500	998.824570878171
31600	1000.44665024023	31600	1000.85516907762	31600	998.842413651735
31700	1000.44781648671	31700	1000.86228089875	31700	998.873759419361
31800	1000.47159585122	31800	1000.86154346109	31800	998.904670245352
31900	1000.48005916376	31900	1000.85547772381	31900	998.922027152357
32000	1000.49631377470	32000	1000.84261071508	32000	998.942775122609
32100	1000.50447941490	32100	1000.83500214223	32100	998.970449591262
32200	1000.49980376484	32200	1000.84173916011	32200	999.000930021280
32300	1000.50622814224	32300	1000.84298993961	32300	999.024105692847
32400	1000.50541612594	32400	1000.85276694490	32400	999.037951615615
32500	1000.50172519123	32500	1000.86547785492	32500	999.054002287603
32600	1000.51040430180	32600	1000.87056236693	32600	999.064802020988
32700	1000.49248937404	32700	1000.88111235130	32700	999.098858129956
32800	1000.48867684938	32800	1000.89070385588	32800	999.121983707931
32900	1000.48763990822	32900	1000.90148042685	32900	999.142335107043
33000	1000.49197835539	33000	1000.89745596165	33000	999.157443864905
33100	1000.50139510090	33100	1000.89780530318	33100	999.184969159254
33200	1000.49586212618	33200	1000.90181694536	33200	999.217310783174
33300	1000.48087430579	33300	1000.89765252470	33300	999.241073883138
33400	1000.47655776160	33400	1000.90607762660	33400	999.267441017939
33500	1000.46897847744	33500	1000.91700160990	33500	999.292355672324
33600	1000.47914730577	33600	1000.93991602136	33600	999.323239799313
33700	1000.44741462885	33700	1000.92951558411	33700	999.342832446959
33800	1000.44297254849	33800	1000.93105812855	33800	999.373382252807
33900	1000.45620977502	33900	1000.93323405727	33900	999.391589459625
34000	1000.45345573534	34000	1000.92787976570	34000	999.413873407112
34100	1000.45214661045	34100	1000.93529180115	34100	999.439992759145
34200	1000.44041949950	34200	1000.95405248499	34200	999.479340035906
34300	1000.43377141021	34300	1000.96381572967	34300	999.507017641743
34400	1000.42746452583	34400	1000.97191662776	34400	999.519336309809
34500	1000.43299186048	34500	1000.98542935896	34500	999.546583624518
34600	1000.42545896599	34600	1000.97848702251	34600	999.557413795328
34700	1000.41499715863	34700	1000.97584118592	34700	999.578729957534
34800	1000.41632568165	34800	1000.97963262596	34800	999.601027815874
34900	1000.41781787129	34900	1001.00827639753	34900	999.618778323440
35000	1000.43464773688	35000	1001.00764187783	35000	999.640478032586
35100	1000.42870329382	35100	1000.98475619326	35100	999.664027228984
35200	1000.41828486835	35200	1000.98477185806	35200	999.674628721938
35300	1000.41081546178	35300	1000.98696998937	35300	999.689499398577
35400	1000.39424053427	35400	1000.97812441146	35400	999.713669202459
35500	1000.39941644402	35500	1000.97361967264	35500	999.736245898716
35600	1000.38974900993	35600	1000.97581890855	35600	999.759172014304
35700	1000.37985290619	35700	1000.97451438475	35700	999.791272454323
35800	1000.36329069892	35800	1000.98329770784	35800	999.803723680957
35900	1000.35916146014	35900	1000.98563551801	35900	999.808456944180
36000	1000.35224572058	36000	1000.98609880172	36000	999.813805924311
36100	1000.34439933147	36100	1000.98515398407	36100	999.830051886962
36200	1000.33756008534	36200	1000.97952692777	36200	999.848237030106
36300	1000.33865367775	36300	1000.98082348085	36300	999.859760134082
36400	1000.33075825419	36400	1000.99717641796	36400	999.884827876069
36500	1000.32225561502	36500	1001.00423630595	36500	999.888443708590
36600	1000.31212128604	36600	1000.99515054665	36600	999.880537153330
36700	1000.31571034216	36700	1000.99650830409	36700	999.883250121541
36800	1000.31334862060	36800	1001.00887774616	36800	999.891759234221
36900	1000.33622835229	36900	1001.01610719559	36900	999.895318167752
37000	1000.33966487835	37000	1001.01361490886	37000	999.914990920048
37100	1000.33334819671	37100	1001.00278591671	37100	999.924844533902
37200	1000.32731360850	37200	1001.00909363066	37200	999.920151733209
37300	1000.31787493323	37300	1001.02244445502	37300	999.928218017234
37400	1000.30819720685	37400	1001.02927894189	37400	999.936514380788
37500	1000.29647689990	37500	1001.04866945974	37500	999.961384078911
37600	1000.27572675233	37600	1001.05712955763	37600	999.973631345745
37700	1000.27878376680	37700	1001.05168468265	37700	999.989774298929
37800	1000.28284915429	37800	1001.07720780190	37800	999.998762119467
37900	1000.28311842185	37900	1001.09021802717	37900	1000.00602329070
38000	1000.28144972442	38000	1001.08637381849	38000	1000.02581965797
38100	1000.27672732336	38100	1001.09676154859	38100	1000.04102621864
38200	1000.28041679001	38200	1001.09942099519	38200	1000.04736660560
38300	1000.28948927681	38300	1001.08852340301	38300	1000.04434670151
38400	1000.27983608090	38400	1001.10127693301	38400	1000.06821284894
38500	1000.28032451489	38500	1001.11276412274	38500	1000.07462593294
38600	1000.30497250099	38600	1001.11611324431	38600	1000.09260352340
38700	1000.30614601588	38700	1001.12291282833	38700	1000.09643352667
38800	1000.29997433426	38800	1001.12676957881	38800	1000.10042585508
38900	1000.30333694416	38900	1001.13609397259	38900	1000.11687035216
39000	1000.32188292765	39000	1001.14558718814	39000	1000.13823234835
39100	1000.31577180798	39100	1001.14530542260	39100	1000.15908546171
39200	1000.32780834127	39200	1001.13379877954	39200	1000.18085248351
39300	1000.33229020350	39300	1001.13376678026	39300	1000.20697867631
39400	1000.32886415557	39400	1001.11123159115	39400	1000.21064246076
39500	1000.33471335864	39500	1001.09121110363	39500	1000.19862771150
39600	1000.33067469427	39600	1001.07415571499	39600	1000.19331697363
39700	1000.33237500793	39700	1001.06759393455	39700	1000.20598684904
39800	1000.32340455774	39800	1001.06603018988	39800	1000.21779818229
39900	1000.32718634763	39900	1001.06264723182	39900	1000.22275297156
40000	1000.32632733794	40000	1001.06967950990	40000	1000.24594800883
40100	1000.33972370108	40100	1001.07507114849	40100	1000.26247945860
40200	1000.34036627612	40200	1001.06503175087	40200	1000.29331981952
40300	1000.35070702936	40300	1001.05848853287	40300	1000.31272940512
40400	1000.34554994118	40400	1001.04235393681	40400	1000.31946181150
40500	1000.35511961837	40500	1001.04123988711	40500	1000.33321233739
40600	1000.34990989401	40600	1001.04149248992	40600	1000.33375514073
40700	1000.34617520320	40700	1001.04491987093	40700	1000.33524694564
40800	1000.34897951225	40800	1001.03832817497	40800	1000.34115530765
40900	1000.34852970994	40900	1001.03704485919	40900	1000.33266003901
41000	1000.34359837879	41000	1001.04325009848	41000	1000.33902592444
41100	1000.36108315248	41100	1001.03548994233	41100	1000.33663230907
41200	1000.36492657685	41200	1001.05253657947	41200	1000.34700241910
41300	1000.39898580134	41300	1001.06085695304	41300	1000.34943513476
41400	1000.39333992393	41400	1001.06531589833	41400	1000.35933172290
41500	1000.38904027874	41500	1001.06131170713	41500	1000.36107016992
41600	1000.38673741995	41600	1001.06003688414	41600	1000.36442059573
41700	1000.37703493292	41700	1001.06653127357	41700	1000.39063501846
41800	1000.36465149664	41800	1001.05726227762	41800	1000.39766061746
41900	1000.34593419042	41900	1001.04400135726	41900	1000.40409190403
42000	1000.35885269738	42000	1001.02926621433	42000	1000.40519095105
42100	1000.37553837753	42100	1001.01926998277	42100	1000.41516529199
42200	1000.38222565223	42200	1001.00054742746	42200	1000.40957831005
42300	1000.38117010208	42300	1000.98738419921	42300	1000.41027142723
42400	1000.38204814602	42400	1000.98018307544	42400	1000.40247876630
42500	1000.38536568418	42500	1000.97416421512	42500	1000.40297199280
42600	1000.38020461625	42600	1000.96907944839	42600	1000.41087175365
42700	1000.38120695522	42700	1000.97812641957	42700	1000.41334155367
42800	1000.38697741690	42800	1000.98367719491	42800	1000.42326892417
42900	1000.39691147152	42900	1000.97431887680	42900	1000.41994805091
43000	1000.37723489931	43000	1000.97952512948	43000	1000.43057453250
43100	1000.39457496571	43100	1000.99724144361	43100	1000.43290183572
43200	1000.40215351303	43200	1001.02585168406	43200	1000.44059651191
43300	1000.40579706929	43300	1001.02438371978	43300	1000.45232816606
43400	1000.42101066326	43400	1001.01817352940	43400	1000.45226878224
43500	1000.42544453467	43500	1001.01325065177	43500	1000.44348728353
43600	1000.42900188485	43600	1001.00957269968	43600	1000.43623732025
43700	1000.40737374130	43700	1001.02500404510	43700	1000.44721637206
43800	1000.40496865330	43800	1001.03623139209	43800	1000.44460326393
43900	1000.41949099312	43900	1001.05115296518	43900	1000.47098406810
44000	1000.41243906371	44000	1001.04899398166	44000	1000.47473073071
44100	1000.41388230934	44100	1001.04554815882	44100	1000.47665151477
44200	1000.42143429979	44200	1001.04920846235	44200	1000.47943733667
44300	1000.41998845700	44300	1001.05995122129	44300	1000.47424188524
44400	1000.43758915857	44400	1001.06805539797	44400	1000.47690922343
44500	1000.44436657931	44500	1001.08494457403	44500	1000.48323951152
44600	1000.44772762267	44600	1001.09033518161	44600	1000.48351984692
44700	1000.43196867212	44700	1001.09508028896	44700	1000.49056000701
44800	1000.42678364127	44800	1001.09730448978	44800	1000.51506705809
44900	1000.40887662375	44900	1001.10302044507	44900	1000.53269111585
45000	1000.40554121361	45000	1001.10650720201	45000	1000.54909511254
45100	1000.40451944990	45100	1001.09751847128	45100	1000.55128870452
45200	1000.40814957337	45200	1001.09219459766	45200	1000.55352572038
45300	1000.38835024701	45300	1001.09624767701	45300	1000.56558032367
45400	1000.40445321837	45400	1001.09750963432	45400	1000.57338831373
45500	1000.39796248360	45500	1001.08022603102	45500	1000.58322127828
45600	1000.38635140763	45600	1001.05226093132	45600	1000.59087016628
45700	1000.39235944615	45700	1001.04932291241	45700	1000.59906790943
45800	1000.39659296637	45800	1001.06239310717	45800	1000.60299294121
45900	1000.38523941353	45900	1001.08303719667	45900	1000.61314566217
46000	1000.38088541901	46000	1001.09330209922	46000	1000.61458963386
46100	1000.38657411312	46100	1001.09018463317	46100	1000.60605222648
46200	1000.37886660305	46200	1001.08837383010	46200	1000.60112166791
46300	1000.38814724735	46300	1001.10020725132	46300	1000.60891988954
46400	1000.37642976763	46400	1001.10056854746	46400	1000.59841974164
46500	1000.38413778972	46500	1001.08734026350	46500	1000.60125715539
46600	1000.38119775920	46600	1001.08981316840	46600	1000.61661585195
46700	1000.37708430755	46700	1001.09318941147	46700	1000.63462964953
46800	1000.37966525868	46800	1001.09635360304	46800	1000.62638309633
46900	1000.38000593885	46900	1001.09481321240	46900	1000.61811001207
47000	1000.39899519775	47000	1001.10329821373	47000	1000.61758097636
47100	1000.41353803243	47100	1001.10990519898	47100	1000.61786995627
47200	1000.41779679284	47200	1001.10674709680	47200	1000.61027055256
47300	1000.43837785747	47300	1001.11230128459	47300	1000.61588178323
47400	1000.45332025473	47400	1001.12177442394	47400	1000.61245583484
47500	1000.44494035985	47500	1001.13494293149	47500	1000.62227803468
47600	1000.45520915139	47600	1001.13658090695	47600	1000.62943230556
47700	1000.44805290075	47700	1001.12982335944	47700	1000.64117523483
47800	1000.44436816368	47800	1001.13661470769	47800	1000.64706341644
47900	1000.45748167250	47900	1001.14250822583	47900	1000.65338896113
48000	1000.47943301170	48000	1001.14633908795	48000	1000.66360094021
48100	1000.49080992960	48100	1001.14247453416	48100	1000.66269980251
48200	1000.49988265659	48200	1001.14026805960	48200	1000.66553292311
48300	1000.49534926839	48300	1001.15241358276	48300	1000.67275424146
48400	1000.49186713208	48400	1001.15323778302	48400	1000.67291930012
48500	1000.48314855712	48500	1001.14854470719	48500	1000.67760682942
48600	1000.47966653867	48600	1001.15393041349	48600	1000.67247782217
48700	1000.45243070482	48700	1001.16054580204	48700	1000.67534259193
48800	1000.45011334072	48800	1001.17184992463	48800	1000.67335061311
48900	1000.43987574901	48900	1001.17212205966	48900	1000.66670412183
49000	1000.42854390938	49000	1001.16251613889	49000	1000.67282656286
49100	1000.42324195593	49100	1001.16911217913	49100	1000.68611999129
49200	1000.42012673062	49200	1001.15244713058	49200	1000.69110968294
49300	1000.42327426028	49300	1001.13525800127	49300	1000.70125972302
49400	1000.43357509807	49400	1001.12062854850	49400	1000.69522941232
49500	1000.43836817306	49500	1001.09735214025	49500	1000.68537438093
49600	1000.43927700276	49600	1001.09703505996	49600	1000.69315640618
49700	1000.45014748718	49700	1001.08810816056	49700	1000.70492649814
49800	1000.43886116949	49800	1001.08542732755	49800	1000.70165260117
49900	1000.44050918569	49900	1001.09459174790	49900	1000.70588720551
50000	1000.42983334059	50000	1001.08957927678	50000	1000.70520353667
50100	1000.41979900896	50100	1001.08266287441	50100	1000.70711770069
50200	1000.41625093545	50200	1001.07085483463	50200	1000.70061584594
50300	1000.41282377295	50300	1001.06588542111	50300	1000.71044257608
50400	1000.40893528502	50400	1001.06804360824	50400	1000.71564686602
50500	1000.41392841581	50500	1001.08280179499	50500	1000.72537462592
50600	1000.41175254150	50600	1001.08385959342	50600	1000.73753678337
50700	1000.39981707636	50700	1001.09347925478	50700	1000.74943228535
50800	1000.40067104268	50800	1001.09032850412	50800	1000.77091979355
50900	1000.40646267759	50900	1001.09215745892	50900	1000.77802875704
51000	1000.40890675084	51000	1001.10031651570	51000	1000.78114429979
51100	1000.41030492353	51100	1001.12423806303	51100	1000.78750315191
51200	1000.40969266571	51200	1001.12653625028	51200	1000.79031843819
51300	1000.41571530208	51300	1001.13947642916	51300	1000.79549828156
51400	1000.41037228776	51400	1001.14296558179	51400	1000.79844960413
51500	1000.41244748756	51500	1001.14570524845	51500	1000.79779913137
51600	1000.40539027449	51600	1001.13853659792	51600	1000.78628047668
51700	1000.40942409741	51700	1001.14079740223	51700	1000.77747879064
51800	1000.40995038558	51800	1001.13139536345	51800	1000.78265282747
51900	1000.42564024234	51900	1001.12080822718	51900	1000.78365253188
52000	1000.41405383613	52000	1001.12460693960	52000	1000.78675189271
52100	1000.40736506209	52100	1001.12467052340	52100	1000.78984579373
52200	1000.40774287100	52200	1001.13353558060	52200	1000.79078625629
52300	1000.41301232865	52300	1001.13494544431	52300	1000.79736541682
52400	1000.40686186840	52400	1001.13090303187	52400	1000.80665720455
52500	1000.42285805725	52500	1001.12465343232	52500	1000.80920643640
52600	1000.43741813320	52600	1001.12915938193	52600	1000.80218260202
52700	1000.41571652720	52700	1001.13051672968	52700	1000.79681793348
52800	1000.39251322662	52800	1001.12125631652	52800	1000.78452750270
52900	1000.39036425278	52900	1001.12941082346	52900	1000.79396022051
53000	1000.39326988245	53000	1001.12819432551	53000	1000.79200714191
53100	1000.38789087452	53100	1001.12643413694	53100	1000.79666264847
53200	1000.37544726629	53200	1001.12355542296	53200	1000.79707669915
53300	1000.37629570477	53300	1001.12472207941	53300	1000.80352884037
53400	1000.37168651733	53400	1001.12632790906	53400	1000.81265816656
53500	1000.36652056055	53500	1001.12395051468	53500	1000.81343483071
53600	1000.36309666934	53600	1001.13136992819	53600	1000.80693548605
53700	1000.36916158035	53700	1001.13476293680	53700	1000.79819755896
53800	1000.37783281612	53800	1001.13332693228	53800	1000.78813332535
53900	1000.38096459593	53900	1001.14634744865	53900	1000.78923408647
54000	1000.37266039644	54000	1001.14773494354	54000	1000.78935533325
54100	1000.37806348765	54100	1001.15263257152	54100	1000.78601470727
54200	1000.38643665050	54200	1001.15851366575	54200	1000.79669662824
54300	1000.38085556304	54300	1001.15819659816	54300	1000.79235668999
54400	1000.38421119038	54400	1001.15595463984	54400	1000.79939687434
54500	1000.39870362439	54500	1001.16655438980	54500	1000.80291743719
54600	1000.38837357126	54600	1001.16620428525	54600	1000.80971454030
54700	1000.39036929807	54700	1001.17406353910	54700	1000.81438829452
54800	1000.39881081810	54800	1001.17213003902	54800	1000.82662337187
54900	1000.41134018737	54900	1001.17630956105	54900	1000.83505542246
55000	1000.41955105320	55000	1001.16636999397	55000	1000.82542555760
55100	1000.42503488763	55100	1001.16363988872	55100	1000.81541075175
55200	1000.41313674530	55200	1001.16378634730	55200	1000.82513953206
55300	1000.41291877340	55300	1001.17449406193	55300	1000.83108239877
55400	1000.41103602179	55400	1001.17444249624	55400	1000.83491907587
55500	1000.39758542333	55500	1001.17334515281	55500	1000.83030167181
55600	1000.39300715756	55600	1001.18671748743	55600	1000.83626621758
55700	1000.40645046354	55700	1001.19599105422	55700	1000.85733610018
55800	1000.41071705757	55800	1001.19158415646	55800	1000.87367084153
55900	1000.44015253206	55900	1001.17728555042	55900	1000.88451124730
56000	1000.43601924423	56000	1001.17513677120	56000	1000.89027232058
56100	1000.43787487075	56100	1001.17869321823	56100	1000.90292334215
56200	1000.45116002681	56200	1001.17189077718	56200	1000.89618425710
56300	1000.44993911008	56300	1001.16907457274	56300	1000.89780017542
56400	1000.43897290779	56400	1001.15057156855	56400	1000.89556166676
56500	1000.43064989906	56500	1001.13381900446	56500	1000.89701414685
56600	1000.43728396720	56600	1001.15276490474	56600	1000.90682147208
56700	1000.44451777437	56700	1001.14776377341	56700	1000.90002727882
56800	1000.43022931996	56800	1001.13726972416	56800	1000.89347211898
56900	1000.41578076775	56900	1001.11712652096	56900	1000.90385738846
57000	1000.41635112575	57000	1001.11299526232	57000	1000.90253968964
57100	1000.41660719537	57100	1001.10969234685	57100	1000.90778735632
57200	1000.40612351096	57200	1001.10896717820	57200	1000.90759616088
57300	1000.41349598238	57300	1001.10249283245	57300	1000.90083477118
57400	1000.41971440642	57400	1001.10763667484	57400	1000.89090923906
57500	1000.43479979894	57500	1001.10107523175	57500	1000.88233741981
57600	1000.43804889806	57600	1001.09421329801	57600	1000.88520341430
57700	1000.43368873239	57700	1001.08493790234	57700	1000.88512483392
57800	1000.44683023994	57800	1001.08790612847	57800	1000.88226420726
57900	1000.44863031106	57900	1001.07607388578	57900	1000.87789792243
58000	1000.44218123352	58000	1001.07113536040	58000	1000.87898421262
58100	1000.44551958684	58100	1001.04972065358	58100	1000.88090998749
58200	1000.44671735476	58200	1001.05679294223	58200	1000.87946801092
58300	1000.44970739872	58300	1001.04482739884	58300	1000.87956514905
58400	1000.43664688713	58400	1001.04717613188	58400	1000.89885481535
58500	1000.41479075560	58500	1001.03559918758	58500	1000.89944609757
58600	1000.41075530270	58600	1001.02713640677	58600	1000.90451967202
58700	1000.40580248074	58700	1001.01311514042	58700	1000.90885115757
58800	1000.39937381005	58800	1001.02103311585	58800	1000.91991264521
58900	1000.38608981187	58900	1001.02138197846	58900	1000.91237992202
59000	1000.38059396032	59000	1001.01351664287	59000	1000.92952510101
59100	1000.37450521586	59100	1001.00931803892	59100	1000.91310043028
59200	1000.36046757080	59200	1001.02139761442	59200	1000.91415629070
59300	1000.37486040416	59300	1001.02104476865	59300	1000.90893333893
59400	1000.36906880464	59400	1001.02972724078	59400	1000.90932155156
59500	1000.37625623384	59500	1001.03400117722	59500	1000.89813267061
59600	1000.39220097832	59600	1001.01971165945	59600	1000.90541030102
59700	1000.38997348761	59700	1001.02684870017	59700	1000.90127567758
59800	1000.37686374999	59800	1001.03220573343	59800	1000.91132936068
59900	1000.38686536757	59900	1001.05188459970	59900	1000.91881324863
60000	1000.37038946187	60000	1001.04802588245	60000	1000.92983886757
60100	1000.37635334107	60100	1001.03834748296	60100	1000.93735985155
60200	1000.38289520721	60200	1001.03559708884	60200	1000.93471888159
60300	1000.37716487381	60300	1001.03298676659	60300	1000.94715421223
60400	1000.38402437937	60400	1001.02237326986	60400	1000.94496327004
60500	1000.39686254273	60500	1001.02293714311	60500	1000.93890827242
60600	1000.41294968376	60600	1001.02095725374	60600	1000.92326410688
60700	1000.40622398848	60700	1001.01174975534	60700	1000.90658108329
60800	1000.39852142463	60800	1001.00333607996	60800	1000.90878136719
60900	1000.41245142063	60900	1000.99064817088	60900	1000.90137228674
61000	1000.40800980442	61000	1000.99377713274	61000	1000.89364566754
61100	1000.40258131855	61100	1000.99059765636	61100	1000.87890956541
61200	1000.38752088737	61200	1000.99085708091	61200	1000.86315879879
61300	1000.38932294825	61300	1000.99332308302	61300	1000.85896019711
61400	1000.41164016221	61400	1000.98751271376	61400	1000.85693149803
61500	1000.41515984565	61500	1001.00750633942	61500	1000.85753900093
61600	1000.41385752816	61600	1001.00331087962	61600	1000.85716906556
61700	1000.41605964163	61700	1001.01000321799	61700	1000.87018829812
61800	1000.40240057420	61800	1001.01912456374	61800	1000.87246522614
61900	1000.41199332459	61900	1001.01111199507	61900	1000.87198521781
62000	1000.41016067439	62000	1001.00676172583	62000	1000.86840878743
62100	1000.41719562396	62100	1001.01270141876	62100	1000.86208445728
62200	1000.42193069124	62200	1001.01056035893	62200	1000.87237924982
62300	1000.42338338461	62300	1001.01110617524	62300	1000.86865558630
62400	1000.41995480472	62400	1001.00186148045	62400	1000.85133422496
62500	1000.42704524634	62500	1000.99426458012	62500	1000.84172273898
62600	1000.44864573342	62600	1001.00056569794	62600	1000.83905934674
62700	1000.44659369361	62700	1001.01611335455	62700	1000.84646488334
62800	1000.43885422358	62800	1001.01284686678	62800	1000.84706008695
62900	1000.44638447847	62900	1001.00630499351	62900	1000.85665343440
63000	1000.44656584186	63000	1001.00143687636	63000	1000.86360976777
63100	1000.44335970662	63100	1001.01312709591	63100	1000.85094898060
63200	1000.44592846710	63200	1001.01426681091	63200	1000.84908061937
63300	1000.45561410116	63300	1001.01151993746	63300	1000.84730618038
63400	1000.46039504412	63400	1001.01146160341	63400	1000.86032911743
63500	1000.44451292702	63500	1001.02741191853	63500	1000.87111298129
63600	1000.42753517621	63600	1001.02293476037	63600	1000.87505988233
63700	1000.43003258318	63700	1001.01022069672	63700	1000.87221035053
63800	1000.43391107477	63800	1001.00194971260	63800	1000.87410439190
63900	1000.42606263382	63900	1001.00794908474	63900	1000.87860479535
64000	1000.41314488892	64000	1001.00246928448	64000	1000.87478542575
64100	1000.40418626356	64100	1000.99726409266	64100	1000.87531314779
64200	1000.38613827265	64200	1000.98594579171	64200	1000.87579038979
64300	1000.38921414786	64300	1000.98322928460	64300	1000.87140227496
64400	1000.40461024724	64400	1000.97106694046	64400	1000.86271929634
64500	1000.40425397153	64500	1000.95791843889	64500	1000.86020722906
64600	1000.39197302616	64600	1000.95285204538	64600	1000.84766287246
64700	1000.38481023093	64700	1000.96126849828	64700	1000.82856679463
64800	1000.37911197144	64800	1000.96144005910	64800	1000.82553242022
64900	1000.38375989179	64900	1000.96272347284	64900	1000.81637722078
65000	1000.38464218630	65000	1000.96128280454	65000	1000.80305788193
65100	1000.38188148601	65100	1000.96733144624	65100	1000.80541067504
65200	1000.37797564865	65200	1000.97914071509	65200	1000.81182332785
65300	1000.37179185440	65300	1000.99707893042	65300	1000.81627082440
65400	1000.37903039957	65400	1001.01303836728	65400	1000.83734582089
65500	1000.38818066584	65500	1001.01981474583	65500	1000.84942953864
65600	1000.38795903778	65600	1001.01054856047	65600	1000.85326718462
65700	1000.39539845696	65700	1001.00933886989	65700	1000.86988429916
65800	1000.40595888023	65800	1001.01689516971	65800	1000.87707543167
65900	1000.41963750934	65900	1001.03295749205	65900	1000.89636382755
66000	1000.42590314915	66000	1001.04472245545	66000	1000.90603246870
66100	1000.41808155964	66100	1001.04701976923	66100	1000.90487079188
66200	1000.42413385235	66200	1001.04788701184	66200	1000.91136492735
66300	1000.42721050945	66300	1001.05005387125	66300	1000.91725447042
66400	1000.44584012635	66400	1001.06511640248	66400	1000.91558446969
66500	1000.45818345103	66500	1001.09639752672	66500	1000.91537344305
66600	1000.43784524370	66600	1001.11222185398	66600	1000.91781275630
66700	1000.43563883157	66700	1001.12103590019	66700	1000.92307814564
66800	1000.43366460829	66800	1001.11285290565	66800	1000.91995822115
66900	1000.43234594996	66900	1001.10643145259	66900	1000.90893022226
67000	1000.43914544662	67000	1001.10085676128	67000	1000.90051007115
67100	1000.43085256671	67100	1001.09403650661	67100	1000.89687904142
67200	1000.43325581496	67200	1001.09061445826	67200	1000.88731405943
67300	1000.43988744364	67300	1001.09098272124	67300	1000.87713866916
67400	1000.45580194243	67400	1001.06805683080	67400	1000.86124450775
67500	1000.45123168364	67500	1001.06515710505	67500	1000.85780979205
67600	1000.46063426229	67600	1001.05776183538	67600	1000.85123430983
67700	1000.45646565455	67700	1001.04968988522	67700	1000.84211669433
67800	1000.45872546086	67800	1001.04141321071	67800	1000.83935618558
67900	1000.46827780163	67900	1001.02733759815	67900	1000.83078381850
68000	1000.46947397945	68000	1001.01965618994	68000	1000.83901776885
68100	1000.46767906619	68100	1001.01287630855	68100	1000.85281717496
68200	1000.46180418006	68200	1001.01748604051	68200	1000.86195307729
68300	1000.44399520605	68300	1001.00388802442	68300	1000.86971125952
68400	1000.45609402221	68400	1000.98735160773	68400	1000.86636361963
68500	1000.46057333414	68500	1000.99465359445	68500	1000.87350917610
68600	1000.45820827438	68600	1000.98610196657	68600	1000.87735320143
68700	1000.43052462144	68700	1000.98879423153	68700	1000.87684147258
68800	1000.42774889844	68800	1000.98623468831	68800	1000.87867843499
68900	1000.41506084787	68900	1000.99454300667	68900	1000.88266439842
69000	1000.41627112777	69000	1000.99381945298	69000	1000.88412416341
69100	1000.41728950981	69100	1000.99864649878	69100	1000.88338401308
69200	1000.42507539053	69200	1000.99488713663	69200	1000.87897136519
69300	1000.43158327395	69300	1000.99460440170	69300	1000.88058393198
69400	1000.43056100794	69400	1000.99078117006	69400	1000.86436390049
69500	1000.41448375954	69500	1000.99657823030	69500	1000.85732476211
69600	1000.41834784005	69600	1001.01674047868	69600	1000.85990067340
69700	1000.41790876947	69700	1001.03222803143	69700	1000.85458463207
69800	1000.40747462725	69800	1001.03443796443	69800	1000.84965376291
69900	1000.40492302387	69900	1001.03813023568	69900	1000.84314110011
70000	1000.40936029572	70000	1001.03607244745	70000	1000.84253181783
70100	1000.42588023660	70100	1001.04946416770	70100	1000.85610062906
70200	1000.43715232784	70200	1001.04627225955	70200	1000.87144065242
70300	1000.43523040253	70300	1001.04529537849	70300	1000.88315970044
70400	1000.44133414499	70400	1001.03783201652	70400	1000.87931266335
70500	1000.44252121774	70500	1001.02703646129	70500	1000.87960732335
70600	1000.45225037574	70600	1001.02523658203	70600	1000.88631688720
70700	1000.43702932175	70700	1001.02742584826	70700	1000.87930959133
70800	1000.42298523536	70800	1001.01959937026	70800	1000.86984863072
70900	1000.40471851280	70900	1001.02341242222	70900	1000.86417202827
71000	1000.40744127597	71000	1001.01535775644	71000	1000.84796150941
71100	1000.41854553540	71100	1001.01321647919	71100	1000.83242421285
71200	1000.42186629101	71200	1001.01342102924	71200	1000.82964230797
71300	1000.42319467125	71300	1001.00589414808	71300	1000.83188440712
71400	1000.40212160973	71400	1001.00638627085	71400	1000.84372664311
71500	1000.41068409315	71500	1001.01505458191	71500	1000.84600105884
71600	1000.40252101386	71600	1001.01717527524	71600	1000.84561393858
71700	1000.40244288500	71700	1001.03228000148	71700	1000.85430095678
71800	1000.39306603687	71800	1001.02580675075	71800	1000.84969503836
71900	1000.40154776057	71900	1001.01557529519	71900	1000.83940598547
72000	1000.40640992778	72000	1001.01287110421	72000	1000.84120024249
72100	1000.39558514615	72100	1001.00291550586	72100	1000.84040508091
72200	1000.40053901099	72200	1001.00042886349	72200	1000.84886548029
72300	1000.41692032704	72300	1000.99265391481	72300	1000.83662901241
72400	1000.44260220179	72400	1000.99365455997	72400	1000.82105345647
72500	1000.45326464615	72500	1001.00212645597	72500	1000.81682466652
72600	1000.43728909139	72600	1001.01453913141	72600	1000.81460979704
72700	1000.44151973595	72700	1001.01359545690	72700	1000.81194462391
72800	1000.43242211520	72800	1001.02147335119	72800	1000.80693027793
72900	1000.41450083194	72900	1001.02161682429	72900	1000.81000130338
73000	1000.40950319647	73000	1001.03285067235	73000	1000.81743129041
73100	1000.42487652418	73100	1001.03716089011	73100	1000.83438365331
73200	1000.42519488408	73200	1001.02240816618	73200	1000.83622547557
73300	1000.42472870546	73300	1001.01767285804	73300	1000.84574541109
73400	1000.41953766518	73400	1001.01561016294	73400	1000.86311675335
73500	1000.39999972040	73500	1001.02101267385	73500	1000.87820878746
73600	1000.39504960837	73600	1001.03030049756	73600	1000.87349998865
73700	1000.38686731628	73700	1001.03104289000	73700	1000.87485087645
73800	1000.38652977315	73800	1001.06122531719	73800	1000.88394364363
73900	1000.39333655899	73900	1001.05739517410	73900	1000.88651889491
74000	1000.38951107566	74000	1001.06354309830	74000	1000.87787636866
74100	1000.39466972325	74100	1001.07797964955	74100	1000.88137094135
74200	1000.39200662749	74200	1001.07774776112	74200	1000.88287132587
74300	1000.39214141510	74300	1001.07414128173	74300	1000.86483119977
74400	1000.38504783504	74400	1001.05971070670	74400	1000.86943095706
74500	1000.39412920202	74500	1001.04822297499	74500	1000.85328574565
74600	1000.38931814399	74600	1001.04421237326	74600	1000.85001725996
74700	1000.39319573665	74700	1001.03606560295	74700	1000.84346172941
74800	1000.38515481606	74800	1001.04173805244	74800	1000.85589421708
74900	1000.38907662366	74900	1001.05211116193	74900	1000.84982022367
75000	1000.38289832140	75000	1001.06754123534	75000	1000.85507766964
75100	1000.37681089110	75100	1001.06812275496	75100	1000.85092966741
75200	1000.38255950806	75200	1001.07633134917	75200	1000.85209848332
75300	1000.37306537541	75300	1001.07277484675	75300	1000.85384625988
75400	1000.35965237649	75400	1001.07595785112	75400	1000.85854901839
75500	1000.36959684744	75500	1001.07937630235	75500	1000.85425029306
75600	1000.37087250140	75600	1001.07172483424	75600	1000.86507276615
75700	1000.36970995612	75700	1001.07393831132	75700	1000.87800161923
75800	1000.37658836846	75800	1001.06558070027	75800	1000.88542218034
75900	1000.37285037936	75900	1001.06771485546	75900	1000.88730001165
76000	1000.37292166917	76000	1001.07679069407	76000	1000.89528207656
76100	1000.38055380494	76100	1001.08963193537	76100	1000.89478622700
76200	1000.38872873729	76200	1001.08817223453	76200	1000.90319010369
76300	1000.39181835155	76300	1001.08047255001	76300	1000.90561971294
76400	1000.37814269482	76400	1001.09582420822	76400	1000.90226990941
76500	1000.37237475627	76500	1001.10436555497	76500	1000.88905369609
76600	1000.36201304512	76600	1001.10356785343	76600	1000.88624484540
76700	1000.36545298769	76700	1001.10985423192	76700	1000.87850513567
76800	1000.37867137273	76800	1001.12107896776	76800	1000.86755140551
76900	1000.38350007801	76900	1001.12248102232	76900	1000.87233539573
77000	1000.37402327196	77000	1001.11301012871	77000	1000.88272942578
77100	1000.35876357418	77100	1001.12073323075	77100	1000.88814729754
77200	1000.36147570537	77200	1001.12657726439	77200	1000.90542638393
77300	1000.37491348463	77300	1001.12500620438	77300	1000.90856452873
77400	1000.36372982078	77400	1001.11292921095	77400	1000.90521625799
77500	1000.35800101733	77500	1001.11987302868	77500	1000.89855995792
77600	1000.37973506213	77600	1001.10909134015	77600	1000.89452961401
77700	1000.39212268620	77700	1001.11150294286	77700	1000.88396828914
77800	1000.37894427670	77800	1001.12727732774	77800	1000.88457064884
77900	1000.36546350443	77900	1001.13046784019	77900	1000.87605854369
78000	1000.37961464979	78000	1001.13262245011	78000	1000.85770178972
78100	1000.37505271664	78100	1001.13955390283	78100	1000.85113537060
78200	1000.36651898290	78200	1001.15276385119	78200	1000.85722508592
78300	1000.35764457080	78300	1001.15408171206	78300	1000.87707982966
78400	1000.35752621087	78400	1001.14156264129	78400	1000.86923598505
78500	1000.34875306248	78500	1001.13414226081	78500	1000.86959382737
78600	1000.34394643601	78600	1001.13277743001	78600	1000.87585357960
78700	1000.35180151814	78700	1001.14284692966	78700	1000.88614327563
78800	1000.35853418279	78800	1001.15564575439	78800	1000.88198817918
78900	1000.35005217520	78900	1001.16311716025	78900	1000.88138831473
79000	1000.34060055946	79000	1001.17009163851	79000	1000.86767724422
79100	1000.34924542078	79100	1001.15855034952	79100	1000.85841468573
79200	1000.34522556554	79200	1001.16140811721	79200	1000.85073497225
79300	1000.36864090151	79300	1001.16403603725	79300	1000.85236001290
79400	1000.38298162830	79400	1001.16531402242	79400	1000.86717938907
79500	1000.37451891604	79500	1001.15474377180	79500	1000.87111035381
79600	1000.36241281104	79600	1001.15142590510	79600	1000.88077806964
79700	1000.36353498422	79700	1001.16639116807	79700	1000.88066777149
79800	1000.36994208286	79800	1001.16229317649	79800	1000.89209019332
79900	1000.35613325070	79900	1001.16799731039	79900	1000.91267517930
80000	1000.36085228295	80000	1001.17681166472	80000	1000.91815256538
80100	1000.37851421882	80100	1001.15924662184	80100	1000.91636739095
80200	1000.37439231905	80200	1001.16659236261	80200	1000.91426518456
80300	1000.37323721936	80300	1001.14973253223	80300	1000.92191271164
80400	1000.37614666276	80400	1001.14690773411	80400	1000.92940560213
80500	1000.38149950242	80500	1001.16777994134	80500	1000.93440013817
80600	1000.38520127211	80600	1001.17347885275	80600	1000.94609031587
80700	1000.40040964285	80700	1001.18175667164	80700	1000.94491784895
80800	1000.40855786307	80800	1001.16822816905	80800	1000.93586758588
80900	1000.41615562450	80900	1001.17082617878	80900	1000.93948737423
81000	1000.42193888544	81000	1001.15564748206	81000	1000.93584014653
81100	1000.41538384237	81100	1001.13828587399	81100	1000.93450452467
81200	1000.44317486414	81200	1001.11923927463	81200	1000.92063802246
81300	1000.44230419469	81300	1001.11378099407	81300	1000.91171265176
81400	1000.44301375905	81400	1001.11284103147	81400	1000.90074002322
81500	1000.45315369575	81500	1001.11442708714	81500	1000.89608702434
81600	1000.44288160491	81600	1001.13133078990	81600	1000.88269489736
81700	1000.43492991846	81700	1001.14178468521	81700	1000.88361989875
81800	1000.42049459254	81800	1001.14128564047	81800	1000.87180122360
81900	1000.42316054702	81900	1001.14560700350	81900	1000.87614568412
82000	1000.42031231977	82000	1001.15674555028	82000	1000.87486887875
82100	1000.40995412158	82100	1001.15862438865	82100	1000.87782028953
82200	1000.42111582962	82200	1001.14599229460	82200	1000.86318861026
82300	1000.44434193179	82300	1001.14799924764	82300	1000.85085957029
82400	1000.44751337356	82400	1001.15462992186	82400	1000.84864698411
82500	1000.44723168363	82500	1001.15142060184	82500	1000.85990164654
82600	1000.45011773915	82600	1001.14418764894	82600	1000.86008586621
82700	1000.46573339322	82700	1001.13262136049	82700	1000.86583952208
82800	1000.45464301105	82800	1001.12290048723	82800	1000.87105443907
82900	1000.45175298487	82900	1001.11881295945	82900	1000.87504317389
83000	1000.43604906508	83000	1001.11535818182	83000	1000.87470981245
83100	1000.41265238707	83100	1001.11567338771	83100	1000.87024046449
83200	1000.40368754924	83200	1001.11955642247	83200	1000.88545403199
83300	1000.41960626292	83300	1001.10860955318	83300	1000.89241925858
83400	1000.42502809327	83400	1001.08972278872	83400	1000.89680495118
83500	1000.43763062765	83500	1001.08806121756	83500	1000.90037270827
83600	1000.45004503916	83600	1001.08446355827	83600	1000.91511232603
83700	1000.43966223335	83700	1001.09677592957	83700	1000.92936330784
83800	1000.43555581098	83800	1001.11458143157	83800	1000.93711608151
83900	1000.41370854349	83900	1001.10461009906	83900	1000.94449630265
84000	1000.38744860042	84000	1001.09624430913	84000	1000.94336266152
84100	1000.36128721645	84100	1001.09898834707	84100	1000.94716485023
84200	1000.35251042771	84200	1001.08328495855	84200	1000.94689595513
84300	1000.34696345834	84300	1001.07088404193	84300	1000.95136659428
84400	1000.34601438573	84400	1001.05044519795	84400	1000.94597549272
84500	1000.35058671314	84500	1001.03890825230	84500	1000.94355932808
84600	1000.36038151912	84600	1001.03355741301	84600	1000.94203749029
84700	1000.37377475332	84700	1001.02407946548	84700	1000.93751251655
84800	1000.38104410167	84800	1001.02781379988	84800	1000.93799701555
84900	1000.37368853328	84900	1001.01921079566	84900	1000.94312147017
85000	1000.36280619549	85000	1001.01494416811	85000	1000.93821894095
85100	1000.36925891799	85100	1001.01285203389	85100	1000.94077720133
85200	1000.36566744986	85200	1000.99553241702	85200	1000.94592857505
85300	1000.36288057011	85300	1000.99323995589	85300	1000.94887190850
85400	1000.36056827655	85400	1000.98453921675	85400	1000.95129584099
85500	1000.34598722863	85500	1000.98858422351	85500	1000.94830395995
85600	1000.34215769029	85600	1000.98915805776	85600	1000.93695257910
85700	1000.33795254283	85700	1000.99352443027	85700	1000.93713480989
85800	1000.33440896311	85800	1000.99546298913	85800	1000.93780049317
85900	1000.33347612960	85900	1001.00696536034	85900	1000.93986889590
86000	1000.32857553761	86000	1001.02007101169	86000	1000.93917226742
86100	1000.33208284314	86100	1001.02722925144	86100	1000.93291892151
86200	1000.33883548303	86200	1001.01553269121	86200	1000.93832979401
86300	1000.34108177791	86300	1001.01470006798	86300	1000.94018403529
86400	1000.34220709498	86400	1001.01280555530	86400	1000.92592723315
86500	1000.34498803203	86500	1001.01160237359	86500	1000.93218246037
86600	1000.33896745294	86600	1001.01440634190	86600	1000.94422132187
86700	1000.33670151274	86700	1001.01202792432	86700	1000.95013362197
86800	1000.31461042947	86800	1001.00431728607	86800	1000.94311908159
86900	1000.31120229731	86900	1000.99157299682	86900	1000.92708881313
87000	1000.31042266661	87000	1000.98811821981	87000	1000.91379520500
87100	1000.31202948202	87100	1000.98868049811	87100	1000.90963586784
87200	1000.31030931688	87200	1000.99846522223	87200	1000.90311383354
87300	1000.29888542759	87300	1001.00123353172	87300	1000.89957981346
87400	1000.29719133364	87400	1001.01273103361	87400	1000.90136997910
87500	1000.30740259573	87500	1001.00448719493	87500	1000.90045558354
87600	1000.30254222811	87600	1001.01880402749	87600	1000.90852526760
87700	1000.30432876852	87700	1001.01856803150	87700	1000.91031029421
87800	1000.30633397669	87800	1001.02042144769	87800	1000.91089671290
87900	1000.30638524328	87900	1001.02152028324	87900	1000.92287862570
88000	1000.32101761468	88000	1001.02468660553	88000	1000.93356729175
88100	1000.33415516566	88100	1001.03260511257	88100	1000.93548773613
88200	1000.33757910598	88200	1001.03212714433	88200	1000.93598998226
88300	1000.33024938888	88300	1001.04062088535	88300	1000.93523906164
88400	1000.33248297485	88400	1001.04904701319	88400	1000.92500521059
88500	1000.31422762185	88500	1001.05433197051	88500	1000.88988777047
88600	1000.29891241008	88600	1001.05554182572	88600	1000.88394565752
88700	1000.29306380485	88700	1001.07017100989	88700	1000.89821364701
88800	1000.28191324527	88800	1001.06294071192	88800	1000.89188538148
88900	1000.30420698857	88900	1001.06179155843	88900	1000.88094197503
89000	1000.30400459512	89000	1001.05831091192	89000	1000.87136654136
89100	1000.31292064900	89100	1001.05253514599	89100	1000.86577410085
89200	1000.30110861727	89200	1001.05900755409	89200	1000.86498505682
89300	1000.29794430999	89300	1001.07031636543	89300	1000.86686426171
89400	1000.30796396556	89400	1001.07286639088	89400	1000.87708186813
89500	1000.31997082319	89500	1001.07606329093	89500	1000.87405742959
89600	1000.32752681998	89600	1001.07334305176	89600	1000.86540815571
89700	1000.32946000152	89700	1001.08531582367	89700	1000.86737028767
89800	1000.33247669478	89800	1001.07868427165	89800	1000.86042622336
89900	1000.33821538572	89900	1001.09605116821	89900	1000.86160189488
90000	1000.33682977438	90000	1001.09244609537	90000	1000.85803997938
90100	1000.32504710913	90100	1001.10300385350	90100	1000.86158966620
90200	1000.34250193586	90200	1001.10390595140	90200	1000.87835291911
90300	1000.35621429631	90300	1001.09800694620	90300	1000.87820425188
90400	1000.36527061221	90400	1001.09415643304	90400	1000.88400558658
90500	1000.36785958337	90500	1001.10499965367	90500	1000.88353694914
90600	1000.36777828654	90600	1001.10421710505	90600	1000.87740864059
90700	1000.35532654680	90700	1001.09516200530	90700	1000.87254297978
90800	1000.36027930920	90800	1001.09846718254	90800	1000.87379591749
90900	1000.37523737619	90900	1001.09625464943	90900	1000.87315198322
91000	1000.38007474354	91000	1001.09770211259	91000	1000.87230052874
91100	1000.37837257321	91100	1001.10210747050	91100	1000.87037383802
91200	1000.38475986647	91200	1001.09817239686	91200	1000.86840140411
91300	1000.38068737485	91300	1001.09621458496	91300	1000.86813696050
91400	1000.36446799949	91400	1001.08572804268	91400	1000.86986433531
91500	1000.34896932744	91500	1001.09022624971	91500	1000.86146666388
91600	1000.34150116090	91600	1001.09280437254	91600	1000.86265611602
91700	1000.32526874581	91700	1001.08916753748	91700	1000.85497452831
91800	1000.32679089902	91800	1001.08256731169	91800	1000.85488900579
91900	1000.34241837915	91900	1001.08292263069	91900	1000.84883129512
92000	1000.34449996920	92000	1001.08991514008	92000	1000.85922811669
92100	1000.34778099234	92100	1001.09767692440	92100	1000.87726260188
92200	1000.35940226397	92200	1001.08707942688	92200	1000.87251531034
92300	1000.37325163560	92300	1001.08870095677	92300	1000.87058240124
92400	1000.39085889673	92400	1001.09983983940	92400	1000.87646473733
92500	1000.39299256067	92500	1001.09659961546	92500	1000.85921734542
92600	1000.39878083515	92600	1001.09962095253	92600	1000.85097452601
92700	1000.41005661828	92700	1001.11783255044	92700	1000.84563220117
92800	1000.40829103555	92800	1001.14178952044	92800	1000.84539739181
92900	1000.38478428803	92900	1001.14259977798	92900	1000.85754829556
93000	1000.38043192104	93000	1001.13834798355	93000	1000.87720269169
93100	1000.38063887689	93100	1001.13092139166	93100	1000.88261218794
93200	1000.38394273955	93200	1001.12935720170	93200	1000.87644730268
93300	1000.37387815504	93300	1001.12967526098	93300	1000.87927778107
93400	1000.35404748326	93400	1001.12344993570	93400	1000.88256426627
93500	1000.35939276542	93500	1001.11816562947	93500	1000.87829285871
93600	1000.36404538023	93600	1001.12522646765	93600	1000.88045663612
93700	1000.37635896355	93700	1001.12699719646	93700	1000.88072612026
93800	1000.37926714808	93800	1001.13227074562	93800	1000.88181790098
93900	1000.38246390182	93900	1001.12462574248	93900	1000.87680031723
94000	1000.38187274741	94000	1001.11446905924	94000	1000.88806305975
94100	1000.37461286726	94100	1001.10493606049	94100	1000.89313837632
94200	1000.38266914458	94200	1001.11244896514	94200	1000.89011899144
94300	1000.37159690242	94300	1001.11037318064	94300	1000.87566276656
94400	1000.35503624628	94400	1001.08907520761	94400	1000.88807200193
94500	1000.34371797292	94500	1001.08221723694	94500	1000.88671973407
94600	1000.33929534001	94600	1001.08708970475	94600	1000.88578204631
94700	1000.35106238242	94700	1001.09012406544	94700	1000.88112959588
94800	1000.34887450464	94800	1001.07853406698	94800	1000.87340341883
94900	1000.34469863211	94900	1001.07494286798	94900	1000.86768917657
95000	1000.33111194171	95000	1001.07512273505	95000	1000.87256443102
95100	1000.33364763551	95100	1001.07302775356	95100	1000.87154865816
95200	1000.33073113674	95200	1001.06456261019	95200	1000.86622036350
95300	1000.33987080093	95300	1001.07183228596	95300	1000.84662634245
95400	1000.34787596654	95400	1001.07198959840	95400	1000.84142045041
95500	1000.33804312226	95500	1001.06864129020	95500	1000.84632876499
95600	1000.33123981459	95600	1001.05550435757	95600	1000.84946968463
95700	1000.31420859844	95700	1001.05536983562	95700	1000.85759883062
95800	1000.29964226909	95800	1001.06185222543	95800	1000.85962599110
95900	1000.29271141971	95900	1001.08048937208	95900	1000.86491160653
96000	1000.28946440055	96000	1001.09649117058	96000	1000.87535506991
96100	1000.29720090356	96100	1001.10759404862	96100	1000.87058637582
96200	1000.31455381522	96200	1001.10185214564	96200	1000.86467063665
96300	1000.31637164753	96300	1001.10006826636	96300	1000.87302622333
96400	1000.33133079414	96400	1001.09442536604	96400	1000.88465529635
96500	1000.34799623301	96500	1001.09214726339	96500	1000.90276179576
96600	1000.36165321650	96600	1001.09398260217	96600	1000.90014319142
96700	1000.37468239509	96700	1001.07492007679	96700	1000.90415832828
96800	1000.37015382977	96800	1001.09043693393	96800	1000.91202055534
96900	1000.35822755077	96900	1001.09228731647	96900	1000.91912245879
97000	1000.36640445457	97000	1001.10061019859	97000	1000.91009930346
97100	1000.37267485493	97100	1001.09192245550	97100	1000.89810751467
97200	1000.37105458312	97200	1001.09081934919	97200	1000.89428493954
97300	1000.36243097368	97300	1001.09289536226	97300	1000.89370232442
97400	1000.34468581056	97400	1001.10130915327	97400	1000.89412719491
97500	1000.34066680354	97500	1001.10291726171	97500	1000.90210723294
97600	1000.34299600288	97600	1001.10928121224	97600	1000.89534063365
97700	1000.37245368120	97700	1001.11039959451	97700	1000.90078202105
97800	1000.37482197727	97800	1001.10144251219	97800	1000.91380532222
97900	1000.37882788602	97900	1001.09854630524	97900	1000.92158307811
98000	1000.38649672065	98000	1001.10086786202	98000	1000.91651785818
98100	1000.38635420870	98100	1001.09410453843	98100	1000.90536946772
98200	1000.39319557373	98200	1001.07903637047	98200	1000.90063847481
98300	1000.39427811015	98300	1001.08263376816	98300	1000.90367717439
98400	1000.39471625252	98400	1001.08132874274	98400	1000.90520178953
98500	1000.39936864619	98500	1001.09356999375	98500	1000.90456844990
98600	1000.38788414218	98600	1001.08169591145	98600	1000.90119856933
98700	1000.38608932668	98700	1001.08530023236	98700	1000.90037534827
98800	1000.41819021991	98800	1001.09255893058	98800	1000.89084684358
98900	1000.42946212308	98900	1001.10037978443	98900	1000.87520925222
99000	1000.43105550223	99000	1001.10133925655	99000	1000.85753938779
99100	1000.42086280872	99100	1001.10352281623	99100	1000.84571281113
99200	1000.39477662190	99200	1001.10777905158	99200	1000.83883297771
99300	1000.37959773158	99300	1001.10462529302	99300	1000.82750317170
99400	1000.37403079050	99400	1001.09532866639	99400	1000.83109979623
99500	1000.38616158860	99500	1001.09835002823	99500	1000.84911506836
99600	1000.37900120811	99600	1001.08576255032	99600	1000.84706563847
99700	1000.37546644353	99700	1001.06716647361	99700	1000.86143866056
99800	1000.37159912235	99800	1001.06209450793	99800	1000.85936737076
99900	1000.37899434173	99900	1001.05382786396	99900	1000.85892967458
100000	1000.36773631609	100000	1001.05256668129	100000	1000.85754830655
