#time	SIM_10_20/
0.60	105.40
1.20	105.40
1.80	102.30
2.40	116.30
3.00	122.30
3.60	117.30
4.20	116.70
4.80	107.50
5.40	104.40
6.00	113.40
6.60	111.30
7.20	105.70
7.80	99.30
8.40	108.60
9.00	101.80
9.60	100.80
10.20	92.30
10.80	91.40
11.40	85.10
12.00	83.90
12.60	77.50
13.20	85.10
13.80	82.30
14.40	88.70
15.00	88.70
15.60	87.20
16.20	88.60
16.80	85.30
17.40	89.10
18.00	83.60
18.60	89.40
19.20	83.90
19.80	88.80
20.40	84.10
21.00	82.20
21.60	86.30
22.20	89.80
22.80	91.10
23.40	78.30
24.00	79.90
24.60	76.40
25.20	70.00
25.80	77.60
26.40	71.90
27.00	70.20
27.60	79.80
28.20	80.10
28.80	84.40
29.40	72.30
30.00	75.80
30.60	79.60
31.20	84.90
31.80	87.90
32.40	80.10
33.00	72.40
33.60	67.60
34.20	65.30
34.80	63.30
35.40	66.60
36.00	61.40
36.60	64.00
37.20	75.80
37.80	70.00
38.40	73.30
39.00	76.30
39.60	84.80
40.20	79.50
40.80	89.20
41.40	95.80
42.00	91.40
42.60	94.50
43.20	91.80
43.80	79.30
44.40	90.50
45.00	93.70
45.60	92.10
46.20	96.30
46.80	82.30
47.40	91.60
48.00	87.60
48.60	90.30
49.20	85.40
49.80	86.40
50.40	89.60
51.00	92.00
51.60	90.30
52.20	98.40
52.80	92.40
53.40	101.20
54.00	98.60
54.60	100.10
55.20	108.50
55.80	104.80
56.40	104.30
57.00	99.40
57.60	100.50
58.20	85.30
58.80	92.10
59.40	100.30
60.00	93.20
60.60	100.90
61.20	104.90
61.80	100.50
62.40	89.40
63.00	88.20
63.60	77.80
64.20	76.10
64.80	88.00
65.40	85.70
66.00	86.00
66.60	88.20
67.20	82.30
67.80	87.20
68.40	81.80
69.00	83.10
69.60	79.40
70.20	76.80
70.80	85.90
71.40	91.30
72.00	85.50
72.60	89.00
73.20	92.10
73.80	95.30
74.40	80.20
75.00	81.10
75.60	76.20
76.20	65.40
76.80	76.60
77.40	72.30
78.00	67.20
78.60	79.70
79.20	94.50
79.80	88.60
80.40	90.30
81.00	91.70
81.60	107.80
82.20	96.60
82.80	85.40
83.40	87.60
84.00	98.10
84.60	91.80
85.20	95.00
85.80	91.40
86.40	91.20
87.00	97.40
87.60	89.70
88.20	81.20
88.80	88.60
89.40	78.80
90.00	79.80
90.60	79.20
91.20	74.30
91.80	81.50
92.40	84.00
93.00	81.80
93.60	82.50
94.20	69.70
94.80	79.70
95.40	74.60
96.00	85.70
96.60	85.00
97.20	97.40
97.80	88.10
98.40	77.90
99.00	75.90
99.60	87.70
100.20	63.90
100.80	69.70
101.40	65.70
102.00	69.80
102.60	62.40
103.20	66.20
103.80	80.30
104.40	88.10
105.00	71.20
105.60	77.70
106.20	70.60
106.80	69.90
107.40	62.00
108.00	68.20
108.60	65.20
109.20	73.80
109.80	83.10
110.40	73.10
111.00	77.60
111.60	79.90
112.20	68.40
112.80	76.00
113.40	70.90
114.00	70.80
114.60	71.10
115.20	64.70
115.80	72.20
116.40	73.90
117.00	67.20
117.60	72.50
118.20	70.50
118.80	66.50
119.40	71.10
120.00	63.60
120.60	59.50
121.20	67.70
121.80	63.10
122.40	69.90
123.00	68.80
123.60	61.80
124.20	57.10
124.80	45.90
125.40	57.00
126.00	59.40
126.60	72.80
127.20	66.50
127.80	90.30
128.40	93.00
129.00	97.10
129.60	87.80
130.20	85.60
130.80	82.30
131.40	75.90
132.00	70.80
132.60	73.80
133.20	76.50
133.80	73.90
134.40	72.00
135.00	82.90
135.60	79.20
136.20	80.70
136.80	84.80
137.40	87.70
138.00	90.80
138.60	93.00
139.20	82.10
139.80	90.50
140.40	89.70
141.00	98.00
141.60	96.50
142.20	84.70
142.80	81.10
143.40	80.10
144.00	83.90
144.60	78.80
145.20	80.70
145.80	80.00
146.40	80.40
147.00	73.60
147.60	66.50
148.20	67.80
148.80	75.10
149.40	74.10
150.00	70.00
150.60	72.90
151.20	75.40
151.80	68.20
152.40	76.90
153.00	75.00
153.60	74.50
154.20	75.50
154.80	77.60
155.40	78.50
156.00	71.20
156.60	79.40
157.20	78.20
157.80	65.40
158.40	68.60
159.00	55.30
159.60	57.50
160.20	57.00
160.80	58.70
161.40	63.70
162.00	63.00
162.60	59.70
163.20	44.70
163.80	35.50
164.40	45.90
165.00	46.40
165.60	44.10
166.20	38.90
166.80	42.70
167.40	42.50
168.00	42.20
168.60	51.10
169.20	60.00
169.80	62.20
170.40	61.00
171.00	61.70
171.60	69.30
172.20	64.70
172.80	63.90
173.40	62.20
174.00	76.60
174.60	87.00
175.20	90.20
175.80	79.70
176.40	74.90
177.00	73.50
177.60	48.40
178.20	52.70
178.80	56.30
179.40	48.00
180.00	59.10
180.60	71.80
181.20	81.10
181.80	64.80
182.40	69.10
183.00	65.00
183.60	65.20
184.20	57.00
184.80	52.80
185.40	48.70
186.00	43.50
186.60	44.90
187.20	50.90
187.80	43.20
188.40	46.10
189.00	49.60
189.60	43.80
190.20	47.80
190.80	63.20
191.40	49.40
192.00	62.00
192.60	59.60
193.20	68.30
193.80	59.90
194.40	72.40
195.00	76.50
195.60	69.80
196.20	73.30
196.80	62.00
197.40	53.30
198.00	64.50
198.60	61.30
199.20	49.80
199.80	53.90
200.40	62.20
201.00	48.60
201.60	59.20
202.20	52.20
202.80	49.70
203.40	46.30
204.00	59.10
204.60	57.00
205.20	61.20
205.80	61.90
206.40	50.50
207.00	61.00
207.60	62.70
208.20	60.30
208.80	58.90
209.40	57.80
210.00	43.20
210.60	56.50
211.20	55.90
211.80	52.40
212.40	46.70
213.00	46.30
213.60	48.50
214.20	51.20
214.80	53.10
215.40	59.80
216.00	55.60
216.60	55.30
217.20	55.70
217.80	56.10
218.40	51.80
219.00	41.30
219.60	39.70
220.20	36.50
220.80	45.10
221.40	49.40
222.00	37.70
222.60	34.10
223.20	39.90
223.80	41.10
224.40	43.30
225.00	42.20
225.60	41.30
226.20	38.10
226.80	46.90
227.40	44.20
228.00	52.10
228.60	44.10
229.20	44.50
229.80	41.50
230.40	37.20
231.00	42.20
231.60	43.60
232.20	59.30
232.80	47.70
233.40	45.00
234.00	49.70
234.60	49.30
235.20	46.50
235.80	47.20
236.40	41.60
237.00	37.50
237.60	29.20
238.20	39.50
238.80	47.10
239.40	45.30
240.00	45.60
240.60	39.10
241.20	33.80
241.80	40.30
242.40	47.60
243.00	35.30
243.60	30.90
244.20	37.20
244.80	36.00
245.40	37.10
246.00	42.40
246.60	34.70
247.20	36.00
247.80	27.20
248.40	26.40
249.00	25.00
249.60	24.40
250.20	30.20
250.80	37.50
251.40	25.60
252.00	25.70
252.60	30.10
253.20	31.10
253.80	35.10
254.40	36.20
255.00	27.50
255.60	29.70
256.20	20.70
256.80	18.40
257.40	22.40
258.00	20.10
258.60	26.80
259.20	25.80
259.80	20.00
260.40	19.90
261.00	21.40
261.60	18.70
262.20	21.20
262.80	13.60
263.40	19.80
264.00	18.70
264.60	21.00
265.20	20.70
265.80	21.90
266.40	35.10
267.00	34.10
267.60	29.70
268.20	40.80
268.80	38.20
269.40	32.00
270.00	26.70
270.60	24.30
271.20	20.40
271.80	22.20
272.40	20.70
273.00	24.40
273.60	23.00
274.20	23.50
274.80	19.90
275.40	13.10
276.00	16.10
276.60	15.30
277.20	9.90
277.80	12.10
278.40	16.40
279.00	15.10
279.60	24.40
280.20	14.30
280.80	9.70
281.40	15.30
282.00	10.10
282.60	18.00
283.20	12.30
283.80	15.40
284.40	16.70
285.00	16.80
285.60	13.10
286.20	13.90
286.80	10.20
287.40	14.00
288.00	12.60
288.60	7.20
289.20	11.30
289.80	4.80
290.40	11.60
291.00	7.20
291.60	16.20
292.20	12.00
292.80	11.60
293.40	15.60
294.00	9.00
294.60	11.80
295.20	9.50
295.80	16.10
296.40	16.80
297.00	18.00
297.60	16.50
298.20	9.00
298.80	13.90
299.40	17.70
300.00	18.60
300.60	13.70
301.20	13.00
301.80	12.40
302.40	7.70
303.00	14.30
303.60	9.80
304.20	13.30
304.80	13.50
305.40	12.00
306.00	10.40
306.60	13.00
307.20	11.70
307.80	20.50
308.40	15.60
309.00	13.10
309.60	12.90
310.20	11.10
310.80	14.60
311.40	25.20
312.00	12.90
312.60	9.90
313.20	11.50
313.80	15.10
314.40	6.30
315.00	10.80
315.60	6.90
316.20	11.00
316.80	21.90
317.40	18.80
318.00	18.80
318.60	15.20
319.20	14.10
319.80	13.50
320.40	12.40
321.00	14.90
321.60	12.50
322.20	14.60
322.80	17.60
323.40	20.40
324.00	26.90
324.60	20.80
325.20	14.80
325.80	20.10
326.40	21.00
327.00	21.40
327.60	20.20
328.20	20.80
328.80	15.00
329.40	11.60
330.00	15.80
330.60	15.20
331.20	19.70
331.80	20.90
332.40	9.00
333.00	8.60
333.60	12.50
334.20	11.30
334.80	15.20
335.40	11.10
336.00	12.10
336.60	10.90
337.20	12.30
337.80	10.30
338.40	12.30
339.00	18.30
339.60	20.10
340.20	25.10
340.80	18.60
341.40	22.10
342.00	24.60
342.60	18.70
343.20	28.70
343.80	24.00
344.40	22.90
345.00	22.30
345.60	14.60
346.20	15.30
346.80	17.70
347.40	19.00
348.00	11.60
348.60	17.20
349.20	15.80
349.80	10.10
350.40	5.50
351.00	13.30
351.60	13.30
352.20	19.90
352.80	14.70
353.40	24.30
354.00	13.60
354.60	22.30
355.20	20.70
355.80	15.80
356.40	15.20
357.00	12.90
357.60	25.40
358.20	14.40
358.80	10.70
359.40	14.60
360.00	11.10
360.60	8.10
361.20	13.60
361.80	17.80
362.40	12.70
363.00	13.10
363.60	14.70
364.20	15.00
364.80	16.40
365.40	17.60
366.00	16.40
366.60	12.40
367.20	13.50
367.80	17.30
368.40	16.60
369.00	16.20
369.60	15.30
370.20	19.80
370.80	12.60
371.40	17.40
372.00	15.90
372.60	16.50
373.20	14.20
373.80	16.90
374.40	18.00
375.00	12.10
375.60	18.60
376.20	16.00
376.80	15.30
377.40	12.20
378.00	19.20
378.60	13.20
379.20	9.80
379.80	13.20
380.40	12.10
381.00	18.90
381.60	16.50
382.20	14.50
382.80	12.20
383.40	18.20
384.00	18.10
384.60	15.70
385.20	19.90
385.80	12.50
386.40	17.90
387.00	13.10
387.60	12.20
388.20	14.50
388.80	15.80
389.40	17.40
390.00	18.70
390.60	15.30
391.20	17.80
391.80	10.30
392.40	16.40
393.00	21.90
393.60	15.60
394.20	13.90
394.80	13.40
395.40	15.30
396.00	16.30
396.60	14.70
397.20	12.60
397.80	17.30
398.40	19.10
399.00	18.80
399.60	12.70
400.20	16.40
400.80	14.50
401.40	12.60
402.00	19.90
402.60	16.00
403.20	18.30
403.80	17.00
404.40	17.50
405.00	24.80
405.60	19.10
406.20	14.20
406.80	14.80
407.40	18.80
408.00	12.20
408.60	14.50
409.20	15.00
409.80	19.00
410.40	16.80
411.00	11.60
411.60	15.20
412.20	14.40
412.80	20.40
413.40	19.70
414.00	14.50
414.60	17.20
415.20	16.00
415.80	18.90
416.40	17.20
417.00	16.40
417.60	16.20
418.20	18.20
418.80	11.30
419.40	13.60
420.00	16.00
420.60	14.00
421.20	10.30
421.80	18.50
422.40	16.00
423.00	12.20
423.60	14.40
424.20	13.20
424.80	14.90
425.40	18.20
426.00	12.90
426.60	17.30
427.20	15.30
427.80	17.10
428.40	16.60
429.00	17.20
429.60	15.10
430.20	13.50
430.80	20.70
431.40	14.50
432.00	13.90
432.60	15.10
433.20	16.20
433.80	13.00
434.40	15.80
435.00	19.60
435.60	12.60
436.20	14.20
436.80	15.50
437.40	18.00
438.00	16.40
438.60	15.50
439.20	16.20
439.80	10.90
440.40	18.50
441.00	15.30
441.60	14.10
442.20	11.70
442.80	15.80
443.40	21.80
444.00	20.40
444.60	19.40
445.20	17.00
445.80	12.50
446.40	13.80
447.00	18.10
447.60	9.50
448.20	12.60
448.80	18.40
449.40	19.60
450.00	18.30
450.60	17.70
451.20	17.90
451.80	24.50
452.40	14.10
453.00	13.30
453.60	23.40
454.20	15.80
454.80	15.20
455.40	18.40
456.00	18.80
456.60	18.00
457.20	18.50
457.80	14.90
458.40	14.70
459.00	14.90
459.60	16.10
460.20	14.10
460.80	18.40
461.40	14.60
462.00	18.70
462.60	17.40
463.20	14.40
463.80	14.00
464.40	16.80
465.00	13.20
465.60	23.10
466.20	20.20
466.80	19.50
467.40	15.20
468.00	16.20
468.60	22.20
469.20	17.80
469.80	15.30
470.40	21.00
471.00	14.60
471.60	17.70
472.20	18.80
472.80	14.90
473.40	9.70
474.00	15.40
474.60	16.60
475.20	14.00
475.80	14.80
476.40	17.30
477.00	19.10
477.60	17.40
478.20	18.50
478.80	17.30
479.40	18.50
480.00	17.50
480.60	12.60
481.20	16.40
481.80	13.10
482.40	18.80
483.00	12.00
483.60	10.00
484.20	13.50
484.80	21.30
485.40	20.70
486.00	13.00
486.60	17.50
487.20	18.30
487.80	15.40
488.40	14.70
489.00	15.90
489.60	17.10
490.20	19.40
490.80	12.20
491.40	16.90
492.00	18.80
492.60	12.90
493.20	18.80
493.80	17.50
494.40	15.20
495.00	17.30
495.60	13.40
496.20	17.00
496.80	21.70
497.40	13.10
498.00	15.30
498.60	16.60
499.20	18.00
499.80	16.90
500.40	13.20
501.00	19.80
501.60	17.60
502.20	14.90
502.80	16.40
503.40	12.40
504.00	17.80
504.60	15.70
505.20	16.80
505.80	17.80
506.40	14.90
507.00	10.80
507.60	15.60
508.20	15.30
508.80	13.80
509.40	13.60
510.00	21.00
510.60	17.30
511.20	15.30
511.80	17.00
512.40	17.10
513.00	16.00
513.60	12.90
514.20	15.60
514.80	24.90
515.40	29.30
516.00	13.20
516.60	16.60
517.20	16.90
517.80	17.50
518.40	15.10
519.00	15.80
519.60	14.10
520.20	12.90
520.80	15.80
521.40	13.80
522.00	18.90
522.60	13.00
523.20	13.70
523.80	16.00
524.40	15.60
525.00	17.10
525.60	15.00
526.20	21.50
526.80	13.70
527.40	13.40
528.00	13.30
528.60	17.50
529.20	17.50
529.80	23.00
530.40	15.70
531.00	18.30
531.60	22.90
532.20	18.60
532.80	16.30
533.40	11.90
534.00	16.80
534.60	19.80
535.20	15.00
535.80	15.00
536.40	20.80
537.00	15.50
537.60	17.20
538.20	20.50
538.80	18.80
539.40	15.50
540.00	16.30
540.60	9.80
541.20	8.20
541.80	15.70
542.40	16.40
543.00	18.50
543.60	19.30
544.20	19.60
544.80	14.30
545.40	17.80
546.00	14.60
546.60	12.40
547.20	16.60
547.80	17.10
548.40	17.50
549.00	12.60
549.60	15.80
550.20	17.50
550.80	14.80
551.40	14.40
552.00	14.00
552.60	16.90
553.20	14.60
553.80	15.60
554.40	16.80
555.00	17.00
555.60	16.00
556.20	13.90
556.80	18.40
557.40	15.70
558.00	20.20
558.60	17.90
559.20	15.90
559.80	13.40
560.40	11.80
561.00	13.10
561.60	16.30
562.20	16.20
562.80	11.90
563.40	16.80
564.00	18.10
564.60	19.10
565.20	15.30
565.80	14.70
566.40	19.90
567.00	19.40
567.60	15.90
568.20	18.00
568.80	14.80
569.40	17.80
570.00	8.60
570.60	14.40
571.20	15.60
571.80	15.30
572.40	18.40
573.00	13.80
573.60	17.60
574.20	10.90
574.80	12.50
575.40	16.60
576.00	17.00
576.60	15.80
577.20	19.80
577.80	15.10
578.40	17.10
579.00	13.20
579.60	15.10
580.20	11.30
580.80	15.20
581.40	12.20
582.00	14.40
582.60	20.40
583.20	18.90
583.80	17.80
584.40	16.80
585.00	19.60
585.60	16.20
586.20	19.30
586.80	16.20
587.40	16.70
588.00	20.20
588.60	17.30
589.20	17.90
589.80	16.60
590.40	17.80
591.00	18.90
591.60	13.70
592.20	14.40
592.80	15.90
593.40	14.50
594.00	17.60
594.60	12.10
595.20	16.70
595.80	16.90
596.40	20.20
597.00	13.90
597.60	16.60
598.20	12.80
598.80	14.70
599.40	18.40
600.00	13.50
600.60	13.30
601.20	14.90
601.80	10.20
602.40	21.40
603.00	14.90
603.60	15.30
604.20	15.60
604.80	15.00
605.40	10.80
606.00	15.60
606.60	14.00
607.20	24.50
607.80	20.40
608.40	16.20
609.00	18.00
609.60	15.30
610.20	12.80
610.80	11.60
611.40	10.60
612.00	16.40
612.60	19.60
613.20	10.60
613.80	19.40
614.40	11.70
615.00	15.80
615.60	14.40
616.20	6.20
616.80	4.70
617.40	13.70
618.00	15.80
618.60	16.00
619.20	15.70
619.80	10.00
620.40	10.60
621.00	15.80
621.60	14.60
622.20	13.50
622.80	13.60
623.40	28.30
624.00	23.30
624.60	16.60
625.20	20.30
625.80	13.50
626.40	12.70
627.00	18.80
627.60	14.70
628.20	15.60
628.80	11.10
629.40	19.20
630.00	14.10
630.60	13.80
631.20	16.80
631.80	18.80
632.40	17.80
633.00	17.60
633.60	25.00
634.20	12.40
634.80	16.70
635.40	16.20
636.00	16.20
636.60	15.20
637.20	13.70
637.80	15.10
638.40	18.00
639.00	14.80
639.60	16.80
640.20	18.20
640.80	15.90
641.40	18.40
642.00	11.60
642.60	18.00
643.20	18.40
643.80	15.00
644.40	15.20
645.00	12.20
645.60	14.50
646.20	15.70
646.80	15.50
647.40	17.70
648.00	11.80
648.60	15.60
649.20	17.20
649.80	16.30
650.40	15.90
651.00	14.10
651.60	15.80
652.20	15.10
652.80	13.90
653.40	19.30
654.00	18.40
654.60	10.40
655.20	15.60
655.80	18.90
656.40	12.80
657.00	14.70
657.60	17.60
658.20	16.00
658.80	16.40
659.40	19.70
660.00	22.10
660.60	14.60
661.20	18.90
661.80	13.90
662.40	19.70
663.00	30.10
663.60	25.20
664.20	18.10
664.80	20.10
665.40	17.80
666.00	17.60
666.60	20.70
667.20	14.90
667.80	13.70
668.40	13.50
669.00	21.40
669.60	17.90
670.20	16.60
670.80	15.70
671.40	20.70
672.00	15.50
672.60	15.20
673.20	11.80
673.80	12.10
674.40	18.00
675.00	21.10
675.60	16.50
676.20	15.20
676.80	14.90
677.40	13.50
678.00	19.00
678.60	21.60
679.20	16.60
679.80	14.40
680.40	16.10
681.00	6.30
681.60	13.40
682.20	13.30
682.80	17.80
683.40	11.60
684.00	9.60
684.60	18.40
685.20	13.30
685.80	10.40
686.40	11.70
687.00	13.20
687.60	12.90
688.20	8.20
688.80	9.80
689.40	15.20
690.00	11.10
690.60	18.60
691.20	16.60
691.80	12.90
692.40	15.30
693.00	12.70
693.60	14.80
694.20	18.90
694.80	14.20
695.40	10.50
696.00	14.90
696.60	11.10
697.20	11.10
697.80	12.80
698.40	18.80
699.00	18.30
699.60	14.80
700.20	17.30
700.80	16.70
701.40	17.10
702.00	17.40
702.60	12.70
703.20	17.40
703.80	16.60
704.40	18.90
705.00	14.80
705.60	17.40
706.20	14.10
706.80	17.30
707.40	14.30
708.00	12.80
708.60	17.80
709.20	16.90
709.80	13.40
710.40	16.10
711.00	16.10
711.60	16.10
712.20	15.40
712.80	16.50
713.40	17.70
714.00	18.00
714.60	16.00
715.20	18.30
715.80	16.00
716.40	20.30
717.00	24.40
717.60	8.00
718.20	10.40
718.80	12.10
719.40	19.40
720.00	17.90
720.60	15.90
721.20	14.40
721.80	14.00
722.40	18.90
723.00	16.10
723.60	17.70
724.20	17.70
724.80	15.70
725.40	14.80
726.00	22.10
726.60	17.00
727.20	19.20
727.80	19.80
728.40	15.80
729.00	23.90
729.60	15.80
730.20	20.50
730.80	16.40
731.40	16.40
732.00	17.50
732.60	21.40
733.20	26.40
733.80	14.60
734.40	13.10
735.00	16.70
735.60	9.30
736.20	14.40
736.80	18.60
737.40	9.60
738.00	12.80
738.60	12.90
739.20	18.40
739.80	15.70
740.40	9.90
741.00	3.70
741.60	10.40
742.20	7.10
742.80	13.00
743.40	11.80
744.00	15.00
744.60	15.40
745.20	16.30
745.80	14.20
746.40	15.30
747.00	12.20
747.60	15.20
748.20	19.10
748.80	11.50
749.40	17.70
750.00	18.70
750.60	18.70
751.20	12.30
751.80	25.60
752.40	16.40
753.00	19.90
753.60	18.80
754.20	11.60
754.80	1.90
755.40	15.60
756.00	14.80
756.60	16.60
757.20	19.10
757.80	10.60
758.40	13.20
759.00	14.00
759.60	12.10
760.20	14.00
760.80	18.60
761.40	17.50
762.00	16.50
762.60	14.60
763.20	18.00
763.80	19.00
764.40	18.50
765.00	24.20
765.60	21.50
766.20	34.60
766.80	29.10
767.40	28.50
768.00	27.70
768.60	33.60
769.20	32.90
769.80	31.10
770.40	34.10
771.00	35.70
771.60	37.80
772.20	27.00
772.80	27.80
773.40	27.10
774.00	19.30
774.60	29.20
775.20	28.60
775.80	22.40
776.40	22.90
777.00	24.50
777.60	30.20
778.20	22.30
778.80	33.00
779.40	24.00
780.00	28.00
780.60	25.20
781.20	31.00
781.80	31.90
782.40	18.50
783.00	23.00
783.60	25.50
784.20	16.70
784.80	15.70
785.40	16.60
786.00	7.60
786.60	12.10
787.20	12.60
787.80	18.10
788.40	18.70
789.00	23.10
789.60	20.20
790.20	16.00
790.80	22.20
791.40	12.80
792.00	22.10
792.60	23.10
793.20	14.70
793.80	22.70
794.40	14.30
795.00	15.70
795.60	10.30
796.20	15.40
796.80	13.40
797.40	12.30
798.00	11.50
798.60	13.60
799.20	21.80
799.80	14.70
800.40	22.00
801.00	19.60
801.60	15.40
802.20	14.30
802.80	10.90
803.40	14.20
804.00	14.00
804.60	11.30
805.20	19.70
805.80	11.60
806.40	14.50
807.00	15.80
807.60	9.40
808.20	9.70
808.80	17.80
809.40	13.10
810.00	18.40
810.60	17.40
811.20	13.80
811.80	13.70
812.40	16.40
813.00	12.90
813.60	13.80
814.20	16.60
814.80	12.20
815.40	15.60
816.00	14.80
816.60	18.60
817.20	12.20
817.80	21.00
818.40	14.10
819.00	15.00
819.60	14.60
820.20	18.60
820.80	17.00
821.40	12.50
822.00	16.60
822.60	14.30
823.20	17.20
823.80	17.30
824.40	13.50
825.00	17.80
825.60	12.80
826.20	17.90
826.80	16.50
827.40	18.00
828.00	15.00
828.60	13.70
829.20	9.80
829.80	15.50
830.40	17.40
831.00	17.20
831.60	16.80
832.20	13.50
832.80	10.80
833.40	14.20
834.00	15.00
834.60	16.10
835.20	11.70
835.80	13.30
836.40	13.60
837.00	15.60
837.60	12.40
838.20	16.70
838.80	18.50
839.40	18.70
840.00	18.80
840.60	20.20
841.20	15.40
841.80	12.50
842.40	15.30
843.00	12.40
843.60	20.60
844.20	20.10
844.80	14.10
845.40	17.60
846.00	12.60
846.60	24.10
847.20	12.20
847.80	14.80
848.40	21.20
849.00	17.80
849.60	20.10
850.20	15.40
850.80	16.60
851.40	15.70
852.00	8.90
852.60	12.60
853.20	14.10
853.80	13.30
854.40	16.20
855.00	16.40
855.60	19.30
856.20	15.50
856.80	18.50
857.40	19.60
858.00	15.90
858.60	17.50
859.20	14.90
859.80	19.40
860.40	13.90
861.00	18.10
861.60	14.90
862.20	18.80
862.80	14.80
863.40	23.20
864.00	19.20
864.60	17.50
865.20	15.40
865.80	14.50
866.40	15.70
867.00	15.40
867.60	15.50
868.20	13.80
868.80	19.20
869.40	18.70
870.00	15.00
870.60	17.90
871.20	17.70
871.80	16.70
872.40	13.60
873.00	20.60
873.60	16.90
874.20	12.80
874.80	15.20
875.40	17.60
876.00	15.30
876.60	19.20
877.20	15.20
877.80	13.30
878.40	15.50
879.00	19.70
879.60	15.80
880.20	22.60
880.80	16.40
881.40	16.90
882.00	14.50
882.60	14.20
883.20	15.90
883.80	21.50
884.40	13.90
885.00	14.80
885.60	13.00
886.20	13.40
886.80	14.00
887.40	17.50
888.00	12.60
888.60	18.20
889.20	18.90
889.80	14.90
890.40	15.10
891.00	17.40
891.60	13.40
892.20	13.30
892.80	15.90
893.40	22.80
894.00	19.40
894.60	19.60
895.20	17.50
895.80	14.30
896.40	17.10
897.00	15.70
897.60	16.70
898.20	15.30
898.80	17.60
899.40	19.60
900.00	17.00
900.60	18.40
901.20	13.60
901.80	11.80
902.40	16.30
903.00	19.90
903.60	14.10
904.20	13.30
904.80	15.20
905.40	13.20
906.00	19.00
906.60	17.40
907.20	15.90
907.80	17.80
908.40	22.10
909.00	12.70
909.60	19.70
910.20	15.50
910.80	12.40
911.40	16.70
912.00	19.10
912.60	17.30
913.20	11.50
913.80	12.40
914.40	20.10
915.00	11.40
915.60	20.10
916.20	22.30
916.80	14.40
917.40	16.40
918.00	19.50
918.60	17.60
919.20	17.60
919.80	12.40
920.40	19.60
921.00	22.10
921.60	23.40
922.20	18.80
922.80	18.10
923.40	15.00
924.00	15.00
924.60	13.30
925.20	15.00
925.80	14.90
926.40	14.50
927.00	12.60
927.60	9.50
928.20	20.60
928.80	13.20
929.40	12.40
930.00	16.50
930.60	12.70
931.20	16.30
931.80	14.60
932.40	12.70
933.00	11.30
933.60	17.60
934.20	20.70
934.80	15.30
935.40	10.70
936.00	17.70
936.60	14.00
937.20	9.70
937.80	21.60
938.40	21.80
939.00	7.60
939.60	12.70
940.20	18.50
940.80	16.70
941.40	8.10
942.00	13.90
942.60	22.40
943.20	13.80
943.80	16.90
944.40	12.00
945.00	10.90
945.60	12.20
946.20	9.00
946.80	14.50
947.40	8.90
948.00	9.90
948.60	11.00
949.20	12.40
949.80	13.30
950.40	10.90
951.00	16.50
951.60	14.70
952.20	14.70
952.80	16.30
953.40	22.20
954.00	20.70
954.60	17.00
955.20	17.80
955.80	18.30
956.40	8.30
957.00	7.70
957.60	13.50
958.20	11.10
958.80	10.10
959.40	16.90
960.00	7.60
960.60	11.80
961.20	10.40
961.80	13.60
962.40	13.50
963.00	14.20
963.60	9.70
964.20	13.60
964.80	15.30
965.40	13.30
966.00	13.90
966.60	12.20
967.20	16.80
967.80	12.90
968.40	15.80
969.00	13.30
969.60	16.60
970.20	15.80
970.80	17.40
971.40	14.50
972.00	13.80
972.60	14.50
973.20	15.70
973.80	19.10
974.40	16.30
975.00	21.20
975.60	14.00
976.20	17.30
976.80	15.10
977.40	20.60
978.00	17.30
978.60	16.50
979.20	13.60
979.80	9.00
980.40	10.70
981.00	10.80
981.60	11.50
982.20	10.40
982.80	10.80
983.40	16.90
984.00	12.20
984.60	18.80
985.20	18.50
985.80	13.10
986.40	14.00
987.00	13.80
987.60	15.10
988.20	12.30
988.80	14.40
989.40	10.60
990.00	13.00
990.60	18.20
991.20	14.90
991.80	14.60
992.40	15.40
993.00	17.10
993.60	14.30
994.20	14.60
994.80	20.20
995.40	20.70
996.00	14.70
996.60	16.90
997.20	16.20
997.80	18.30
998.40	17.90
999.00	15.30
999.60	15.60
1000.20	14.90
1000.80	15.50
1001.40	19.00
1002.00	13.90
1002.60	6.00
1003.20	17.90
1003.80	13.90
1004.40	18.50
1005.00	8.20
1005.60	17.80
1006.20	13.00
1006.80	15.50
1007.40	16.60
1008.00	15.00
1008.60	21.30
1009.20	16.90
1009.80	12.40
1010.40	17.60
1011.00	18.70
1011.60	17.90
1012.20	14.70
1012.80	13.20
1013.40	17.80
1014.00	14.30
1014.60	21.10
1015.20	20.10
1015.80	10.20
1016.40	14.10
1017.00	14.60
1017.60	15.70
1018.20	14.50
1018.80	7.10
1019.40	16.70
1020.00	10.20
1020.60	18.00
1021.20	22.10
1021.80	20.60
1022.40	10.10
1023.00	13.00
1023.60	5.90
1024.20	15.80
1024.80	16.40
1025.40	13.70
1026.00	14.70
1026.60	15.60
1027.20	12.90
1027.80	19.50
1028.40	21.20
1029.00	10.20
1029.60	13.90
1030.20	11.40
1030.80	14.40
1031.40	16.80
1032.00	17.80
1032.60	17.00
1033.20	14.30
1033.80	16.20
1034.40	15.40
1035.00	16.10
1035.60	17.80
1036.20	21.60
1036.80	17.40
1037.40	17.50
1038.00	15.50
1038.60	15.30
1039.20	17.20
1039.80	14.40
1040.40	11.50
1041.00	16.50
1041.60	13.90
1042.20	16.30
1042.80	14.40
1043.40	15.10
1044.00	16.40
1044.60	12.40
1045.20	11.80
1045.80	16.20
1046.40	15.30
1047.00	9.30
1047.60	14.10
1048.20	15.80
1048.80	15.20
1049.40	16.20
1050.00	12.00
1050.60	11.20
1051.20	15.00
1051.80	17.50
1052.40	15.20
1053.00	9.00
1053.60	22.70
1054.20	15.10
1054.80	9.90
1055.40	13.00
1056.00	11.70
1056.60	8.40
1057.20	12.40
1057.80	12.40
1058.40	16.00
1059.00	8.10
1059.60	8.90
1060.20	18.40
1060.80	22.40
1061.40	9.60
1062.00	11.40
1062.60	13.90
1063.20	12.70
1063.80	11.40
1064.40	15.00
1065.00	7.60
1065.60	20.30
1066.20	17.10
1066.80	14.40
1067.40	17.20
1068.00	15.70
1068.60	22.70
1069.20	12.20
1069.80	15.50
1070.40	11.20
1071.00	14.40
1071.60	16.70
1072.20	15.40
1072.80	11.40
1073.40	12.40
1074.00	13.30
1074.60	20.50
1075.20	12.60
1075.80	15.60
1076.40	15.40
1077.00	16.70
1077.60	18.40
1078.20	20.40
1078.80	13.80
1079.40	18.80
1080.00	13.20
1080.60	11.70
1081.20	10.20
1081.80	13.20
1082.40	17.20
1083.00	17.60
1083.60	13.50
1084.20	11.00
1084.80	14.90
1085.40	13.30
1086.00	9.70
1086.60	12.10
1087.20	11.60
1087.80	24.40
1088.40	22.90
1089.00	15.70
1089.60	8.90
1090.20	21.50
1090.80	11.70
1091.40	8.60
1092.00	10.20
1092.60	14.10
1093.20	11.20
1093.80	18.90
1094.40	19.20
1095.00	12.90
1095.60	16.40
1096.20	13.50
1096.80	14.30
1097.40	16.90
1098.00	13.90
1098.60	8.90
1099.20	12.00
1099.80	13.80
1100.40	16.00
1101.00	15.60
1101.60	14.60
1102.20	14.40
1102.80	10.50
1103.40	13.80
1104.00	13.90
1104.60	19.20
1105.20	16.40
1105.80	13.50
1106.40	15.10
1107.00	17.60
1107.60	10.90
1108.20	17.80
1108.80	27.80
1109.40	14.70
1110.00	15.40
1110.60	11.50
1111.20	17.60
1111.80	14.00
1112.40	17.90
1113.00	14.30
1113.60	13.90
1114.20	15.90
1114.80	10.60
1115.40	10.70
1116.00	19.60
1116.60	16.90
1117.20	13.60
1117.80	15.20
1118.40	15.00
1119.00	17.20
1119.60	15.20
1120.20	14.80
1120.80	15.50
1121.40	13.30
1122.00	19.20
1122.60	12.20
1123.20	16.70
1123.80	13.50
1124.40	14.70
1125.00	19.10
1125.60	11.90
1126.20	14.80
1126.80	19.00
1127.40	17.20
1128.00	18.90
1128.60	10.90
1129.20	16.20
1129.80	18.40
1130.40	13.30
1131.00	14.50
1131.60	15.60
1132.20	16.50
1132.80	12.10
1133.40	14.20
1134.00	14.50
1134.60	11.90
1135.20	17.40
1135.80	15.20
1136.40	17.60
1137.00	13.30
1137.60	14.20
1138.20	4.20
1138.80	15.10
1139.40	15.60
1140.00	12.90
1140.60	18.70
1141.20	12.80
1141.80	12.20
1142.40	12.60
1143.00	15.30
1143.60	18.00
1144.20	15.60
1144.80	17.20
1145.40	8.70
1146.00	17.40
1146.60	20.80
1147.20	12.10
1147.80	19.30
1148.40	14.90
1149.00	12.20
1149.60	22.90
1150.20	12.50
1150.80	15.40
1151.40	15.70
1152.00	17.10
1152.60	15.90
1153.20	13.40
1153.80	19.40
1154.40	13.60
1155.00	13.50
1155.60	10.80
1156.20	13.60
1156.80	8.90
1157.40	17.20
1158.00	11.50
1158.60	15.20
1159.20	14.10
1159.80	17.90
1160.40	14.40
1161.00	10.50
1161.60	16.40
1162.20	19.30
1162.80	14.90
1163.40	14.80
1164.00	15.30
1164.60	14.80
1165.20	15.60
1165.80	18.90
1166.40	14.50
1167.00	15.90
1167.60	12.30
1168.20	12.70
1168.80	11.20
1169.40	11.80
1170.00	16.30
1170.60	13.40
1171.20	16.90
1171.80	12.00
1172.40	15.00
1173.00	16.00
1173.60	16.20
1174.20	13.80
1174.80	12.80
1175.40	13.70
1176.00	13.90
1176.60	14.70
1177.20	12.00
1177.80	11.00
1178.40	10.80
1179.00	16.60
1179.60	16.80
1180.20	16.50
1180.80	16.40
1181.40	17.10
1182.00	18.70
1182.60	16.20
1183.20	16.00
1183.80	13.10
1184.40	9.00
1185.00	9.10
1185.60	9.00
1186.20	9.80
1186.80	7.00
1187.40	12.10
1188.00	15.20
1188.60	14.10
1189.20	16.90
1189.80	15.40
1190.40	17.90
1191.00	13.70
1191.60	13.60
1192.20	12.50
1192.80	12.70
1193.40	12.20
1194.00	13.30
1194.60	14.10
1195.20	13.30
1195.80	19.30
1196.40	13.40
1197.00	13.10
1197.60	15.50
1198.20	17.80
1198.80	14.80
1199.40	15.50
1200.00	12.70
1200.60	13.10
1201.20	12.20
1201.80	18.60
1202.40	11.40
1203.00	17.10
1203.60	17.30
1204.20	16.40
1204.80	16.90
1205.40	15.70
1206.00	15.30
1206.60	17.20
1207.20	16.20
1207.80	14.70
1208.40	18.70
1209.00	15.20
1209.60	18.60
1210.20	18.10
1210.80	17.20
1211.40	14.60
1212.00	14.10
1212.60	15.20
1213.20	15.90
1213.80	19.10
1214.40	16.00
1215.00	19.40
1215.60	13.20
1216.20	16.50
1216.80	17.40
1217.40	16.60
1218.00	15.00
1218.60	17.70
1219.20	14.90
1219.80	15.90
1220.40	14.60
1221.00	18.20
1221.60	16.20
1222.20	20.00
1222.80	13.80
1223.40	16.50
1224.00	17.80
1224.60	18.70
1225.20	16.50
1225.80	21.80
1226.40	16.80
1227.00	16.40
1227.60	18.70
1228.20	15.60
1228.80	18.30
1229.40	15.90
1230.00	16.60
1230.60	17.20
1231.20	17.90
1231.80	15.00
1232.40	19.00
1233.00	16.30
1233.60	15.10
1234.20	14.20
1234.80	14.60
1235.40	12.50
1236.00	14.90
1236.60	20.00
1237.20	15.50
1237.80	18.60
1238.40	13.20
1239.00	13.00
1239.60	15.00
1240.20	17.60
1240.80	12.30
1241.40	12.50
1242.00	17.60
1242.60	14.00
1243.20	15.10
1243.80	20.40
1244.40	15.70
1245.00	18.20
1245.60	15.40
1246.20	12.30
1246.80	17.20
1247.40	14.00
1248.00	13.90
1248.60	11.70
1249.20	10.10
1249.80	16.80
1250.40	13.00
1251.00	13.70
1251.60	16.30
1252.20	16.60
1252.80	19.00
1253.40	12.40
1254.00	20.30
1254.60	16.80
1255.20	17.70
1255.80	9.90
1256.40	10.30
1257.00	14.80
1257.60	16.60
1258.20	16.60
1258.80	15.40
1259.40	13.50
1260.00	14.20
1260.60	13.90
1261.20	18.70
1261.80	11.60
1262.40	13.40
1263.00	14.60
1263.60	21.10
1264.20	14.30
1264.80	10.90
1265.40	15.50
1266.00	13.80
1266.60	15.90
1267.20	14.10
1267.80	12.90
1268.40	15.40
1269.00	15.60
1269.60	12.60
1270.20	11.60
1270.80	11.20
1271.40	14.70
1272.00	11.30
1272.60	13.30
1273.20	17.60
1273.80	9.70
1274.40	12.20
1275.00	18.70
1275.60	13.60
1276.20	16.10
1276.80	13.20
1277.40	14.60
1278.00	12.80
1278.60	13.10
1279.20	13.80
1279.80	12.40
1280.40	15.90
1281.00	13.90
1281.60	9.60
1282.20	15.10
1282.80	18.50
1283.40	15.70
1284.00	16.60
1284.60	21.00
1285.20	16.80
1285.80	12.80
1286.40	9.60
1287.00	16.60
1287.60	16.60
1288.20	9.70
1288.80	12.20
1289.40	14.60
1290.00	13.90
1290.60	13.50
1291.20	15.90
1291.80	11.10
1292.40	18.50
1293.00	14.20
1293.60	19.50
1294.20	20.00
1294.80	17.40
1295.40	18.20
1296.00	13.00
1296.60	9.80
1297.20	15.10
1297.80	8.30
1298.40	16.10
1299.00	11.30
1299.60	16.70
1300.20	13.90
1300.80	11.90
1301.40	11.00
1302.00	15.00
1302.60	9.40
1303.20	12.40
1303.80	20.50
1304.40	17.90
1305.00	16.70
1305.60	15.80
1306.20	15.60
1306.80	15.60
1307.40	11.00
1308.00	15.60
1308.60	16.40
1309.20	10.60
1309.80	17.50
1310.40	16.50
1311.00	12.90
1311.60	16.30
1312.20	19.40
1312.80	16.30
1313.40	19.40
1314.00	19.30
1314.60	15.50
1315.20	14.30
1315.80	15.30
1316.40	12.40
1317.00	13.60
1317.60	9.10
1318.20	15.60
1318.80	16.80
1319.40	14.50
1320.00	19.60
1320.60	18.30
1321.20	20.60
1321.80	9.50
1322.40	15.10
1323.00	15.60
1323.60	10.30
1324.20	15.90
1324.80	17.30
1325.40	14.80
1326.00	21.30
1326.60	13.50
1327.20	15.50
1327.80	13.30
1328.40	11.80
1329.00	13.80
1329.60	11.60
1330.20	16.00
1330.80	21.00
1331.40	16.20
1332.00	13.30
1332.60	16.70
1333.20	15.10
1333.80	16.50
1334.40	15.90
1335.00	17.80
1335.60	15.50
1336.20	16.10
1336.80	12.30
1337.40	10.30
1338.00	14.40
1338.60	14.00
1339.20	15.80
1339.80	11.60
1340.40	12.70
1341.00	7.10
1341.60	10.40
1342.20	20.90
1342.80	23.30
1343.40	10.40
1344.00	15.40
1344.60	19.50
1345.20	19.90
1345.80	16.30
1346.40	16.50
1347.00	9.50
1347.60	13.60
1348.20	14.70
1348.80	15.40
1349.40	12.20
1350.00	17.90
1350.60	17.60
1351.20	13.30
1351.80	14.70
1352.40	13.60
1353.00	15.30
1353.60	16.10
1354.20	18.20
1354.80	12.80
1355.40	15.20
1356.00	18.30
1356.60	20.40
1357.20	17.50
1357.80	16.90
1358.40	14.70
1359.00	16.00
1359.60	20.80
1360.20	15.50
1360.80	21.00
1361.40	17.90
1362.00	14.60
1362.60	17.20
1363.20	15.20
1363.80	20.00
1364.40	15.70
1365.00	14.50
1365.60	19.00
1366.20	13.80
1366.80	12.20
1367.40	18.50
1368.00	14.10
1368.60	19.20
1369.20	14.50
1369.80	18.00
1370.40	14.40
1371.00	13.60
1371.60	18.20
1372.20	12.30
1372.80	16.70
1373.40	16.50
1374.00	18.70
1374.60	18.90
1375.20	17.40
1375.80	21.90
1376.40	16.80
1377.00	20.40
1377.60	12.30
1378.20	14.00
1378.80	13.90
1379.40	14.50
1380.00	14.00
1380.60	16.20
1381.20	14.80
1381.80	9.50
1382.40	23.00
1383.00	15.50
1383.60	16.40
1384.20	16.20
1384.80	14.30
1385.40	14.50
1386.00	16.40
1386.60	12.20
1387.20	18.20
1387.80	16.90
1388.40	16.50
1389.00	13.10
1389.60	13.20
1390.20	22.30
1390.80	15.60
1391.40	17.10
1392.00	18.60
1392.60	10.10
1393.20	14.60
1393.80	17.50
1394.40	16.10
1395.00	19.10
1395.60	20.60
1396.20	14.40
1396.80	15.40
1397.40	17.30
1398.00	20.20
1398.60	15.50
1399.20	13.20
1399.80	18.00
1400.40	18.60
1401.00	15.60
1401.60	18.40
1402.20	13.50
1402.80	17.60
1403.40	18.00
1404.00	16.00
1404.60	15.80
1405.20	14.30
1405.80	21.00
1406.40	16.10
1407.00	20.10
1407.60	11.10
1408.20	16.70
1408.80	12.20
1409.40	15.00
1410.00	16.70
1410.60	14.70
1411.20	14.30
1411.80	7.40
1412.40	16.90
1413.00	14.80
1413.60	14.30
1414.20	11.20
1414.80	12.40
1415.40	16.20
1416.00	19.90
1416.60	16.70
1417.20	16.30
1417.80	8.70
1418.40	18.00
1419.00	17.10
1419.60	17.30
1420.20	24.60
1420.80	18.20
1421.40	16.00
1422.00	15.80
1422.60	14.90
1423.20	20.00
1423.80	23.30
1424.40	12.50
1425.00	14.70
1425.60	12.30
1426.20	13.60
1426.80	16.00
1427.40	13.80
1428.00	16.00
1428.60	12.30
1429.20	15.30
1429.80	18.40
1430.40	16.10
1431.00	19.10
1431.60	15.10
1432.20	13.10
1432.80	20.10
1433.40	15.50
1434.00	17.40
1434.60	11.00
1435.20	16.10
1435.80	14.80
1436.40	17.90
1437.00	12.10
1437.60	11.20
1438.20	17.30
1438.80	15.00
1439.40	18.60
1440.00	12.50
1440.60	16.60
1441.20	15.90
1441.80	15.30
1442.40	15.30
1443.00	13.70
1443.60	13.10
1444.20	15.40
1444.80	15.60
1445.40	16.70
1446.00	17.00
1446.60	17.40
1447.20	18.70
1447.80	13.90
1448.40	18.30
1449.00	18.80
1449.60	12.00
1450.20	19.40
1450.80	9.90
1451.40	11.30
1452.00	19.50
1452.60	18.20
1453.20	18.80
1453.80	14.20
1454.40	14.50
1455.00	14.80
1455.60	18.00
1456.20	20.10
1456.80	16.90
1457.40	16.60
1458.00	12.20
1458.60	17.60
1459.20	17.50
1459.80	12.00
1460.40	12.90
1461.00	10.30
1461.60	13.40
1462.20	12.40
1462.80	9.40
1463.40	15.40
1464.00	14.90
1464.60	13.90
1465.20	15.10
1465.80	12.50
1466.40	19.00
1467.00	20.20
1467.60	13.90
1468.20	16.70
1468.80	16.30
1469.40	16.10
1470.00	14.50
1470.60	18.40
1471.20	14.10
1471.80	16.30
1472.40	15.90
1473.00	16.20
1473.60	13.30
1474.20	15.10
1474.80	14.80
1475.40	13.50
1476.00	17.10
1476.60	15.70
1477.20	18.70
1477.80	14.60
1478.40	17.40
1479.00	19.70
1479.60	14.80
1480.20	19.50
1480.80	20.70
1481.40	13.00
1482.00	17.10
1482.60	15.90
1483.20	14.40
1483.80	11.10
1484.40	16.50
1485.00	16.30
1485.60	14.50
1486.20	14.00
1486.80	18.80
1487.40	16.00
1488.00	17.30
1488.60	19.10
1489.20	20.10
1489.80	20.00
1490.40	14.00
1491.00	15.50
1491.60	11.30
1492.20	17.80
1492.80	19.70
1493.40	24.40
1494.00	15.00
1494.60	13.70
1495.20	21.90
1495.80	13.20
1496.40	17.10
1497.00	20.60
1497.60	16.00
1498.20	19.90
1498.80	11.80
1499.40	11.40
1500.00	14.60
1500.60	14.00
1501.20	15.30
