#time	SIM_5_10/
0.60	155.90
1.20	156.00
1.80	154.30
2.40	151.80
3.00	143.80
3.60	150.70
4.20	147.70
4.80	136.40
5.40	126.60
6.00	135.80
6.60	119.50
7.20	138.80
7.80	145.30
8.40	135.00
9.00	142.00
9.60	139.20
10.20	136.90
10.80	133.80
11.40	139.80
12.00	150.30
12.60	170.60
13.20	155.90
13.80	146.30
14.40	153.80
15.00	155.00
15.60	153.10
16.20	149.50
16.80	163.70
17.40	154.70
18.00	148.90
18.60	146.00
19.20	153.30
19.80	144.60
20.40	145.80
21.00	133.80
21.60	146.50
22.20	155.80
22.80	137.60
23.40	128.90
24.00	112.70
24.60	105.50
25.20	96.60
25.80	106.40
26.40	106.50
27.00	112.30
27.60	108.60
28.20	109.90
28.80	111.20
29.40	118.60
30.00	122.80
30.60	111.00
31.20	113.90
31.80	115.10
32.40	114.30
33.00	124.70
33.60	122.50
34.20	123.10
34.80	119.50
35.40	115.00
36.00	119.20
36.60	103.30
37.20	95.70
37.80	102.40
38.40	105.90
39.00	100.80
39.60	95.70
40.20	84.00
40.80	81.10
41.40	83.80
42.00	79.70
42.60	100.00
43.20	105.30
43.80	89.60
44.40	97.60
45.00	107.30
45.60	107.40
46.20	102.70
46.80	97.50
47.40	91.50
48.00	83.20
48.60	85.00
49.20	84.90
49.80	82.00
50.40	90.50
51.00	88.40
51.60	87.60
52.20	97.40
52.80	97.50
53.40	85.80
54.00	90.80
54.60	96.20
55.20	78.40
55.80	81.90
56.40	82.40
57.00	67.20
57.60	71.50
58.20	82.50
58.80	81.40
59.40	86.20
60.00	80.70
60.60	77.40
61.20	83.90
61.80	77.50
62.40	80.90
63.00	91.30
63.60	86.10
64.20	82.30
64.80	73.20
65.40	80.90
66.00	79.40
66.60	80.90
67.20	77.10
67.80	69.00
68.40	78.10
69.00	72.20
69.60	62.00
70.20	70.20
70.80	79.60
71.40	80.30
72.00	87.30
72.60	64.90
73.20	71.30
73.80	74.40
74.40	85.80
75.00	103.90
75.60	102.60
76.20	86.20
76.80	89.20
77.40	84.20
78.00	82.70
78.60	88.30
79.20	93.50
79.80	94.70
80.40	82.70
81.00	89.20
81.60	98.60
82.20	94.20
82.80	85.30
83.40	92.70
84.00	100.80
84.60	107.40
85.20	111.50
85.80	105.10
86.40	108.60
87.00	116.90
87.60	122.70
88.20	111.60
88.80	103.70
89.40	111.00
90.00	116.00
90.60	103.00
91.20	92.20
91.80	101.90
92.40	107.30
93.00	108.50
93.60	103.20
94.20	111.90
94.80	113.00
95.40	104.50
96.00	101.30
96.60	103.80
97.20	99.90
97.80	104.40
98.40	106.60
99.00	113.40
99.60	119.10
100.20	104.90
100.80	117.50
101.40	127.90
102.00	128.90
102.60	131.80
103.20	126.30
103.80	116.70
104.40	123.50
105.00	114.80
105.60	108.90
106.20	98.10
106.80	101.70
107.40	96.50
108.00	92.30
108.60	97.50
109.20	96.50
109.80	108.10
110.40	115.30
111.00	109.30
111.60	104.00
112.20	107.80
112.80	110.40
113.40	104.80
114.00	113.10
114.60	109.70
115.20	98.70
115.80	112.40
116.40	119.60
117.00	111.70
117.60	109.20
118.20	123.40
118.80	124.30
119.40	127.00
120.00	126.40
120.60	120.30
121.20	120.80
121.80	120.00
122.40	133.00
123.00	130.30
123.60	120.40
124.20	137.80
124.80	131.90
125.40	130.80
126.00	127.20
126.60	133.30
127.20	121.80
127.80	135.50
128.40	135.80
129.00	157.20
129.60	130.60
130.20	133.10
130.80	134.50
131.40	128.20
132.00	139.40
132.60	124.90
133.20	141.60
133.80	128.00
134.40	126.80
135.00	129.40
135.60	115.80
136.20	131.70
136.80	130.60
137.40	127.10
138.00	152.00
138.60	145.70
139.20	142.30
139.80	139.20
140.40	123.00
141.00	132.10
141.60	132.10
142.20	141.70
142.80	126.00
143.40	126.50
144.00	114.30
144.60	114.30
145.20	116.80
145.80	121.40
146.40	130.90
147.00	123.90
147.60	124.30
148.20	123.30
148.80	121.60
149.40	104.20
150.00	108.10
150.60	106.30
151.20	105.30
151.80	107.40
152.40	103.50
153.00	109.30
153.60	115.80
154.20	97.90
154.80	101.40
155.40	103.70
156.00	99.40
156.60	93.30
157.20	97.80
157.80	101.50
158.40	102.00
159.00	110.60
159.60	103.30
160.20	106.80
160.80	99.60
161.40	99.50
162.00	118.90
162.60	104.40
163.20	98.20
163.80	105.70
164.40	112.90
165.00	106.60
165.60	95.00
166.20	88.80
166.80	92.20
167.40	91.70
168.00	115.30
168.60	121.00
169.20	125.20
169.80	119.50
170.40	104.50
171.00	91.50
171.60	104.60
172.20	99.80
172.80	95.20
173.40	102.20
174.00	94.50
174.60	93.10
175.20	86.80
175.80	87.10
176.40	96.10
177.00	89.40
177.60	83.30
178.20	86.70
178.80	80.20
179.40	74.60
180.00	82.70
180.60	82.90
181.20	86.70
181.80	89.30
182.40	104.50
183.00	104.90
183.60	123.30
184.20	135.00
184.80	112.50
185.40	127.50
186.00	129.50
186.60	108.20
187.20	119.40
187.80	134.50
188.40	135.50
189.00	145.30
189.60	128.20
190.20	145.90
190.80	136.10
191.40	143.60
192.00	147.00
192.60	140.50
193.20	154.60
193.80	144.40
194.40	143.90
195.00	137.80
195.60	131.10
196.20	123.20
196.80	121.20
197.40	114.20
198.00	124.60
198.60	123.10
199.20	127.00
199.80	128.30
200.40	144.30
201.00	136.00
201.60	128.70
202.20	133.10
202.80	147.00
203.40	145.60
204.00	158.00
204.60	153.90
205.20	158.80
205.80	153.00
206.40	159.70
207.00	168.00
207.60	147.00
208.20	160.90
208.80	167.10
209.40	164.20
210.00	165.90
210.60	160.20
211.20	160.80
211.80	177.20
212.40	166.80
213.00	166.60
213.60	169.80
214.20	174.20
214.80	178.70
215.40	168.60
216.00	171.00
216.60	147.40
217.20	145.40
217.80	143.60
218.40	136.70
219.00	137.00
219.60	140.50
220.20	144.20
220.80	141.40
221.40	139.10
222.00	132.20
222.60	138.90
223.20	138.50
223.80	148.30
224.40	126.90
225.00	120.60
225.60	110.40
226.20	127.30
226.80	119.60
227.40	119.70
228.00	115.10
228.60	135.30
229.20	130.40
229.80	127.60
230.40	139.60
231.00	138.90
231.60	137.30
232.20	149.00
232.80	140.20
233.40	144.70
234.00	146.70
234.60	136.40
235.20	130.00
235.80	130.40
236.40	124.30
237.00	135.70
237.60	133.90
238.20	126.70
238.80	130.70
239.40	120.60
240.00	127.40
240.60	137.80
241.20	128.40
241.80	128.00
242.40	135.80
243.00	147.20
243.60	131.00
244.20	115.20
244.80	104.00
245.40	108.80
246.00	109.30
246.60	124.80
247.20	132.20
247.80	151.60
248.40	149.40
249.00	151.50
249.60	146.10
250.20	130.10
250.80	140.50
251.40	134.80
252.00	128.40
252.60	128.10
253.20	132.40
253.80	118.00
254.40	127.50
255.00	135.40
255.60	133.90
256.20	122.10
256.80	128.10
257.40	131.70
258.00	132.50
258.60	128.30
259.20	120.40
259.80	126.60
260.40	136.50
261.00	124.40
261.60	116.60
262.20	121.90
262.80	114.80
263.40	123.10
264.00	121.40
264.60	124.70
265.20	117.30
265.80	121.30
266.40	110.60
267.00	103.30
267.60	110.30
268.20	98.40
268.80	94.10
269.40	105.10
270.00	99.00
270.60	108.80
271.20	110.50
271.80	100.50
272.40	102.20
273.00	109.10
273.60	112.60
274.20	117.60
274.80	125.90
275.40	113.40
276.00	126.00
276.60	126.20
277.20	123.30
277.80	126.60
278.40	128.20
279.00	108.90
279.60	120.90
280.20	128.30
280.80	134.90
281.40	124.70
282.00	131.20
282.60	127.40
283.20	140.80
283.80	144.10
284.40	149.50
285.00	148.30
285.60	164.30
286.20	162.10
286.80	161.30
287.40	159.90
288.00	158.30
288.60	166.20
289.20	174.30
289.80	156.60
290.40	159.40
291.00	161.00
291.60	154.20
292.20	165.20
292.80	161.20
293.40	160.10
294.00	167.00
294.60	166.10
295.20	169.60
295.80	168.60
296.40	171.90
297.00	177.00
297.60	167.60
298.20	164.20
298.80	182.30
299.40	179.30
300.00	173.30
300.60	170.60
301.20	174.90
301.80	160.70
302.40	168.70
303.00	164.90
303.60	168.90
304.20	160.00
304.80	152.50
305.40	158.30
306.00	150.10
306.60	153.50
307.20	137.70
307.80	151.60
308.40	139.60
309.00	146.90
309.60	136.60
310.20	141.20
310.80	129.70
311.40	136.30
312.00	134.60
312.60	124.70
313.20	113.50
313.80	115.90
314.40	114.60
315.00	111.30
315.60	120.90
316.20	123.30
316.80	118.90
317.40	99.90
318.00	114.40
318.60	124.40
319.20	113.00
319.80	122.10
320.40	103.80
321.00	101.60
321.60	104.00
322.20	105.40
322.80	99.20
323.40	111.20
324.00	97.10
324.60	110.80
325.20	113.30
325.80	112.60
326.40	109.20
327.00	112.00
327.60	116.70
328.20	106.20
328.80	101.10
329.40	111.20
330.00	92.00
330.60	95.30
331.20	93.30
331.80	79.30
332.40	99.10
333.00	86.60
333.60	92.60
334.20	84.30
334.80	87.90
335.40	87.80
336.00	99.20
336.60	96.40
337.20	93.00
337.80	87.20
338.40	83.20
339.00	76.00
339.60	83.20
340.20	71.40
340.80	73.70
341.40	85.20
342.00	83.90
342.60	76.80
343.20	83.40
343.80	83.10
344.40	74.00
345.00	76.60
345.60	73.10
346.20	69.20
346.80	63.60
347.40	67.80
348.00	71.60
348.60	54.20
349.20	58.10
349.80	54.50
350.40	47.00
351.00	32.30
351.60	30.40
352.20	27.80
352.80	23.50
353.40	32.80
354.00	33.60
354.60	35.90
355.20	48.10
355.80	43.10
356.40	45.00
357.00	65.40
357.60	64.40
358.20	74.40
358.80	73.50
359.40	79.20
360.00	76.50
360.60	72.10
361.20	66.20
361.80	62.90
362.40	75.50
363.00	75.10
363.60	90.30
364.20	76.90
364.80	72.30
365.40	77.60
366.00	83.20
366.60	94.50
367.20	95.00
367.80	84.60
368.40	84.10
369.00	72.40
369.60	72.20
370.20	81.50
370.80	84.60
371.40	79.70
372.00	88.90
372.60	77.50
373.20	73.00
373.80	78.30
374.40	65.30
375.00	52.40
375.60	52.80
376.20	55.20
376.80	60.80
377.40	61.50
378.00	63.40
378.60	75.60
379.20	54.30
379.80	64.10
380.40	75.10
381.00	61.30
381.60	60.40
382.20	57.00
382.80	42.70
383.40	54.20
384.00	52.30
384.60	46.10
385.20	53.10
385.80	55.50
386.40	48.70
387.00	45.50
387.60	53.50
388.20	52.40
388.80	39.50
389.40	56.10
390.00	63.00
390.60	78.50
391.20	60.30
391.80	62.50
392.40	60.20
393.00	51.30
393.60	49.30
394.20	49.00
394.80	45.70
395.40	35.50
396.00	42.90
396.60	59.90
397.20	56.60
397.80	44.90
398.40	58.00
399.00	43.40
399.60	52.10
400.20	43.80
400.80	46.10
401.40	53.10
402.00	36.80
402.60	26.80
403.20	26.90
403.80	40.00
404.40	45.50
405.00	39.70
405.60	43.90
406.20	40.90
406.80	21.60
407.40	34.90
408.00	30.90
408.60	35.60
409.20	49.80
409.80	31.50
410.40	44.50
411.00	46.90
411.60	46.00
412.20	57.30
412.80	60.80
413.40	57.10
414.00	57.20
414.60	57.40
415.20	56.40
415.80	61.90
416.40	74.10
417.00	75.70
417.60	54.00
418.20	39.30
418.80	48.80
419.40	59.90
420.00	54.80
420.60	52.50
421.20	60.20
421.80	49.60
422.40	49.00
423.00	45.50
423.60	62.80
424.20	56.10
424.80	53.80
425.40	50.50
426.00	62.80
426.60	52.30
427.20	41.20
427.80	55.90
428.40	52.90
429.00	45.40
429.60	37.10
430.20	46.60
430.80	39.70
431.40	37.60
432.00	47.50
432.60	46.30
433.20	42.60
433.80	39.80
434.40	29.90
435.00	34.90
435.60	49.70
436.20	53.50
436.80	55.20
437.40	50.50
438.00	52.80
438.60	51.40
439.20	66.00
439.80	36.20
440.40	44.10
441.00	42.40
441.60	50.30
442.20	39.90
442.80	55.20
443.40	74.00
444.00	70.20
444.60	63.40
445.20	67.50
445.80	62.70
446.40	65.10
447.00	65.50
447.60	44.70
448.20	51.20
448.80	53.00
449.40	51.50
450.00	45.10
450.60	36.00
451.20	42.70
451.80	52.90
452.40	53.20
453.00	48.80
453.60	54.30
454.20	48.90
454.80	51.50
455.40	62.10
456.00	48.50
456.60	60.10
457.20	45.40
457.80	41.20
458.40	53.00
459.00	53.60
459.60	61.70
460.20	68.40
460.80	54.10
461.40	49.20
462.00	46.40
462.60	56.40
463.20	46.30
463.80	28.30
464.40	23.00
465.00	31.60
465.60	44.00
466.20	24.40
466.80	37.20
467.40	39.60
468.00	43.00
468.60	43.90
469.20	27.90
469.80	26.10
470.40	30.10
471.00	35.90
471.60	44.00
472.20	48.40
472.80	59.40
473.40	67.90
474.00	71.30
474.60	78.80
475.20	70.50
475.80	57.80
476.40	55.60
477.00	60.30
477.60	44.20
478.20	46.10
478.80	40.10
479.40	30.40
480.00	37.20
480.60	35.10
481.20	47.30
481.80	50.30
482.40	53.90
483.00	70.30
483.60	59.80
484.20	39.40
484.80	29.10
485.40	38.80
486.00	51.90
486.60	71.80
487.20	54.20
487.80	71.10
488.40	73.10
489.00	71.90
489.60	60.30
490.20	60.20
490.80	70.10
491.40	48.60
492.00	63.20
492.60	75.70
493.20	79.10
493.80	63.50
494.40	72.80
495.00	74.80
495.60	65.30
496.20	68.70
496.80	70.20
497.40	62.60
498.00	56.20
498.60	59.00
499.20	49.60
499.80	51.50
500.40	52.70
501.00	49.90
501.60	44.40
502.20	49.20
502.80	55.20
503.40	58.30
504.00	50.00
504.60	54.50
505.20	59.70
505.80	45.90
506.40	54.90
507.00	45.40
507.60	47.70
508.20	44.90
508.80	35.10
509.40	34.90
510.00	33.50
510.60	37.40
511.20	30.90
511.80	36.70
512.40	36.30
513.00	41.50
513.60	58.90
514.20	61.60
514.80	51.60
515.40	70.70
516.00	52.60
516.60	64.40
517.20	57.80
517.80	56.00
518.40	67.70
519.00	80.40
519.60	88.10
520.20	80.40
520.80	73.80
521.40	88.00
522.00	85.80
522.60	92.00
523.20	84.00
523.80	98.30
524.40	95.50
525.00	82.20
525.60	69.30
526.20	64.90
526.80	77.70
527.40	84.80
528.00	60.40
528.60	68.00
529.20	58.90
529.80	70.30
530.40	76.00
531.00	69.10
531.60	64.30
532.20	55.20
532.80	43.90
533.40	47.10
534.00	39.50
534.60	50.60
535.20	45.20
535.80	56.70
536.40	52.30
537.00	59.50
537.60	62.80
538.20	64.00
538.80	66.00
539.40	55.20
540.00	60.80
540.60	55.70
541.20	46.10
541.80	50.00
542.40	62.50
543.00	58.70
543.60	29.00
544.20	55.60
544.80	56.70
545.40	50.90
546.00	51.30
546.60	46.00
547.20	43.10
547.80	34.70
548.40	27.30
549.00	25.80
549.60	36.30
550.20	27.90
550.80	42.10
551.40	48.90
552.00	45.50
552.60	37.00
553.20	48.90
553.80	56.60
554.40	56.80
555.00	69.70
555.60	68.80
556.20	81.20
556.80	69.80
557.40	68.20
558.00	73.90
558.60	80.50
559.20	82.30
559.80	74.60
560.40	83.10
561.00	78.00
561.60	67.70
562.20	73.80
562.80	83.90
563.40	83.50
564.00	87.00
564.60	94.00
565.20	90.40
565.80	98.70
566.40	92.30
567.00	77.80
567.60	76.60
568.20	90.40
568.80	95.80
569.40	92.10
570.00	97.50
570.60	106.00
571.20	107.90
571.80	112.40
572.40	114.30
573.00	113.40
573.60	116.50
574.20	106.20
574.80	105.90
575.40	96.70
576.00	101.20
576.60	103.60
577.20	93.90
577.80	114.30
578.40	109.20
579.00	104.10
579.60	117.10
580.20	117.10
580.80	109.70
581.40	112.40
582.00	107.10
582.60	117.00
583.20	120.80
583.80	132.10
584.40	119.50
585.00	112.70
585.60	112.80
586.20	111.90
586.80	110.40
587.40	110.50
588.00	115.10
588.60	124.40
589.20	127.80
589.80	119.60
590.40	120.20
591.00	104.60
591.60	94.70
592.20	101.70
592.80	110.80
593.40	101.70
594.00	110.90
594.60	111.60
595.20	110.20
595.80	111.70
596.40	103.10
597.00	112.80
597.60	116.70
598.20	122.80
598.80	111.60
599.40	109.40
600.00	118.30
600.60	116.00
601.20	117.70
601.80	113.40
602.40	122.50
603.00	123.50
603.60	122.20
604.20	122.40
604.80	105.00
605.40	96.50
606.00	106.60
606.60	93.90
607.20	100.50
607.80	116.40
608.40	127.00
609.00	124.40
609.60	122.40
610.20	122.70
610.80	115.20
611.40	108.80
612.00	115.40
612.60	111.10
613.20	113.70
613.80	106.40
614.40	115.10
615.00	118.60
615.60	121.00
616.20	134.50
616.80	133.70
617.40	130.40
618.00	119.50
618.60	128.40
619.20	129.80
619.80	130.20
620.40	126.50
621.00	135.90
621.60	145.80
622.20	143.60
622.80	152.50
623.40	132.30
624.00	118.20
624.60	113.60
625.20	123.30
625.80	112.60
626.40	114.20
627.00	97.10
627.60	111.50
628.20	115.70
628.80	118.60
629.40	132.50
630.00	138.00
630.60	136.60
631.20	146.80
631.80	145.30
632.40	146.40
633.00	148.10
633.60	138.60
634.20	135.90
634.80	143.90
635.40	143.80
636.00	142.60
636.60	140.60
637.20	128.50
637.80	129.30
638.40	133.60
639.00	126.60
639.60	127.00
640.20	130.00
640.80	121.70
641.40	116.50
642.00	104.40
642.60	91.30
643.20	117.40
643.80	101.40
644.40	93.40
645.00	106.40
645.60	107.30
646.20	102.50
646.80	107.40
647.40	118.70
648.00	130.40
648.60	112.50
649.20	125.60
649.80	119.60
650.40	118.10
651.00	115.90
651.60	119.70
652.20	119.50
652.80	129.10
653.40	126.60
654.00	118.90
654.60	108.10
655.20	115.70
655.80	107.00
656.40	99.20
657.00	84.80
657.60	93.70
658.20	97.20
658.80	93.80
659.40	101.70
660.00	96.60
660.60	101.00
661.20	116.60
661.80	110.50
662.40	94.40
663.00	107.70
663.60	116.50
664.20	119.00
664.80	116.40
665.40	119.70
666.00	138.30
666.60	137.90
667.20	134.90
667.80	138.40
668.40	126.60
669.00	129.20
669.60	135.30
670.20	117.50
670.80	108.30
671.40	116.60
672.00	111.60
672.60	111.10
673.20	94.70
673.80	101.90
674.40	89.40
675.00	78.50
675.60	82.10
676.20	67.30
676.80	72.80
677.40	68.40
678.00	64.70
678.60	50.70
679.20	62.80
679.80	60.30
680.40	57.20
681.00	67.60
681.60	69.90
682.20	64.60
682.80	62.70
683.40	73.20
684.00	79.70
684.60	76.00
685.20	78.40
685.80	95.20
686.40	90.60
687.00	83.90
687.60	83.50
688.20	68.80
688.80	75.80
689.40	83.90
690.00	78.60
690.60	86.70
691.20	98.30
691.80	96.10
692.40	94.50
693.00	107.40
693.60	111.80
694.20	112.20
694.80	89.30
695.40	83.80
696.00	75.00
696.60	74.70
697.20	79.90
697.80	85.90
698.40	98.80
699.00	107.20
699.60	114.90
700.20	115.70
700.80	108.30
701.40	92.30
702.00	111.60
702.60	103.00
703.20	111.80
703.80	116.90
704.40	119.90
705.00	124.10
705.60	137.40
706.20	126.70
706.80	116.40
707.40	118.70
708.00	116.00
708.60	112.70
709.20	110.70
709.80	111.70
710.40	115.70
711.00	114.10
711.60	104.70
712.20	124.40
712.80	120.00
713.40	128.90
714.00	123.10
714.60	122.10
715.20	126.30
715.80	128.60
716.40	112.30
717.00	113.20
717.60	100.30
718.20	105.80
718.80	97.70
719.40	106.00
720.00	107.10
720.60	126.60
721.20	126.70
721.80	118.20
722.40	131.50
723.00	139.90
723.60	146.10
724.20	137.60
724.80	128.00
725.40	130.90
726.00	128.30
726.60	120.80
727.20	126.00
727.80	121.90
728.40	122.70
729.00	123.70
729.60	121.80
730.20	123.20
730.80	118.80
731.40	112.50
732.00	102.00
732.60	110.40
733.20	109.60
733.80	103.80
734.40	89.20
735.00	96.50
735.60	77.50
736.20	89.60
736.80	104.40
737.40	95.40
738.00	107.40
738.60	114.00
739.20	110.10
739.80	106.80
740.40	113.00
741.00	105.80
741.60	97.70
742.20	85.40
742.80	96.20
743.40	92.90
744.00	92.80
744.60	102.10
745.20	86.70
745.80	78.40
746.40	85.30
747.00	90.10
747.60	64.00
748.20	67.60
748.80	67.10
749.40	64.40
750.00	49.30
750.60	46.40
751.20	56.70
751.80	60.10
752.40	60.80
753.00	72.20
753.60	72.90
754.20	90.20
754.80	92.60
755.40	85.10
756.00	83.00
756.60	85.10
757.20	78.20
757.80	91.40
758.40	101.80
759.00	90.20
759.60	101.60
760.20	97.50
760.80	79.70
761.40	75.10
762.00	79.60
762.60	85.40
763.20	78.20
763.80	81.80
764.40	74.60
765.00	73.70
765.60	83.30
766.20	80.10
766.80	93.30
767.40	100.70
768.00	86.90
768.60	89.60
769.20	84.00
769.80	86.40
770.40	100.20
771.00	108.80
771.60	107.10
772.20	110.60
772.80	118.30
773.40	124.00
774.00	112.40
774.60	120.00
775.20	104.00
775.80	115.40
776.40	108.70
777.00	88.40
777.60	69.30
778.20	79.70
778.80	86.70
779.40	87.60
780.00	88.70
780.60	93.10
781.20	103.60
781.80	87.00
782.40	98.90
783.00	101.30
783.60	92.50
784.20	99.10
784.80	103.00
785.40	94.70
786.00	100.20
786.60	97.90
787.20	90.60
787.80	87.00
788.40	89.50
789.00	99.00
789.60	108.80
790.20	107.20
790.80	115.40
791.40	111.70
792.00	114.10
792.60	129.00
793.20	122.20
793.80	134.40
794.40	133.30
795.00	132.60
795.60	139.70
796.20	143.50
796.80	150.10
797.40	146.40
798.00	154.50
798.60	158.20
799.20	158.20
799.80	154.20
800.40	144.50
801.00	139.20
801.60	153.90
802.20	136.30
802.80	130.00
803.40	136.10
804.00	142.30
804.60	129.80
805.20	133.10
805.80	136.90
806.40	129.20
807.00	129.40
807.60	123.00
808.20	132.90
808.80	127.80
809.40	142.30
810.00	131.60
810.60	113.80
811.20	111.50
811.80	108.80
812.40	98.30
813.00	113.50
813.60	116.60
814.20	129.20
814.80	129.50
815.40	131.40
816.00	115.30
816.60	112.90
817.20	108.20
817.80	95.70
818.40	103.20
819.00	85.60
819.60	86.10
820.20	84.70
820.80	84.10
821.40	79.90
822.00	84.60
822.60	72.30
823.20	89.00
823.80	85.80
824.40	99.60
825.00	103.00
825.60	119.60
826.20	119.70
826.80	108.10
827.40	112.90
828.00	105.20
828.60	112.30
829.20	115.90
829.80	127.40
830.40	122.50
831.00	109.20
831.60	106.20
832.20	104.60
832.80	116.20
833.40	118.10
834.00	122.90
834.60	114.30
835.20	120.00
835.80	115.00
836.40	119.50
837.00	114.10
837.60	126.30
838.20	110.50
838.80	109.40
839.40	104.20
840.00	95.20
840.60	95.90
841.20	97.00
841.80	115.00
842.40	119.80
843.00	120.50
843.60	105.20
844.20	108.20
844.80	101.90
845.40	107.00
846.00	116.00
846.60	117.90
847.20	113.10
847.80	128.50
848.40	126.80
849.00	126.30
849.60	145.90
850.20	128.30
850.80	133.00
851.40	133.40
852.00	138.70
852.60	144.40
853.20	146.60
853.80	140.10
854.40	143.20
855.00	138.30
855.60	130.40
856.20	146.10
856.80	146.40
857.40	138.10
858.00	140.80
858.60	142.80
859.20	153.70
859.80	146.90
860.40	138.90
861.00	145.20
861.60	138.40
862.20	136.50
862.80	117.40
863.40	115.60
864.00	114.40
864.60	112.70
865.20	115.70
865.80	110.40
866.40	99.50
867.00	110.50
867.60	111.60
868.20	103.50
868.80	104.40
869.40	84.80
870.00	93.20
870.60	96.60
871.20	86.10
871.80	89.10
872.40	87.60
873.00	97.50
873.60	101.10
874.20	84.00
874.80	82.40
875.40	83.80
876.00	92.10
876.60	88.20
877.20	84.70
877.80	112.90
878.40	114.50
879.00	124.10
879.60	117.40
880.20	114.60
880.80	125.60
881.40	115.80
882.00	129.80
882.60	134.00
883.20	128.50
883.80	128.80
884.40	126.20
885.00	133.10
885.60	128.90
886.20	109.60
886.80	108.40
887.40	114.00
888.00	103.50
888.60	115.40
889.20	110.50
889.80	126.10
890.40	120.90
891.00	118.40
891.60	107.40
892.20	121.30
892.80	105.00
893.40	112.80
894.00	114.40
894.60	123.70
895.20	118.90
895.80	123.50
896.40	124.70
897.00	117.00
897.60	132.20
898.20	104.90
898.80	106.90
899.40	98.00
900.00	109.90
900.60	106.10
901.20	110.00
901.80	111.30
902.40	112.00
903.00	124.70
903.60	132.00
904.20	123.60
904.80	119.20
905.40	139.00
906.00	131.80
906.60	131.00
907.20	132.60
907.80	129.20
908.40	118.80
909.00	129.70
909.60	126.60
910.20	119.90
910.80	114.70
911.40	97.90
912.00	91.00
912.60	101.50
913.20	128.10
913.80	119.40
914.40	133.60
915.00	142.10
915.60	137.50
916.20	131.50
916.80	134.80
917.40	147.30
918.00	145.40
918.60	131.70
919.20	114.10
919.80	123.80
920.40	134.80
921.00	133.50
921.60	141.60
922.20	150.30
922.80	142.30
923.40	120.40
924.00	117.60
924.60	115.30
925.20	110.60
925.80	118.00
926.40	134.90
927.00	137.30
927.60	138.60
928.20	134.50
928.80	132.60
929.40	118.00
930.00	116.00
930.60	127.10
931.20	117.90
931.80	137.10
932.40	127.10
933.00	121.70
933.60	128.50
934.20	121.50
934.80	121.90
935.40	139.30
936.00	139.40
936.60	144.80
937.20	143.80
937.80	130.80
938.40	116.10
939.00	105.20
939.60	124.50
940.20	105.70
940.80	109.80
941.40	118.00
942.00	119.00
942.60	130.60
943.20	139.80
943.80	154.80
944.40	145.80
945.00	161.20
945.60	156.10
946.20	148.10
946.80	155.70
947.40	172.20
948.00	173.40
948.60	175.50
949.20	170.50
949.80	171.30
950.40	165.70
951.00	155.20
951.60	156.50
952.20	156.30
952.80	147.40
953.40	161.00
954.00	157.00
954.60	158.10
955.20	158.30
955.80	145.40
956.40	150.00
957.00	150.70
957.60	147.90
958.20	149.90
958.80	158.80
959.40	152.90
960.00	171.80
960.60	175.10
961.20	164.30
961.80	169.20
962.40	158.80
963.00	147.00
963.60	165.70
964.20	166.50
964.80	150.50
965.40	153.90
966.00	156.70
966.60	151.60
967.20	159.00
967.80	163.80
968.40	164.80
969.00	145.30
969.60	144.30
970.20	145.50
970.80	141.30
971.40	151.70
972.00	147.00
972.60	156.60
973.20	150.00
973.80	148.10
974.40	147.20
975.00	137.80
975.60	134.90
976.20	135.90
976.80	126.90
977.40	145.40
978.00	137.20
978.60	136.40
979.20	145.30
979.80	150.50
980.40	146.50
981.00	149.90
981.60	131.50
982.20	125.60
982.80	120.00
983.40	146.10
984.00	162.70
984.60	157.80
985.20	161.80
985.80	180.20
986.40	166.80
987.00	161.80
987.60	155.30
988.20	150.40
988.80	146.50
989.40	147.60
990.00	149.20
990.60	134.90
991.20	126.30
991.80	127.10
992.40	153.40
993.00	164.20
993.60	154.20
994.20	152.50
994.80	157.00
995.40	140.70
996.00	134.60
996.60	146.90
997.20	161.60
997.80	154.40
998.40	134.10
999.00	131.00
999.60	135.40
1000.20	134.20
1000.80	141.70
1001.40	145.80
1002.00	137.90
1002.60	128.00
1003.20	134.00
1003.80	119.40
1004.40	135.80
1005.00	137.20
1005.60	122.20
1006.20	119.50
1006.80	120.20
1007.40	130.90
1008.00	111.50
1008.60	102.60
1009.20	107.20
1009.80	110.40
1010.40	105.60
1011.00	119.30
1011.60	128.20
1012.20	120.50
1012.80	122.80
1013.40	110.40
1014.00	112.90
1014.60	104.30
1015.20	104.10
1015.80	109.20
1016.40	110.60
1017.00	109.10
1017.60	109.20
1018.20	104.80
1018.80	101.40
1019.40	106.30
1020.00	103.10
1020.60	114.10
1021.20	104.70
1021.80	97.30
1022.40	104.40
1023.00	120.10
1023.60	114.20
1024.20	110.30
1024.80	116.90
1025.40	114.20
1026.00	107.40
1026.60	107.30
1027.20	104.80
1027.80	103.70
1028.40	101.50
1029.00	102.20
1029.60	92.10
1030.20	105.00
1030.80	117.70
1031.40	110.40
1032.00	107.20
1032.60	107.70
1033.20	97.20
1033.80	100.70
1034.40	100.10
1035.00	93.40
1035.60	93.80
1036.20	96.50
1036.80	86.40
1037.40	80.90
1038.00	77.50
1038.60	86.20
1039.20	91.30
1039.80	94.20
1040.40	92.30
1041.00	87.50
1041.60	91.70
1042.20	76.60
1042.80	86.70
1043.40	113.10
1044.00	108.50
1044.60	96.90
1045.20	92.10
1045.80	81.00
1046.40	86.10
1047.00	81.40
1047.60	86.00
1048.20	96.90
1048.80	92.20
1049.40	85.70
1050.00	103.20
1050.60	106.60
1051.20	97.70
1051.80	119.00
1052.40	121.90
1053.00	122.40
1053.60	109.80
1054.20	94.40
1054.80	86.50
1055.40	99.50
1056.00	102.60
1056.60	97.40
1057.20	98.80
1057.80	98.80
1058.40	108.00
1059.00	109.30
1059.60	103.00
1060.20	93.40
1060.80	77.30
1061.40	73.90
1062.00	68.60
1062.60	79.80
1063.20	89.20
1063.80	87.30
1064.40	87.10
1065.00	99.00
1065.60	97.50
1066.20	100.70
1066.80	99.10
1067.40	87.50
1068.00	88.00
1068.60	94.90
1069.20	68.60
1069.80	72.20
1070.40	96.40
1071.00	79.30
1071.60	83.30
1072.20	88.50
1072.80	72.90
1073.40	95.60
1074.00	85.40
1074.60	84.50
1075.20	86.50
1075.80	72.40
1076.40	87.10
1077.00	83.40
1077.60	91.00
1078.20	96.80
1078.80	84.50
1079.40	98.70
1080.00	90.20
1080.60	90.90
1081.20	100.60
1081.80	92.90
1082.40	88.70
1083.00	84.40
1083.60	78.80
1084.20	74.80
1084.80	74.60
1085.40	79.80
1086.00	77.20
1086.60	72.60
1087.20	56.30
1087.80	51.50
1088.40	47.10
1089.00	46.90
1089.60	45.20
1090.20	44.60
1090.80	58.00
1091.40	76.30
1092.00	76.70
1092.60	79.60
1093.20	67.80
1093.80	70.50
1094.40	69.70
1095.00	71.60
1095.60	70.60
1096.20	82.00
1096.80	87.60
1097.40	92.20
1098.00	78.40
1098.60	79.50
1099.20	88.30
1099.80	89.30
1100.40	91.60
1101.00	89.80
1101.60	86.00
1102.20	75.80
1102.80	68.10
1103.40	69.80
1104.00	70.20
1104.60	66.30
1105.20	52.60
1105.80	48.00
1106.40	61.20
1107.00	58.20
1107.60	43.00
1108.20	42.60
1108.80	68.70
1109.40	75.60
1110.00	69.40
1110.60	59.20
1111.20	70.70
1111.80	72.90
1112.40	72.80
1113.00	72.40
1113.60	73.20
1114.20	63.30
1114.80	47.50
1115.40	58.00
1116.00	63.10
1116.60	70.30
1117.20	69.80
1117.80	65.00
1118.40	67.90
1119.00	68.30
1119.60	70.20
1120.20	53.00
1120.80	52.70
1121.40	48.20
1122.00	49.60
1122.60	58.60
1123.20	49.10
1123.80	52.20
1124.40	61.30
1125.00	54.50
1125.60	62.80
1126.20	61.00
1126.80	44.60
1127.40	43.70
1128.00	43.90
1128.60	23.30
1129.20	26.70
1129.80	39.90
1130.40	37.00
1131.00	49.90
1131.60	35.20
1132.20	63.40
1132.80	72.00
1133.40	70.10
1134.00	49.90
1134.60	56.70
1135.20	57.10
1135.80	57.90
1136.40	67.10
1137.00	69.20
1137.60	84.50
1138.20	74.40
1138.80	76.70
1139.40	80.90
1140.00	91.50
1140.60	90.50
1141.20	83.70
1141.80	83.70
1142.40	93.10
1143.00	87.90
1143.60	83.20
1144.20	88.40
1144.80	95.50
1145.40	94.30
1146.00	108.60
1146.60	98.50
1147.20	95.80
1147.80	95.80
1148.40	85.50
1149.00	103.50
1149.60	94.10
1150.20	79.00
1150.80	83.00
1151.40	71.40
1152.00	80.70
1152.60	63.40
1153.20	80.00
1153.80	78.10
1154.40	77.50
1155.00	61.50
1155.60	65.20
1156.20	64.30
1156.80	81.80
1157.40	83.20
1158.00	87.00
1158.60	90.40
1159.20	100.60
1159.80	104.70
1160.40	94.80
1161.00	97.90
1161.60	104.60
1162.20	113.40
1162.80	96.30
1163.40	104.70
1164.00	87.20
1164.60	104.30
1165.20	115.50
1165.80	119.40
1166.40	109.90
1167.00	109.00
1167.60	110.50
1168.20	108.10
1168.80	108.50
1169.40	91.20
1170.00	100.50
1170.60	107.10
1171.20	88.70
1171.80	92.00
1172.40	89.80
1173.00	90.50
1173.60	102.20
1174.20	98.30
1174.80	100.70
1175.40	104.10
1176.00	109.50
1176.60	123.30
1177.20	132.00
1177.80	138.70
1178.40	139.90
1179.00	130.30
1179.60	127.00
1180.20	112.50
1180.80	113.40
1181.40	113.50
1182.00	94.10
1182.60	101.30
1183.20	102.10
1183.80	101.30
1184.40	89.60
1185.00	90.60
1185.60	88.40
1186.20	96.10
1186.80	82.80
1187.40	72.60
1188.00	76.90
1188.60	78.00
1189.20	80.00
1189.80	99.70
1190.40	97.70
1191.00	98.00
1191.60	85.70
1192.20	105.60
1192.80	98.70
1193.40	107.20
1194.00	100.90
1194.60	87.90
1195.20	104.60
1195.80	101.50
1196.40	90.40
1197.00	100.20
1197.60	96.00
1198.20	89.00
1198.80	87.70
1199.40	85.80
1200.00	87.20
1200.60	93.40
1201.20	87.50
1201.80	84.50
1202.40	78.30
1203.00	76.10
1203.60	76.80
1204.20	75.30
1204.80	82.00
1205.40	99.00
1206.00	109.00
1206.60	97.70
1207.20	88.20
1207.80	87.00
1208.40	87.10
1209.00	91.70
1209.60	100.60
1210.20	97.30
1210.80	92.20
1211.40	110.80
1212.00	102.20
1212.60	102.10
1213.20	117.30
1213.80	130.10
1214.40	131.00
1215.00	130.50
1215.60	134.80
1216.20	120.70
1216.80	105.50
1217.40	109.30
1218.00	110.00
1218.60	110.70
1219.20	109.60
1219.80	98.50
1220.40	102.60
1221.00	95.00
1221.60	111.90
1222.20	115.10
1222.80	118.80
1223.40	119.70
1224.00	126.10
1224.60	133.40
1225.20	118.70
1225.80	117.30
1226.40	111.80
1227.00	101.50
1227.60	99.50
1228.20	108.10
1228.80	116.00
1229.40	126.70
1230.00	119.20
1230.60	107.10
1231.20	95.70
1231.80	101.80
1232.40	102.00
1233.00	111.80
1233.60	118.90
1234.20	115.40
1234.80	107.20
1235.40	84.80
1236.00	85.50
1236.60	87.20
1237.20	73.00
1237.80	81.80
1238.40	97.90
1239.00	95.10
1239.60	103.40
1240.20	101.60
1240.80	94.20
1241.40	76.20
1242.00	65.70
1242.60	81.60
1243.20	74.00
1243.80	66.70
1244.40	65.20
1245.00	61.50
1245.60	56.40
1246.20	52.90
1246.80	59.80
1247.40	67.60
1248.00	64.40
1248.60	52.70
1249.20	63.40
1249.80	63.20
1250.40	54.80
1251.00	41.10
1251.60	38.40
1252.20	49.60
1252.80	65.60
1253.40	72.10
1254.00	77.90
1254.60	80.00
1255.20	70.00
1255.80	72.90
1256.40	63.30
1257.00	55.20
1257.60	61.40
1258.20	66.40
1258.80	76.80
1259.40	80.50
1260.00	83.10
1260.60	80.80
1261.20	78.10
1261.80	90.50
1262.40	83.00
1263.00	94.70
1263.60	98.30
1264.20	86.70
1264.80	89.20
1265.40	84.70
1266.00	83.80
1266.60	67.90
1267.20	64.80
1267.80	76.40
1268.40	79.30
1269.00	73.40
1269.60	70.70
1270.20	72.10
1270.80	93.00
1271.40	89.40
1272.00	85.30
1272.60	79.00
1273.20	93.00
1273.80	90.90
1274.40	104.50
1275.00	98.40
1275.60	89.70
1276.20	84.20
1276.80	79.90
1277.40	77.30
1278.00	65.50
1278.60	67.50
1279.20	71.50
1279.80	67.10
1280.40	63.30
1281.00	58.20
1281.60	70.40
1282.20	77.50
1282.80	71.00
1283.40	64.60
1284.00	65.30
1284.60	75.00
1285.20	66.10
1285.80	73.50
1286.40	76.70
1287.00	63.40
1287.60	73.60
1288.20	69.30
1288.80	66.00
1289.40	62.10
1290.00	76.30
1290.60	76.00
1291.20	72.20
1291.80	67.90
1292.40	92.00
1293.00	92.70
1293.60	88.00
1294.20	102.70
1294.80	101.40
1295.40	118.00
1296.00	122.20
1296.60	131.10
1297.20	131.30
1297.80	134.40
1298.40	128.70
1299.00	128.00
1299.60	124.80
1300.20	122.90
1300.80	131.90
1301.40	127.80
1302.00	134.80
1302.60	142.40
1303.20	137.00
1303.80	138.70
1304.40	132.10
1305.00	123.30
1305.60	122.50
1306.20	109.80
1306.80	113.50
1307.40	95.00
1308.00	102.20
1308.60	99.30
1309.20	99.90
1309.80	101.50
1310.40	112.30
1311.00	121.60
1311.60	109.80
1312.20	116.80
1312.80	111.60
1313.40	111.20
1314.00	104.40
1314.60	107.50
1315.20	104.20
1315.80	112.60
1316.40	115.60
1317.00	112.80
1317.60	106.10
1318.20	109.10
1318.80	100.60
1319.40	114.80
1320.00	118.00
1320.60	115.00
1321.20	109.30
1321.80	90.10
1322.40	95.40
1323.00	93.80
1323.60	93.40
1324.20	101.50
1324.80	100.50
1325.40	86.10
1326.00	97.90
1326.60	92.20
1327.20	86.90
1327.80	88.50
1328.40	77.20
1329.00	85.30
1329.60	81.50
1330.20	89.10
1330.80	90.30
1331.40	84.90
1332.00	81.00
1332.60	85.40
1333.20	95.30
1333.80	104.10
1334.40	96.80
1335.00	88.10
1335.60	85.20
1336.20	75.10
1336.80	85.60
1337.40	85.40
1338.00	99.60
1338.60	96.40
1339.20	78.20
1339.80	83.00
1340.40	77.50
1341.00	80.50
1341.60	75.10
1342.20	82.20
1342.80	75.80
1343.40	77.00
1344.00	74.60
1344.60	73.10
1345.20	77.50
1345.80	74.80
1346.40	74.10
1347.00	65.50
1347.60	74.30
1348.20	69.10
1348.80	74.50
1349.40	82.30
1350.00	72.50
1350.60	73.20
1351.20	72.20
1351.80	71.20
1352.40	91.10
1353.00	83.20
1353.60	90.70
1354.20	80.70
1354.80	78.30
1355.40	94.00
1356.00	97.60
1356.60	105.70
1357.20	109.30
1357.80	98.60
1358.40	109.10
1359.00	104.60
1359.60	104.90
1360.20	110.90
1360.80	118.20
1361.40	106.50
1362.00	122.90
1362.60	115.80
1363.20	119.60
1363.80	105.60
1364.40	111.40
1365.00	117.40
1365.60	116.80
1366.20	108.80
1366.80	105.70
1367.40	104.20
1368.00	104.30
1368.60	105.40
1369.20	118.80
1369.80	129.50
1370.40	123.70
1371.00	115.60
1371.60	121.00
1372.20	97.20
1372.80	105.60
1373.40	102.90
1374.00	115.20
1374.60	113.90
1375.20	101.80
1375.80	102.80
1376.40	86.50
1377.00	81.20
1377.60	91.40
1378.20	84.50
1378.80	90.70
1379.40	94.40
1380.00	96.80
1380.60	107.20
1381.20	107.80
1381.80	97.30
1382.40	87.50
1383.00	89.40
1383.60	76.20
1384.20	76.70
1384.80	68.70
1385.40	73.30
1386.00	73.30
1386.60	92.80
1387.20	87.80
1387.80	90.70
1388.40	84.00
1389.00	75.60
1389.60	92.30
1390.20	86.10
1390.80	105.60
1391.40	114.70
1392.00	97.30
1392.60	99.40
1393.20	92.30
1393.80	91.80
1394.40	90.10
1395.00	98.30
1395.60	110.90
1396.20	113.80
1396.80	98.10
1397.40	116.90
1398.00	112.90
1398.60	113.60
1399.20	108.60
1399.80	123.70
1400.40	140.90
1401.00	146.00
1401.60	140.60
1402.20	135.10
1402.80	142.40
1403.40	134.80
1404.00	141.70
1404.60	170.10
1405.20	172.60
1405.80	155.70
1406.40	153.40
1407.00	140.70
1407.60	150.70
1408.20	149.00
1408.80	151.40
1409.40	162.00
1410.00	161.70
1410.60	165.20
1411.20	167.40
1411.80	152.00
1412.40	162.80
1413.00	171.40
1413.60	153.50
1414.20	143.70
1414.80	139.70
1415.40	145.40
1416.00	145.30
1416.60	147.90
1417.20	155.80
1417.80	167.00
1418.40	157.10
1419.00	152.80
1419.60	144.10
1420.20	136.90
1420.80	138.40
1421.40	151.20
1422.00	166.60
1422.60	152.20
1423.20	143.30
1423.80	156.30
1424.40	134.50
1425.00	142.50
1425.60	155.70
1426.20	153.20
1426.80	134.80
1427.40	132.80
1428.00	134.90
1428.60	122.10
1429.20	109.40
1429.80	102.90
1430.40	108.30
1431.00	114.00
1431.60	115.90
1432.20	116.10
1432.80	113.20
1433.40	102.60
1434.00	106.40
1434.60	102.60
1435.20	86.80
1435.80	106.40
1436.40	106.40
1437.00	102.20
1437.60	107.10
1438.20	98.50
1438.80	93.20
1439.40	93.50
1440.00	106.50
1440.60	106.10
1441.20	99.40
1441.80	100.80
1442.40	103.50
1443.00	98.20
1443.60	91.30
1444.20	97.40
1444.80	89.70
1445.40	84.20
1446.00	76.00
1446.60	64.20
1447.20	67.20
1447.80	73.10
1448.40	73.20
1449.00	60.50
1449.60	58.30
1450.20	48.80
1450.80	44.90
1451.40	39.60
1452.00	35.60
1452.60	34.30
1453.20	40.00
1453.80	38.90
1454.40	38.10
1455.00	35.20
1455.60	37.30
1456.20	36.10
1456.80	22.10
1457.40	21.20
1458.00	26.60
1458.60	38.90
1459.20	31.50
1459.80	29.60
1460.40	41.90
1461.00	43.80
1461.60	40.50
1462.20	30.70
1462.80	41.00
1463.40	46.30
1464.00	45.60
1464.60	56.30
1465.20	55.50
1465.80	57.20
1466.40	42.20
1467.00	39.80
1467.60	46.80
1468.20	50.10
1468.80	47.30
1469.40	58.70
1470.00	79.70
1470.60	84.50
1471.20	79.00
1471.80	76.00
1472.40	66.10
1473.00	68.30
1473.60	68.30
1474.20	69.90
1474.80	74.90
1475.40	68.10
1476.00	67.00
1476.60	69.20
1477.20	61.90
1477.80	71.30
1478.40	91.20
1479.00	89.50
1479.60	81.10
1480.20	94.30
1480.80	92.80
1481.40	85.30
1482.00	94.10
1482.60	99.50
1483.20	97.90
1483.80	99.30
1484.40	86.30
1485.00	94.70
1485.60	103.30
1486.20	108.00
1486.80	87.90
1487.40	100.50
1488.00	88.00
1488.60	79.70
1489.20	91.20
1489.80	92.90
1490.40	85.20
1491.00	84.20
1491.60	74.00
1492.20	87.60
1492.80	91.30
1493.40	97.60
1494.00	104.50
1494.60	103.90
1495.20	95.00
1495.80	92.20
1496.40	96.40
1497.00	91.70
1497.60	97.40
1498.20	96.50
1498.80	100.60
1499.40	102.60
1500.00	94.90
1500.60	90.30
1501.20	93.80
