#time	SIM_7.5_10/
0.60	150.80
1.20	150.90
1.80	144.80
2.40	152.20
3.00	144.20
3.60	139.10
4.20	144.70
4.80	130.60
5.40	138.80
6.00	161.30
6.60	165.90
7.20	164.70
7.80	167.90
8.40	175.40
9.00	168.80
9.60	163.30
10.20	167.60
10.80	159.40
11.40	157.40
12.00	148.50
12.60	152.40
13.20	161.60
13.80	166.40
14.40	176.20
15.00	184.50
15.60	188.00
16.20	193.30
16.80	198.40
17.40	196.70
18.00	192.30
18.60	188.00
19.20	189.40
19.80	178.60
20.40	176.50
21.00	181.00
21.60	184.00
22.20	186.80
22.80	180.80
23.40	180.50
24.00	180.00
24.60	180.60
25.20	177.50
25.80	172.00
26.40	166.70
27.00	171.00
27.60	174.50
28.20	185.30
28.80	176.00
29.40	170.20
30.00	173.50
30.60	172.30
31.20	175.60
31.80	176.00
32.40	179.80
33.00	175.30
33.60	178.90
34.20	176.00
34.80	179.30
35.40	177.90
36.00	175.30
36.60	175.10
37.20	187.90
37.80	179.50
38.40	154.90
39.00	157.10
39.60	160.50
40.20	173.80
40.80	170.30
41.40	168.50
42.00	162.30
42.60	174.10
43.20	161.00
43.80	159.60
44.40	173.00
45.00	161.50
45.60	159.10
46.20	152.20
46.80	153.10
47.40	136.00
48.00	131.70
48.60	140.40
49.20	128.70
49.80	135.60
50.40	124.60
51.00	136.10
51.60	145.20
52.20	134.60
52.80	142.00
53.40	137.00
54.00	152.20
54.60	155.30
55.20	164.80
55.80	161.30
56.40	164.10
57.00	160.70
57.60	160.10
58.20	165.60
58.80	156.20
59.40	163.30
60.00	158.30
60.60	165.30
61.20	154.70
61.80	148.70
62.40	146.40
63.00	152.70
63.60	140.90
64.20	146.40
64.80	164.60
65.40	152.80
66.00	154.00
66.60	151.20
67.20	151.80
67.80	145.60
68.40	147.40
69.00	136.30
69.60	129.20
70.20	131.30
70.80	122.70
71.40	137.70
72.00	132.60
72.60	120.90
73.20	131.60
73.80	140.00
74.40	145.10
75.00	155.20
75.60	169.70
76.20	170.30
76.80	177.30
77.40	151.60
78.00	152.60
78.60	163.90
79.20	166.80
79.80	149.30
80.40	153.10
81.00	151.20
81.60	152.60
82.20	156.20
82.80	143.90
83.40	147.00
84.00	150.00
84.60	142.60
85.20	136.90
85.80	140.70
86.40	144.80
87.00	153.60
87.60	143.60
88.20	136.80
88.80	147.10
89.40	155.90
90.00	161.50
90.60	151.80
91.20	148.90
91.80	132.90
92.40	126.60
93.00	122.40
93.60	121.20
94.20	126.10
94.80	140.20
95.40	131.40
96.00	122.90
96.60	141.60
97.20	156.90
97.80	158.50
98.40	158.80
99.00	147.40
99.60	170.60
100.20	168.30
100.80	160.20
101.40	156.90
102.00	158.30
102.60	161.20
103.20	168.50
103.80	167.30
104.40	151.70
105.00	158.00
105.60	158.40
106.20	166.70
106.80	171.40
107.40	173.10
108.00	173.80
108.60	158.20
109.20	163.00
109.80	177.50
110.40	172.30
111.00	188.00
111.60	180.90
112.20	188.20
112.80	186.60
113.40	180.00
114.00	175.00
114.60	167.60
115.20	173.20
115.80	186.10
116.40	178.60
117.00	179.30
117.60	195.20
118.20	196.20
118.80	190.80
119.40	196.70
120.00	192.90
120.60	188.30
121.20	191.60
121.80	174.00
122.40	176.70
123.00	183.00
123.60	179.80
124.20	175.10
124.80	172.50
125.40	175.50
126.00	170.50
126.60	178.00
127.20	180.10
127.80	174.50
128.40	173.70
129.00	169.80
129.60	177.90
130.20	188.40
130.80	188.80
131.40	186.10
132.00	177.40
132.60	174.00
133.20	169.10
133.80	162.20
134.40	168.50
135.00	169.20
135.60	164.70
136.20	171.00
136.80	193.50
137.40	182.90
138.00	190.00
138.60	202.00
139.20	191.00
139.80	193.10
140.40	188.20
141.00	171.60
141.60	168.80
142.20	179.80
142.80	167.80
143.40	175.20
144.00	177.60
144.60	162.60
145.20	157.70
145.80	157.90
146.40	164.00
147.00	163.10
147.60	168.70
148.20	185.50
148.80	184.90
149.40	190.40
150.00	192.80
150.60	190.60
151.20	199.80
151.80	186.50
152.40	187.30
153.00	196.30
153.60	199.10
154.20	200.00
154.80	204.80
155.40	190.50
156.00	200.80
156.60	198.20
157.20	186.80
157.80	190.40
158.40	185.60
159.00	165.00
159.60	163.40
160.20	144.40
160.80	150.10
161.40	141.70
162.00	152.80
162.60	152.20
163.20	155.00
163.80	151.90
164.40	138.60
165.00	121.50
165.60	132.90
166.20	131.00
166.80	126.60
167.40	121.80
168.00	134.90
168.60	121.20
169.20	124.90
169.80	133.50
170.40	137.80
171.00	137.00
171.60	138.60
172.20	135.60
172.80	140.20
173.40	137.50
174.00	139.20
174.60	148.70
175.20	154.60
175.80	147.20
176.40	147.00
177.00	134.10
177.60	140.10
178.20	140.90
178.80	133.20
179.40	121.40
180.00	119.50
180.60	113.80
181.20	105.90
181.80	114.70
182.40	112.30
183.00	110.70
183.60	102.20
184.20	100.50
184.80	106.00
185.40	96.40
186.00	88.20
186.60	92.20
187.20	88.10
187.80	88.50
188.40	92.50
189.00	87.80
189.60	102.50
190.20	94.50
190.80	85.10
191.40	82.50
192.00	88.80
192.60	91.80
193.20	89.70
193.80	80.30
194.40	72.00
195.00	73.80
195.60	74.10
196.20	75.00
196.80	96.50
197.40	93.20
198.00	77.50
198.60	85.10
199.20	98.50
199.80	84.50
200.40	94.70
201.00	95.50
201.60	101.30
202.20	87.50
202.80	109.20
203.40	106.10
204.00	92.20
204.60	95.40
205.20	115.40
205.80	108.20
206.40	112.40
207.00	103.60
207.60	104.70
208.20	91.90
208.80	102.00
209.40	103.10
210.00	109.70
210.60	104.70
211.20	102.00
211.80	103.10
212.40	100.70
213.00	105.10
213.60	115.90
214.20	124.40
214.80	122.40
215.40	124.90
216.00	128.60
216.60	124.90
217.20	126.80
217.80	127.40
218.40	129.40
219.00	130.90
219.60	137.40
220.20	142.10
220.80	149.50
221.40	150.70
222.00	131.50
222.60	127.70
223.20	136.20
223.80	126.10
224.40	113.70
225.00	113.10
225.60	115.90
226.20	117.90
226.80	115.50
227.40	121.30
228.00	118.30
228.60	129.60
229.20	125.50
229.80	132.60
230.40	157.40
231.00	161.90
231.60	163.90
232.20	160.10
232.80	158.20
233.40	156.90
234.00	162.80
234.60	171.30
235.20	173.40
235.80	172.00
236.40	168.20
237.00	166.20
237.60	172.10
238.20	167.10
238.80	157.90
239.40	154.60
240.00	168.70
240.60	174.00
241.20	186.70
241.80	179.00
242.40	175.20
243.00	186.50
243.60	186.60
244.20	194.00
244.80	188.80
245.40	197.80
246.00	202.50
246.60	192.30
247.20	194.70
247.80	189.20
248.40	195.50
249.00	182.00
249.60	174.10
250.20	181.30
250.80	173.60
251.40	184.90
252.00	180.60
252.60	172.80
253.20	177.80
253.80	188.40
254.40	188.00
255.00	198.60
255.60	191.20
256.20	184.50
256.80	175.30
257.40	186.00
258.00	183.00
258.60	185.70
259.20	182.00
259.80	170.70
260.40	165.80
261.00	159.60
261.60	148.40
262.20	148.70
262.80	154.60
263.40	161.40
264.00	153.60
264.60	148.80
265.20	171.90
265.80	172.80
266.40	172.70
267.00	179.00
267.60	174.90
268.20	165.80
268.80	174.30
269.40	173.40
270.00	163.60
270.60	174.20
271.20	149.10
271.80	161.00
272.40	162.60
273.00	171.70
273.60	155.40
274.20	161.60
274.80	173.40
275.40	190.20
276.00	183.30
276.60	190.60
277.20	180.70
277.80	173.10
278.40	162.70
279.00	161.10
279.60	166.80
280.20	158.10
280.80	157.90
281.40	157.30
282.00	155.80
282.60	153.60
283.20	151.40
283.80	157.30
284.40	155.20
285.00	150.10
285.60	157.40
286.20	155.70
286.80	157.10
287.40	147.10
288.00	158.80
288.60	166.40
289.20	167.60
289.80	163.50
290.40	171.40
291.00	159.00
291.60	173.50
292.20	174.90
292.80	185.70
293.40	180.40
294.00	169.70
294.60	180.50
295.20	172.50
295.80	163.70
296.40	168.00
297.00	148.70
297.60	149.60
298.20	161.40
298.80	174.50
299.40	172.10
300.00	165.50
300.60	156.30
301.20	155.20
301.80	130.60
302.40	131.20
303.00	144.80
303.60	141.10
304.20	141.20
304.80	133.60
305.40	145.70
306.00	144.10
306.60	156.30
307.20	166.80
307.80	147.40
308.40	148.40
309.00	144.90
309.60	139.30
310.20	133.80
310.80	141.60
311.40	145.00
312.00	132.30
312.60	126.10
313.20	139.40
313.80	140.60
314.40	129.70
315.00	126.60
315.60	126.30
316.20	131.60
316.80	137.70
317.40	153.80
318.00	151.10
318.60	156.40
319.20	154.10
319.80	151.80
320.40	161.30
321.00	172.90
321.60	163.60
322.20	157.40
322.80	169.20
323.40	158.10
324.00	158.50
324.60	157.20
325.20	158.70
325.80	145.90
326.40	140.90
327.00	144.30
327.60	129.90
328.20	134.90
328.80	150.70
329.40	157.60
330.00	167.80
330.60	170.50
331.20	167.70
331.80	157.50
332.40	168.30
333.00	157.00
333.60	166.20
334.20	162.00
334.80	155.20
335.40	161.80
336.00	167.70
336.60	175.40
337.20	171.00
337.80	167.00
338.40	158.70
339.00	152.40
339.60	147.70
340.20	141.50
340.80	155.40
341.40	159.30
342.00	150.70
342.60	163.20
343.20	163.10
343.80	172.70
344.40	160.70
345.00	164.60
345.60	166.10
346.20	171.00
346.80	175.10
347.40	169.30
348.00	165.20
348.60	165.70
349.20	174.20
349.80	171.10
350.40	173.80
351.00	164.20
351.60	165.40
352.20	171.80
352.80	165.30
353.40	170.80
354.00	164.50
354.60	157.60
355.20	143.30
355.80	156.30
356.40	169.80
357.00	167.70
357.60	163.80
358.20	160.10
358.80	179.50
359.40	173.50
360.00	167.60
360.60	180.20
361.20	182.80
361.80	171.40
362.40	185.20
363.00	193.20
363.60	170.40
364.20	177.20
364.80	161.90
365.40	165.90
366.00	179.50
366.60	182.20
367.20	190.50
367.80	182.30
368.40	178.70
369.00	181.60
369.60	171.30
370.20	181.50
370.80	176.10
371.40	169.10
372.00	183.20
372.60	178.90
373.20	170.70
373.80	173.50
374.40	162.10
375.00	164.40
375.60	175.20
376.20	185.20
376.80	182.80
377.40	171.90
378.00	180.00
378.60	173.00
379.20	185.20
379.80	197.70
380.40	199.60
381.00	186.60
381.60	193.80
382.20	197.70
382.80	197.80
383.40	187.90
384.00	186.90
384.60	179.10
385.20	166.70
385.80	159.00
386.40	161.50
387.00	153.20
387.60	162.20
388.20	156.20
388.80	166.10
389.40	180.80
390.00	180.90
390.60	183.20
391.20	183.20
391.80	182.10
392.40	174.30
393.00	178.40
393.60	164.10
394.20	167.60
394.80	160.60
395.40	152.10
396.00	160.70
396.60	155.70
397.20	141.50
397.80	142.40
398.40	153.50
399.00	168.60
399.60	171.10
400.20	163.20
400.80	161.50
401.40	164.90
402.00	159.20
402.60	141.00
403.20	144.90
403.80	150.00
404.40	129.70
405.00	146.30
405.60	140.00
406.20	135.60
406.80	128.00
407.40	119.70
408.00	126.50
408.60	138.50
409.20	138.30
409.80	143.90
410.40	139.60
411.00	150.10
411.60	152.30
412.20	144.30
412.80	146.10
413.40	151.70
414.00	162.40
414.60	160.70
415.20	149.10
415.80	151.10
416.40	140.80
417.00	151.10
417.60	143.10
418.20	137.10
418.80	152.70
419.40	151.00
420.00	157.90
420.60	154.40
421.20	150.00
421.80	156.70
422.40	145.40
423.00	148.00
423.60	150.70
424.20	156.20
424.80	148.90
425.40	156.80
426.00	150.30
426.60	143.10
427.20	131.80
427.80	140.50
428.40	135.80
429.00	133.00
429.60	140.90
430.20	141.30
430.80	139.70
431.40	142.30
432.00	143.90
432.60	155.20
433.20	146.00
433.80	147.30
434.40	134.60
435.00	152.80
435.60	161.40
436.20	151.20
436.80	167.90
437.40	146.20
438.00	160.70
438.60	169.90
439.20	174.30
439.80	176.20
440.40	180.20
441.00	177.70
441.60	180.70
442.20	183.70
442.80	175.70
443.40	179.20
444.00	182.70
444.60	194.20
445.20	196.50
445.80	196.70
446.40	189.00
447.00	180.90
447.60	181.10
448.20	181.40
448.80	175.80
449.40	181.40
450.00	185.50
450.60	188.70
451.20	192.60
451.80	185.50
452.40	178.20
453.00	167.50
453.60	171.00
454.20	188.30
454.80	184.00
455.40	183.40
456.00	195.90
456.60	189.00
457.20	177.60
457.80	184.00
458.40	182.30
459.00	192.80
459.60	196.00
460.20	192.70
460.80	190.10
461.40	184.80
462.00	176.20
462.60	184.40
463.20	193.70
463.80	193.90
464.40	179.10
465.00	170.10
465.60	171.00
466.20	171.80
466.80	174.40
467.40	166.80
468.00	182.70
468.60	185.40
469.20	180.80
469.80	172.40
470.40	175.10
471.00	169.60
471.60	174.10
472.20	163.70
472.80	155.70
473.40	167.00
474.00	163.50
474.60	177.50
475.20	191.60
475.80	180.30
476.40	180.00
477.00	171.80
477.60	178.90
478.20	177.90
478.80	198.20
479.40	203.80
480.00	203.40
480.60	203.20
481.20	203.90
481.80	194.90
482.40	192.10
483.00	190.40
483.60	186.20
484.20	173.50
484.80	170.00
485.40	166.90
486.00	161.80
486.60	169.30
487.20	170.40
487.80	167.10
488.40	166.80
489.00	167.60
489.60	174.80
490.20	184.10
490.80	182.00
491.40	181.00
492.00	169.50
492.60	163.50
493.20	180.60
493.80	173.30
494.40	167.00
495.00	162.50
495.60	176.00
496.20	160.70
496.80	157.80
497.40	171.20
498.00	186.90
498.60	176.30
499.20	177.60
499.80	164.30
500.40	149.90
501.00	158.10
501.60	156.60
502.20	160.70
502.80	163.30
503.40	176.70
504.00	179.70
504.60	178.20
505.20	190.30
505.80	172.30
506.40	168.80
507.00	169.40
507.60	165.20
508.20	162.60
508.80	164.40
509.40	163.80
510.00	142.70
510.60	159.50
511.20	152.80
511.80	145.70
512.40	144.20
513.00	151.00
513.60	152.40
514.20	150.50
514.80	158.50
515.40	162.30
516.00	157.90
516.60	150.70
517.20	168.60
517.80	164.20
518.40	169.20
519.00	162.40
519.60	179.00
520.20	179.40
520.80	186.80
521.40	193.70
522.00	181.30
522.60	178.00
523.20	177.20
523.80	187.10
524.40	189.10
525.00	202.20
525.60	204.50
526.20	202.80
526.80	207.60
527.40	203.10
528.00	197.40
528.60	191.50
529.20	189.20
529.80	194.10
530.40	196.70
531.00	199.90
531.60	199.80
532.20	211.80
532.80	195.60
533.40	201.00
534.00	200.20
534.60	209.80
535.20	188.40
535.80	190.50
536.40	195.90
537.00	190.40
537.60	188.40
538.20	178.50
538.80	186.40
539.40	198.60
540.00	194.40
540.60	175.90
541.20	180.20
541.80	172.30
542.40	162.40
543.00	197.30
543.60	200.70
544.20	210.10
544.80	213.50
545.40	215.40
546.00	226.10
546.60	214.20
547.20	225.60
547.80	222.50
548.40	219.40
549.00	218.50
549.60	221.50
550.20	228.90
550.80	225.70
551.40	225.10
552.00	225.80
552.60	222.80
553.20	222.90
553.80	222.80
554.40	219.00
555.00	225.00
555.60	223.50
556.20	221.00
556.80	212.30
557.40	203.50
558.00	206.70
558.60	208.70
559.20	202.90
559.80	189.60
560.40	185.90
561.00	177.70
561.60	200.80
562.20	196.60
562.80	195.80
563.40	198.10
564.00	202.30
564.60	183.50
565.20	176.90
565.80	187.20
566.40	186.70
567.00	192.20
567.60	211.50
568.20	200.40
568.80	198.70
569.40	191.70
570.00	192.00
570.60	193.80
571.20	198.40
571.80	191.90
572.40	204.90
573.00	209.40
573.60	198.50
574.20	192.60
574.80	192.00
575.40	184.90
576.00	186.00
576.60	189.00
577.20	182.90
577.80	181.30
578.40	179.40
579.00	162.60
579.60	155.70
580.20	172.60
580.80	164.40
581.40	171.00
582.00	161.30
582.60	151.10
583.20	167.10
583.80	172.60
584.40	176.10
585.00	189.50
585.60	185.20
586.20	168.90
586.80	175.20
587.40	169.50
588.00	190.50
588.60	184.00
589.20	170.90
589.80	163.60
590.40	177.20
591.00	180.20
591.60	185.40
592.20	172.40
592.80	166.60
593.40	168.30
594.00	157.40
594.60	157.50
595.20	162.20
595.80	171.60
596.40	162.40
597.00	157.40
597.60	165.50
598.20	168.40
598.80	177.10
599.40	183.70
600.00	190.40
600.60	189.90
601.20	197.00
601.80	191.10
602.40	199.80
603.00	189.70
603.60	182.20
604.20	186.10
604.80	176.60
605.40	183.20
606.00	172.80
606.60	178.60
607.20	185.20
607.80	168.60
608.40	170.40
609.00	172.10
609.60	171.80
610.20	175.60
610.80	172.00
611.40	170.60
612.00	168.30
612.60	172.90
613.20	174.10
613.80	190.60
614.40	182.50
615.00	183.10
615.60	177.40
616.20	165.00
616.80	166.20
617.40	170.50
618.00	170.20
618.60	171.10
619.20	177.40
619.80	167.10
620.40	170.50
621.00	181.00
621.60	193.90
622.20	197.20
622.80	193.50
623.40	175.10
624.00	169.60
624.60	165.80
625.20	150.30
625.80	147.90
626.40	137.90
627.00	135.20
627.60	140.70
628.20	139.00
628.80	137.20
629.40	146.40
630.00	156.90
630.60	148.30
631.20	141.00
631.80	151.20
632.40	141.60
633.00	148.90
633.60	141.60
634.20	147.20
634.80	131.60
635.40	145.30
636.00	143.90
636.60	158.60
637.20	151.30
637.80	162.00
638.40	173.30
639.00	167.20
639.60	161.00
640.20	166.20
640.80	158.30
641.40	154.40
642.00	153.50
642.60	137.30
643.20	146.50
643.80	157.60
644.40	164.30
645.00	155.70
645.60	138.90
646.20	149.20
646.80	134.60
647.40	136.90
648.00	136.50
648.60	128.50
649.20	123.10
649.80	141.10
650.40	134.20
651.00	134.70
651.60	125.30
652.20	128.50
652.80	132.20
653.40	124.40
654.00	128.80
654.60	122.00
655.20	131.20
655.80	128.40
656.40	126.50
657.00	127.70
657.60	121.50
658.20	125.90
658.80	139.60
659.40	133.40
660.00	125.50
660.60	128.00
661.20	135.10
661.80	134.70
662.40	143.20
663.00	143.30
663.60	127.80
664.20	133.30
664.80	139.40
665.40	134.20
666.00	128.60
666.60	144.20
667.20	145.90
667.80	156.10
668.40	147.10
669.00	142.10
669.60	153.50
670.20	157.00
670.80	154.60
671.40	154.60
672.00	146.10
672.60	137.40
673.20	137.00
673.80	129.30
674.40	134.90
675.00	123.50
675.60	126.40
676.20	119.60
676.80	108.80
677.40	103.50
678.00	105.00
678.60	107.30
679.20	103.10
679.80	105.20
680.40	93.70
681.00	104.80
681.60	106.50
682.20	105.10
682.80	107.50
683.40	103.70
684.00	103.50
684.60	96.40
685.20	94.60
685.80	87.10
686.40	80.80
687.00	81.50
687.60	81.20
688.20	98.80
688.80	109.00
689.40	102.10
690.00	107.80
690.60	106.90
691.20	106.60
691.80	100.30
692.40	94.40
693.00	97.80
693.60	83.60
694.20	84.00
694.80	99.10
695.40	88.50
696.00	99.00
696.60	98.50
697.20	99.10
697.80	100.70
698.40	97.60
699.00	87.60
699.60	88.40
700.20	78.60
700.80	86.50
701.40	78.30
702.00	95.20
702.60	95.60
703.20	87.90
703.80	79.10
704.40	86.00
705.00	76.90
705.60	83.60
706.20	92.70
706.80	94.60
707.40	96.30
708.00	90.90
708.60	93.60
709.20	91.80
709.80	95.10
710.40	87.40
711.00	82.00
711.60	93.00
712.20	94.70
712.80	97.70
713.40	81.70
714.00	86.20
714.60	97.00
715.20	87.20
715.80	86.40
716.40	95.10
717.00	92.90
717.60	89.10
718.20	89.30
718.80	91.10
719.40	94.10
720.00	105.90
720.60	101.90
721.20	103.30
721.80	103.40
722.40	94.40
723.00	96.70
723.60	102.30
724.20	99.60
724.80	97.60
725.40	83.60
726.00	95.90
726.60	102.00
727.20	100.60
727.80	90.10
728.40	88.50
729.00	100.90
729.60	94.40
730.20	98.40
730.80	86.40
731.40	85.70
732.00	99.40
732.60	105.50
733.20	117.10
733.80	100.50
734.40	108.20
735.00	120.70
735.60	121.30
736.20	134.40
736.80	131.80
737.40	122.50
738.00	123.60
738.60	134.60
739.20	133.40
739.80	128.00
740.40	110.30
741.00	107.70
741.60	92.00
742.20	102.40
742.80	105.40
743.40	111.30
744.00	119.40
744.60	129.90
745.20	129.50
745.80	126.70
746.40	124.50
747.00	118.70
747.60	124.80
748.20	114.90
748.80	118.80
749.40	109.20
750.00	122.60
750.60	129.30
751.20	126.40
751.80	122.10
752.40	119.10
753.00	103.60
753.60	119.20
754.20	111.80
754.80	111.00
755.40	107.10
756.00	109.50
756.60	103.30
757.20	113.20
757.80	114.30
758.40	115.30
759.00	115.30
759.60	106.70
760.20	107.70
760.80	108.00
761.40	119.90
762.00	128.70
762.60	122.70
763.20	125.70
763.80	110.20
764.40	104.60
765.00	100.90
765.60	110.40
766.20	107.00
766.80	106.40
767.40	95.70
768.00	100.60
768.60	111.50
769.20	100.30
769.80	115.10
770.40	99.80
771.00	106.50
771.60	103.40
772.20	101.10
772.80	120.70
773.40	121.10
774.00	120.30
774.60	120.50
775.20	129.80
775.80	112.20
776.40	111.40
777.00	106.40
777.60	103.10
778.20	106.20
778.80	101.70
779.40	97.40
780.00	106.40
780.60	103.50
781.20	108.20
781.80	104.30
782.40	108.20
783.00	132.50
783.60	132.10
784.20	126.30
784.80	128.20
785.40	121.80
786.00	120.40
786.60	105.80
787.20	110.70
787.80	103.60
788.40	93.50
789.00	93.80
789.60	92.70
790.20	92.40
790.80	87.30
791.40	79.30
792.00	74.40
792.60	70.60
793.20	56.70
793.80	57.90
794.40	62.80
795.00	71.20
795.60	69.90
796.20	66.10
796.80	68.20
797.40	69.30
798.00	70.70
798.60	67.10
799.20	66.30
799.80	77.10
800.40	77.30
801.00	70.20
801.60	69.70
802.20	79.30
802.80	78.00
803.40	64.70
804.00	50.80
804.60	72.20
805.20	64.30
805.80	70.70
806.40	68.80
807.00	63.20
807.60	70.80
808.20	78.90
808.80	85.10
809.40	77.30
810.00	88.80
810.60	91.60
811.20	90.90
811.80	83.00
812.40	84.50
813.00	70.60
813.60	58.20
814.20	41.70
814.80	44.10
815.40	43.80
816.00	48.90
816.60	52.60
817.20	50.60
817.80	51.60
818.40	50.00
819.00	61.90
819.60	56.60
820.20	44.80
820.80	35.60
821.40	41.30
822.00	46.40
822.60	37.30
823.20	40.30
823.80	45.30
824.40	46.80
825.00	47.80
825.60	50.90
826.20	58.50
826.80	65.10
827.40	76.50
828.00	91.10
828.60	80.40
829.20	83.40
829.80	76.50
830.40	67.10
831.00	77.20
831.60	78.40
832.20	69.00
832.80	72.10
833.40	74.20
834.00	68.50
834.60	50.80
835.20	55.40
835.80	51.90
836.40	49.10
837.00	55.00
837.60	47.80
838.20	45.40
838.80	47.50
839.40	40.30
840.00	41.90
840.60	50.40
841.20	48.80
841.80	53.60
842.40	59.10
843.00	56.40
843.60	56.70
844.20	53.60
844.80	50.80
845.40	55.10
846.00	41.30
846.60	41.50
847.20	25.00
847.80	32.80
848.40	32.70
849.00	42.90
849.60	39.20
850.20	48.20
850.80	44.00
851.40	28.00
852.00	34.50
852.60	36.50
853.20	28.30
853.80	31.00
854.40	32.00
855.00	51.70
855.60	40.40
856.20	37.50
856.80	30.30
857.40	27.90
858.00	14.20
858.60	10.50
859.20	18.70
859.80	16.90
860.40	20.20
861.00	9.50
861.60	33.30
862.20	32.40
862.80	42.40
863.40	44.30
864.00	40.60
864.60	46.20
865.20	30.50
865.80	33.80
866.40	44.50
867.00	39.90
867.60	40.80
868.20	51.50
868.80	46.20
869.40	43.30
870.00	55.30
870.60	64.60
871.20	73.90
871.80	84.80
872.40	80.40
873.00	84.40
873.60	76.30
874.20	82.10
874.80	73.70
875.40	69.70
876.00	72.80
876.60	71.30
877.20	81.90
877.80	83.70
878.40	67.50
879.00	58.80
879.60	62.00
880.20	66.90
880.80	61.50
881.40	53.80
882.00	54.60
882.60	60.20
883.20	63.50
883.80	61.50
884.40	61.50
885.00	72.90
885.60	71.80
886.20	69.10
886.80	77.60
887.40	77.00
888.00	87.70
888.60	76.40
889.20	74.10
889.80	59.90
890.40	69.40
891.00	62.60
891.60	55.60
892.20	69.00
892.80	68.40
893.40	73.30
894.00	82.40
894.60	81.70
895.20	96.00
895.80	101.60
896.40	86.90
897.00	91.90
897.60	95.90
898.20	82.40
898.80	72.00
899.40	72.60
900.00	78.80
900.60	77.80
901.20	56.50
901.80	72.00
902.40	66.00
903.00	74.00
903.60	80.50
904.20	81.40
904.80	74.80
905.40	73.90
906.00	72.20
906.60	77.40
907.20	83.30
907.80	83.60
908.40	71.60
909.00	71.20
909.60	72.30
910.20	57.60
910.80	62.70
911.40	70.00
912.00	67.00
912.60	60.50
913.20	66.50
913.80	72.40
914.40	69.70
915.00	54.10
915.60	52.20
916.20	51.30
916.80	61.40
917.40	57.00
918.00	43.80
918.60	54.90
919.20	49.40
919.80	54.30
920.40	42.10
921.00	38.90
921.60	36.20
922.20	32.30
922.80	38.70
923.40	39.00
924.00	37.20
924.60	34.50
925.20	37.60
925.80	54.50
926.40	46.70
927.00	46.40
927.60	49.50
928.20	51.80
928.80	61.70
929.40	50.10
930.00	62.80
930.60	59.70
931.20	55.20
931.80	58.30
932.40	43.10
933.00	50.00
933.60	50.20
934.20	47.60
934.80	56.50
935.40	74.20
936.00	61.30
936.60	61.20
937.20	59.90
937.80	63.60
938.40	73.90
939.00	68.60
939.60	62.70
940.20	53.10
940.80	50.60
941.40	54.70
942.00	64.80
942.60	65.90
943.20	64.30
943.80	81.90
944.40	66.80
945.00	63.80
945.60	56.90
946.20	62.50
946.80	53.90
947.40	49.40
948.00	51.40
948.60	63.60
949.20	66.50
949.80	60.30
950.40	68.20
951.00	66.90
951.60	80.60
952.20	80.90
952.80	72.40
953.40	75.10
954.00	70.40
954.60	81.40
955.20	83.90
955.80	84.40
956.40	79.80
957.00	83.50
957.60	85.30
958.20	94.00
958.80	89.20
959.40	99.00
960.00	113.00
960.60	117.40
961.20	114.70
961.80	120.50
962.40	134.20
963.00	126.00
963.60	128.70
964.20	148.50
964.80	153.50
965.40	131.00
966.00	122.60
966.60	126.60
967.20	120.60
967.80	121.80
968.40	121.10
969.00	121.20
969.60	120.00
970.20	123.80
970.80	126.80
971.40	139.30
972.00	121.00
972.60	124.00
973.20	123.80
973.80	113.80
974.40	104.60
975.00	106.20
975.60	98.40
976.20	100.00
976.80	88.40
977.40	90.20
978.00	75.60
978.60	90.90
979.20	105.70
979.80	104.70
980.40	116.70
981.00	115.40
981.60	103.10
982.20	113.00
982.80	107.80
983.40	107.00
984.00	98.50
984.60	88.80
985.20	110.00
985.80	105.40
986.40	100.90
987.00	100.00
987.60	101.00
988.20	99.70
988.80	108.70
989.40	105.70
990.00	103.00
990.60	116.00
991.20	120.00
991.80	132.10
992.40	121.50
993.00	136.80
993.60	131.00
994.20	132.90
994.80	141.20
995.40	143.40
996.00	153.40
996.60	153.30
997.20	142.00
997.80	153.70
998.40	159.90
999.00	156.40
999.60	156.70
1000.20	166.70
1000.80	153.90
1001.40	147.40
1002.00	150.00
1002.60	149.90
1003.20	152.90
1003.80	165.20
1004.40	153.80
1005.00	155.10
1005.60	169.50
1006.20	167.50
1006.80	162.10
1007.40	148.10
1008.00	159.80
1008.60	162.20
1009.20	170.30
1009.80	164.70
1010.40	166.30
1011.00	149.10
1011.60	163.40
1012.20	151.90
1012.80	151.20
1013.40	138.80
1014.00	136.70
1014.60	141.90
1015.20	141.50
1015.80	138.70
1016.40	135.10
1017.00	124.60
1017.60	114.10
1018.20	123.70
1018.80	127.70
1019.40	123.40
1020.00	121.10
1020.60	112.60
1021.20	111.30
1021.80	113.00
1022.40	121.70
1023.00	108.60
1023.60	107.00
1024.20	127.10
1024.80	133.10
1025.40	132.70
1026.00	133.40
1026.60	122.80
1027.20	117.80
1027.80	121.70
1028.40	122.30
1029.00	125.60
1029.60	132.00
1030.20	127.30
1030.80	119.10
1031.40	134.80
1032.00	151.80
1032.60	148.10
1033.20	146.10
1033.80	143.40
1034.40	142.70
1035.00	155.00
1035.60	155.20
1036.20	139.30
1036.80	149.70
1037.40	138.70
1038.00	145.40
1038.60	151.40
1039.20	157.60
1039.80	140.00
1040.40	148.10
1041.00	145.20
1041.60	154.80
1042.20	148.60
1042.80	140.80
1043.40	135.50
1044.00	116.30
1044.60	106.60
1045.20	111.70
1045.80	124.60
1046.40	122.10
1047.00	136.60
1047.60	150.20
1048.20	156.30
1048.80	151.50
1049.40	147.70
1050.00	161.70
1050.60	166.30
1051.20	163.50
1051.80	163.30
1052.40	155.30
1053.00	165.10
1053.60	165.30
1054.20	167.20
1054.80	182.00
1055.40	184.80
1056.00	173.10
1056.60	189.30
1057.20	176.50
1057.80	193.50
1058.40	192.60
1059.00	177.20
1059.60	181.80
1060.20	184.10
1060.80	195.80
1061.40	201.30
1062.00	204.30
1062.60	203.70
1063.20	203.00
1063.80	206.60
1064.40	200.20
1065.00	198.60
1065.60	190.80
1066.20	194.00
1066.80	190.00
1067.40	189.20
1068.00	188.10
1068.60	192.40
1069.20	195.60
1069.80	188.10
1070.40	178.20
1071.00	175.50
1071.60	174.80
1072.20	183.20
1072.80	166.90
1073.40	173.10
1074.00	176.60
1074.60	182.00
1075.20	177.00
1075.80	182.50
1076.40	190.40
1077.00	186.10
1077.60	171.90
1078.20	177.20
1078.80	184.20
1079.40	203.30
1080.00	202.30
1080.60	214.30
1081.20	222.40
1081.80	225.70
1082.40	221.70
1083.00	232.90
1083.60	213.30
1084.20	203.50
1084.80	224.10
1085.40	209.30
1086.00	227.70
1086.60	224.20
1087.20	223.60
1087.80	218.40
1088.40	226.70
1089.00	219.70
1089.60	218.00
1090.20	219.70
1090.80	218.50
1091.40	217.20
1092.00	222.10
1092.60	213.20
1093.20	211.50
1093.80	216.50
1094.40	219.90
1095.00	237.90
1095.60	229.30
1096.20	220.70
1096.80	230.00
1097.40	239.10
1098.00	229.00
1098.60	243.20
1099.20	234.10
1099.80	237.20
1100.40	237.40
1101.00	238.00
1101.60	227.50
1102.20	230.10
1102.80	232.80
1103.40	234.30
1104.00	239.40
1104.60	226.70
1105.20	239.30
1105.80	231.10
1106.40	245.50
1107.00	236.00
1107.60	236.90
1108.20	233.30
1108.80	241.30
1109.40	231.30
1110.00	234.20
1110.60	223.00
1111.20	214.70
1111.80	230.80
1112.40	227.40
1113.00	230.20
1113.60	227.10
1114.20	229.70
1114.80	241.20
1115.40	224.80
1116.00	239.40
1116.60	247.40
1117.20	239.70
1117.80	232.90
1118.40	219.80
1119.00	216.30
1119.60	211.80
1120.20	218.70
1120.80	229.60
1121.40	240.40
1122.00	236.10
1122.60	235.20
1123.20	239.20
1123.80	228.60
1124.40	228.10
1125.00	223.60
1125.60	218.60
1126.20	217.00
1126.80	223.40
1127.40	226.90
1128.00	214.30
1128.60	224.10
1129.20	221.50
1129.80	233.80
1130.40	232.20
1131.00	240.10
1131.60	226.20
1132.20	223.40
1132.80	226.60
1133.40	228.50
1134.00	236.90
1134.60	239.10
1135.20	238.40
1135.80	240.20
1136.40	241.60
1137.00	224.00
1137.60	218.50
1138.20	227.20
1138.80	223.60
1139.40	217.60
1140.00	208.30
1140.60	208.90
1141.20	212.50
1141.80	224.70
1142.40	210.30
1143.00	209.90
1143.60	210.90
1144.20	205.20
1144.80	206.40
1145.40	188.80
1146.00	181.30
1146.60	192.50
1147.20	200.00
1147.80	210.60
1148.40	200.40
1149.00	214.30
1149.60	207.00
1150.20	203.30
1150.80	205.90
1151.40	202.50
1152.00	196.90
1152.60	190.80
1153.20	193.50
1153.80	188.70
1154.40	197.90
1155.00	196.80
1155.60	203.20
1156.20	200.90
1156.80	194.40
1157.40	196.50
1158.00	198.10
1158.60	200.40
1159.20	200.20
1159.80	195.50
1160.40	185.60
1161.00	199.50
1161.60	202.80
1162.20	208.60
1162.80	204.50
1163.40	191.00
1164.00	186.00
1164.60	174.80
1165.20	180.70
1165.80	181.00
1166.40	183.20
1167.00	167.60
1167.60	180.80
1168.20	175.90
1168.80	178.10
1169.40	167.30
1170.00	170.10
1170.60	167.20
1171.20	175.50
1171.80	186.10
1172.40	183.10
1173.00	188.40
1173.60	195.70
1174.20	187.40
1174.80	194.10
1175.40	197.30
1176.00	213.50
1176.60	202.10
1177.20	208.50
1177.80	211.20
1178.40	222.60
1179.00	216.00
1179.60	218.40
1180.20	218.70
1180.80	229.50
1181.40	232.80
1182.00	229.60
1182.60	228.70
1183.20	231.00
1183.80	225.70
1184.40	225.00
1185.00	221.90
1185.60	225.10
1186.20	224.00
1186.80	223.00
1187.40	217.70
1188.00	218.70
1188.60	205.30
1189.20	211.70
1189.80	209.50
1190.40	195.20
1191.00	183.20
1191.60	177.60
1192.20	183.80
1192.80	178.40
1193.40	180.30
1194.00	173.50
1194.60	180.80
1195.20	182.70
1195.80	178.00
1196.40	177.90
1197.00	180.40
1197.60	165.00
1198.20	156.70
1198.80	169.00
1199.40	187.20
1200.00	190.60
1200.60	195.60
1201.20	203.30
1201.80	192.40
1202.40	186.60
1203.00	186.10
1203.60	172.20
1204.20	180.20
1204.80	181.90
1205.40	176.10
1206.00	169.50
1206.60	181.80
1207.20	187.00
1207.80	170.60
1208.40	185.30
1209.00	206.00
1209.60	208.80
1210.20	212.90
1210.80	210.90
1211.40	215.30
1212.00	212.80
1212.60	219.40
1213.20	218.90
1213.80	200.10
1214.40	203.80
1215.00	208.50
1215.60	198.10
1216.20	196.10
1216.80	206.60
1217.40	203.90
1218.00	206.70
1218.60	205.70
1219.20	205.10
1219.80	206.40
1220.40	206.00
1221.00	199.60
1221.60	202.40
1222.20	187.50
1222.80	198.90
1223.40	209.10
1224.00	210.60
1224.60	216.90
1225.20	211.50
1225.80	209.50
1226.40	201.00
1227.00	193.40
1227.60	206.20
1228.20	209.50
1228.80	222.30
1229.40	202.00
1230.00	216.00
1230.60	212.10
1231.20	203.60
1231.80	198.40
1232.40	214.70
1233.00	209.70
1233.60	214.70
1234.20	212.10
1234.80	200.30
1235.40	191.30
1236.00	185.80
1236.60	192.20
1237.20	201.20
1237.80	196.10
1238.40	202.00
1239.00	200.60
1239.60	197.40
1240.20	198.20
1240.80	192.90
1241.40	200.80
1242.00	209.90
1242.60	206.20
1243.20	205.30
1243.80	199.50
1244.40	191.10
1245.00	176.60
1245.60	172.30
1246.20	195.00
1246.80	182.80
1247.40	185.00
1248.00	176.40
1248.60	175.90
1249.20	171.90
1249.80	177.50
1250.40	174.10
1251.00	176.30
1251.60	161.60
1252.20	165.60
1252.80	150.90
1253.40	139.30
1254.00	153.80
1254.60	149.00
1255.20	148.30
1255.80	140.00
1256.40	135.40
1257.00	130.80
1257.60	145.70
1258.20	139.90
1258.80	138.70
1259.40	146.50
1260.00	149.70
1260.60	146.00
1261.20	149.50
1261.80	140.40
1262.40	154.70
1263.00	141.20
1263.60	134.50
1264.20	136.20
1264.80	143.00
1265.40	153.30
1266.00	158.80
1266.60	156.50
1267.20	170.30
1267.80	156.30
1268.40	164.00
1269.00	157.50
1269.60	160.30
1270.20	160.40
1270.80	149.90
1271.40	137.70
1272.00	144.70
1272.60	140.40
1273.20	137.40
1273.80	145.10
1274.40	147.10
1275.00	147.00
1275.60	149.70
1276.20	137.80
1276.80	140.00
1277.40	147.00
1278.00	135.10
1278.60	148.20
1279.20	138.10
1279.80	123.10
1280.40	134.00
1281.00	134.90
1281.60	139.20
1282.20	156.20
1282.80	139.80
1283.40	126.20
1284.00	113.50
1284.60	119.60
1285.20	124.10
1285.80	137.90
1286.40	140.60
1287.00	134.10
1287.60	142.70
1288.20	156.20
1288.80	152.00
1289.40	143.40
1290.00	144.70
1290.60	142.90
1291.20	137.10
1291.80	139.40
1292.40	146.20
1293.00	142.80
1293.60	163.60
1294.20	154.10
1294.80	160.00
1295.40	170.40
1296.00	169.50
1296.60	154.50
1297.20	143.80
1297.80	152.50
1298.40	147.80
1299.00	165.30
1299.60	154.90
1300.20	153.10
1300.80	137.40
1301.40	142.60
1302.00	140.80
1302.60	152.50
1303.20	145.00
1303.80	144.80
1304.40	151.10
1305.00	156.10
1305.60	149.10
1306.20	174.80
1306.80	175.30
1307.40	170.60
1308.00	176.40
1308.60	185.00
1309.20	185.30
1309.80	180.00
1310.40	182.50
1311.00	179.00
1311.60	184.20
1312.20	187.40
1312.80	189.20
1313.40	196.70
1314.00	207.60
1314.60	199.30
1315.20	189.10
1315.80	192.60
1316.40	199.20
1317.00	202.20
1317.60	189.70
1318.20	189.80
1318.80	184.60
1319.40	182.70
1320.00	173.60
1320.60	157.10
1321.20	174.70
1321.80	193.30
1322.40	190.70
1323.00	180.20
1323.60	187.40
1324.20	189.90
1324.80	180.00
1325.40	183.60
1326.00	183.90
1326.60	191.50
1327.20	200.40
1327.80	200.70
1328.40	192.50
1329.00	197.80
1329.60	186.90
1330.20	194.60
1330.80	197.40
1331.40	206.30
1332.00	201.90
1332.60	191.90
1333.20	195.00
1333.80	188.10
1334.40	192.40
1335.00	188.90
1335.60	182.10
1336.20	185.00
1336.80	202.50
1337.40	208.70
1338.00	208.00
1338.60	206.70
1339.20	215.10
1339.80	203.80
1340.40	210.00
1341.00	210.00
1341.60	206.80
1342.20	213.10
1342.80	203.80
1343.40	207.40
1344.00	198.10
1344.60	200.30
1345.20	194.40
1345.80	194.90
1346.40	198.20
1347.00	200.70
1347.60	198.80
1348.20	208.40
1348.80	224.80
1349.40	210.60
1350.00	212.60
1350.60	211.30
1351.20	206.50
1351.80	205.10
1352.40	198.20
1353.00	201.10
1353.60	217.90
1354.20	215.30
1354.80	215.20
1355.40	208.30
1356.00	201.90
1356.60	204.50
1357.20	188.10
1357.80	175.20
1358.40	170.50
1359.00	167.40
1359.60	155.70
1360.20	166.50
1360.80	184.80
1361.40	188.90
1362.00	195.50
1362.60	197.10
1363.20	197.10
1363.80	193.00
1364.40	183.70
1365.00	188.30
1365.60	187.90
1366.20	182.50
1366.80	168.90
1367.40	169.80
1368.00	163.30
1368.60	157.40
1369.20	149.30
1369.80	155.40
1370.40	160.30
1371.00	156.30
1371.60	171.40
1372.20	177.40
1372.80	182.50
1373.40	185.10
1374.00	183.20
1374.60	181.60
1375.20	180.90
1375.80	186.90
1376.40	170.60
1377.00	168.40
1377.60	162.90
1378.20	163.20
1378.80	165.70
1379.40	164.60
1380.00	159.90
1380.60	151.00
1381.20	146.50
1381.80	151.30
1382.40	161.50
1383.00	167.10
1383.60	161.80
1384.20	159.70
1384.80	158.00
1385.40	174.40
1386.00	167.90
1386.60	170.60
1387.20	178.30
1387.80	165.00
1388.40	159.80
1389.00	160.00
1389.60	165.20
1390.20	169.50
1390.80	167.70
1391.40	166.40
1392.00	176.80
1392.60	170.40
1393.20	169.70
1393.80	159.80
1394.40	155.10
1395.00	150.10
1395.60	149.90
1396.20	141.80
1396.80	151.00
1397.40	149.40
1398.00	140.80
1398.60	146.00
1399.20	148.70
1399.80	136.90
1400.40	133.60
1401.00	132.80
1401.60	134.20
1402.20	137.70
1402.80	130.50
1403.40	121.60
1404.00	111.70
1404.60	110.20
1405.20	113.40
1405.80	119.60
1406.40	105.80
1407.00	107.20
1407.60	112.60
1408.20	119.00
1408.80	111.90
1409.40	116.20
1410.00	113.30
1410.60	119.60
1411.20	106.70
1411.80	125.20
1412.40	124.50
1413.00	119.80
1413.60	127.00
1414.20	111.30
1414.80	110.30
1415.40	113.90
1416.00	112.50
1416.60	105.80
1417.20	119.00
1417.80	114.50
1418.40	121.00
1419.00	138.00
1419.60	138.40
1420.20	133.50
1420.80	142.20
1421.40	138.60
1422.00	141.10
1422.60	144.10
1423.20	160.30
1423.80	165.00
1424.40	162.70
1425.00	151.60
1425.60	146.10
1426.20	138.80
1426.80	145.50
1427.40	139.90
1428.00	148.50
1428.60	152.00
1429.20	142.40
1429.80	161.60
1430.40	159.40
1431.00	148.20
1431.60	133.10
1432.20	136.80
1432.80	146.70
1433.40	165.50
1434.00	160.70
1434.60	153.60
1435.20	159.60
1435.80	174.40
1436.40	159.40
1437.00	162.00
1437.60	153.00
1438.20	152.40
1438.80	155.20
1439.40	159.10
1440.00	155.70
1440.60	135.70
1441.20	138.10
1441.80	133.00
1442.40	122.50
1443.00	129.50
1443.60	120.60
1444.20	119.00
1444.80	121.70
1445.40	121.80
1446.00	134.60
1446.60	131.50
1447.20	145.30
1447.80	131.30
1448.40	138.90
1449.00	130.30
1449.60	136.00
1450.20	135.40
1450.80	152.20
1451.40	139.30
1452.00	147.00
1452.60	129.70
1453.20	133.20
1453.80	137.00
1454.40	137.20
1455.00	126.90
1455.60	125.40
1456.20	141.00
1456.80	136.60
1457.40	130.30
1458.00	131.20
1458.60	134.90
1459.20	139.10
1459.80	143.10
1460.40	153.20
1461.00	145.20
1461.60	144.60
1462.20	149.60
1462.80	155.20
1463.40	156.70
1464.00	162.20
1464.60	168.90
1465.20	150.90
1465.80	158.80
1466.40	164.30
1467.00	165.00
1467.60	165.40
1468.20	168.60
1468.80	170.50
1469.40	168.60
1470.00	175.70
1470.60	170.70
1471.20	159.10
1471.80	153.50
1472.40	157.70
1473.00	159.50
1473.60	171.00
1474.20	168.80
1474.80	166.80
1475.40	159.80
1476.00	159.80
1476.60	144.30
1477.20	144.20
1477.80	151.20
1478.40	160.30
1479.00	152.00
1479.60	149.40
1480.20	156.10
1480.80	143.60
1481.40	127.10
1482.00	130.60
1482.60	129.30
1483.20	126.90
1483.80	128.10
1484.40	133.00
1485.00	121.60
1485.60	126.90
1486.20	127.90
1486.80	146.90
1487.40	135.00
1488.00	133.40
1488.60	136.00
1489.20	143.30
1489.80	161.30
1490.40	158.60
1491.00	160.70
1491.60	167.60
1492.20	150.70
1492.80	167.10
1493.40	185.50
1494.00	193.00
1494.60	187.30
1495.20	183.90
1495.80	189.10
1496.40	190.70
1497.00	190.20
1497.60	193.50
1498.20	202.90
1498.80	195.30
1499.40	199.20
1500.00	192.40
1500.60	176.50
1501.20	174.30
