#time	50.00
0.60	50.00
1.20	51.90
1.80	52.50
2.40	52.90
3.00	53.00
3.60	52.80
4.20	54.40
4.80	53.80
5.40	52.90
6.00	52.00
6.60	51.60
7.20	50.80
7.80	52.20
8.40	51.00
9.00	50.70
9.60	48.40
10.20	48.50
10.80	49.70
11.40	53.00
12.00	53.30
12.60	54.70
13.20	55.00
13.80	57.30
14.40	58.20
15.00	56.00
15.60	58.50
16.20	56.50
16.80	57.30
17.40	55.40
18.00	56.30
18.60	54.50
19.20	54.60
19.80	53.30
20.40	52.70
21.00	53.60
21.60	54.20
22.20	53.20
22.80	53.40
23.40	52.60
24.00	52.40
24.60	52.00
25.20	49.50
25.80	49.20
26.40	52.10
27.00	53.90
27.60	53.30
28.20	52.50
28.80	51.30
29.40	49.20
30.00	51.10
30.60	48.80
31.20	47.40
31.80	48.20
32.40	47.80
33.00	45.40
33.60	43.90
34.20	43.90
34.80	45.00
35.40	44.00
36.00	44.30
36.60	45.70
37.20	46.60
37.80	47.50
38.40	48.50
39.00	48.80
39.60	49.60
40.20	50.30
40.80	48.50
41.40	47.70
42.00	47.60
42.60	48.80
43.20	48.60
43.80	50.60
44.40	50.80
45.00	51.30
45.60	50.10
46.20	52.30
46.80	52.80
47.40	52.80
48.00	52.10
48.60	50.60
49.20	50.50
49.80	52.20
50.40	52.50
51.00	51.70
51.60	52.80
52.20	54.70
52.80	54.60
53.40	54.30
54.00	53.90
54.60	55.60
55.20	53.70
55.80	53.50
56.40	54.20
57.00	54.10
57.60	53.40
58.20	54.70
58.80	56.70
59.40	56.50
60.00	56.80
60.60	55.50
61.20	56.00
61.80	56.40
62.40	53.10
63.00	53.50
63.60	52.20
64.20	52.40
64.80	52.60
65.40	51.20
66.00	51.10
66.60	51.20
67.20	49.90
67.80	51.30
68.40	52.40
69.00	51.50
69.60	52.30
70.20	51.00
70.80	50.00
71.40	51.70
72.00	51.50
72.60	50.80
73.20	51.50
73.80	51.20
74.40	51.30
75.00	51.80
75.60	52.80
76.20	50.80
76.80	50.60
77.40	49.90
78.00	49.50
78.60	48.80
79.20	49.70
79.80	49.10
80.40	47.00
81.00	45.60
81.60	44.40
82.20	43.70
82.80	42.20
83.40	44.00
84.00	45.50
84.60	45.90
85.20	45.70
85.80	44.00
86.40	43.30
87.00	44.00
87.60	44.40
88.20	46.50
88.80	45.30
89.40	44.50
90.00	44.90
90.60	44.10
91.20	44.80
91.80	43.40
92.40	43.20
93.00	42.50
93.60	42.90
94.20	42.80
94.80	45.00
95.40	44.40
96.00	46.00
96.60	45.00
97.20	44.00
97.80	44.20
98.40	43.90
99.00	44.40
99.60	43.40
100.20	42.80
100.80	42.70
101.40	42.80
102.00	43.40
102.60	42.90
103.20	44.30
103.80	45.40
104.40	45.50
105.00	47.40
105.60	47.80
106.20	47.80
106.80	46.20
107.40	43.80
108.00	42.40
108.60	45.20
109.20	46.10
109.80	45.50
110.40	47.00
111.00	45.90
111.60	47.70
112.20	49.30
112.80	47.30
113.40	48.70
114.00	49.80
114.60	50.10
115.20	50.60
115.80	51.60
116.40	50.70
117.00	52.50
117.60	53.00
118.20	54.40
118.80	54.10
119.40	53.70
120.00	52.20
120.60	53.50
121.20	52.60
121.80	52.70
122.40	54.40
123.00	52.70
123.60	51.20
124.20	51.00
124.80	50.90
125.40	52.60
126.00	54.00
126.60	54.00
127.20	53.00
127.80	52.10
128.40	52.90
129.00	50.70
129.60	48.10
130.20	47.70
130.80	49.90
131.40	48.90
132.00	49.40
132.60	49.20
133.20	48.50
133.80	47.90
134.40	49.40
135.00	50.30
135.60	50.40
136.20	49.90
136.80	49.00
137.40	47.50
138.00	47.90
138.60	47.70
139.20	45.00
139.80	44.30
140.40	45.00
141.00	45.80
141.60	45.90
142.20	46.50
142.80	46.90
143.40	47.80
144.00	48.50
144.60	46.00
145.20	45.90
145.80	45.90
146.40	46.10
147.00	46.30
147.60	46.20
148.20	48.30
148.80	48.40
149.40	49.50
150.00	49.00
150.60	46.70
151.20	46.40
151.80	49.00
152.40	46.00
153.00	47.30
153.60	47.70
154.20	48.90
154.80	46.80
155.40	46.90
156.00	47.20
156.60	48.70
157.20	48.70
157.80	48.90
158.40	49.00
159.00	48.50
159.60	48.10
160.20	48.80
160.80	50.00
161.40	50.30
162.00	49.60
162.60	49.40
163.20	50.60
163.80	48.80
164.40	50.50
165.00	50.30
165.60	51.10
166.20	51.90
166.80	52.30
167.40	51.00
168.00	50.30
168.60	48.90
169.20	50.20
169.80	50.80
170.40	51.10
171.00	52.20
171.60	51.30
172.20	51.10
172.80	52.40
173.40	51.90
174.00	50.80
174.60	51.50
175.20	51.70
175.80	52.10
176.40	51.00
177.00	49.90
177.60	48.30
178.20	48.60
178.80	51.00
179.40	50.30
180.00	50.30
180.60	48.00
181.20	47.60
181.80	48.60
182.40	49.30
183.00	48.30
183.60	49.70
184.20	47.90
184.80	49.40
185.40	49.50
186.00	49.20
186.60	49.00
187.20	47.00
187.80	47.00
188.40	46.60
189.00	48.50
189.60	48.80
190.20	48.50
190.80	48.90
191.40	47.90
192.00	50.00
192.60	48.60
193.20	49.50
193.80	50.20
194.40	50.60
195.00	50.60
195.60	52.90
196.20	52.50
196.80	53.40
197.40	51.90
198.00	50.70
198.60	50.80
199.20	51.40
199.80	49.20
200.40	50.10
201.00	50.40
201.60	48.50
202.20	48.90
202.80	50.70
203.40	50.50
204.00	50.00
204.60	49.60
205.20	51.20
205.80	50.90
206.40	52.30
207.00	51.20
207.60	50.60
208.20	49.80
208.80	49.60
209.40	49.60
210.00	48.60
210.60	49.00
211.20	48.80
211.80	49.10
212.40	51.00
213.00	50.80
213.60	50.40
214.20	51.30
214.80	49.50
215.40	48.80
216.00	47.20
216.60	47.00
217.20	46.40
217.80	46.60
218.40	46.70
219.00	47.30
219.60	46.80
220.20	47.50
220.80	47.90
221.40	48.50
222.00	48.70
222.60	47.50
223.20	50.00
223.80	50.70
224.40	51.40
225.00	50.90
225.60	52.00
226.20	51.70
226.80	50.90
227.40	51.50
228.00	52.40
228.60	51.90
229.20	52.40
229.80	49.90
230.40	51.70
231.00	53.00
231.60	51.40
232.20	51.10
232.80	50.70
233.40	50.30
234.00	50.00
234.60	48.60
235.20	49.40
235.80	48.10
236.40	49.80
237.00	48.90
237.60	46.90
238.20	48.00
238.80	50.00
239.40	49.10
240.00	50.50
240.60	51.30
241.20	52.50
241.80	54.50
242.40	56.40
243.00	55.90
243.60	56.40
244.20	54.80
244.80	53.60
245.40	54.60
246.00	54.70
246.60	54.60
247.20	55.50
247.80	56.40
248.40	54.70
249.00	54.00
249.60	53.10
250.20	54.30
250.80	54.70
251.40	56.10
252.00	54.30
252.60	54.60
253.20	53.20
253.80	51.90
254.40	51.50
255.00	50.20
255.60	51.40
256.20	50.30
256.80	50.90
257.40	49.80
258.00	50.10
258.60	49.50
259.20	50.20
259.80	50.10
260.40	51.50
261.00	49.80
261.60	50.00
262.20	49.10
262.80	48.10
263.40	47.90
264.00	49.40
264.60	49.50
265.20	49.40
265.80	49.10
266.40	48.60
267.00	50.40
267.60	50.90
268.20	50.20
268.80	50.10
269.40	51.30
270.00	49.90
270.60	49.50
271.20	49.60
271.80	48.60
272.40	49.00
273.00	49.90
273.60	50.80
274.20	50.40
274.80	49.10
275.40	48.80
276.00	48.40
276.60	49.70
277.20	50.70
277.80	51.20
278.40	49.30
279.00	47.40
279.60	46.70
280.20	48.20
280.80	49.80
281.40	48.80
282.00	48.80
282.60	49.40
283.20	48.70
283.80	51.00
284.40	49.70
285.00	48.90
285.60	49.10
286.20	46.50
286.80	48.20
287.40	47.70
288.00	49.00
288.60	46.90
289.20	47.90
289.80	45.90
290.40	44.30
291.00	43.40
291.60	42.30
292.20	43.20
292.80	43.30
293.40	42.80
294.00	41.40
294.60	40.30
295.20	41.00
295.80	41.20
296.40	40.50
297.00	40.40
297.60	40.10
298.20	40.20
298.80	38.60
299.40	40.30
300.00	41.40
300.60	41.60
301.20	41.70
301.80	41.10
302.40	40.80
303.00	40.30
303.60	39.30
304.20	39.60
304.80	39.80
305.40	37.80
306.00	36.60
306.60	35.00
307.20	35.20
307.80	35.80
308.40	36.90
309.00	37.20
309.60	36.90
310.20	36.90
310.80	36.00
311.40	37.00
312.00	37.40
312.60	36.60
313.20	38.70
313.80	39.40
314.40	39.80
315.00	40.80
315.60	40.10
316.20	40.60
316.80	40.70
317.40	41.20
318.00	40.90
318.60	42.20
319.20	41.10
319.80	43.60
320.40	43.00
321.00	42.90
321.60	43.70
322.20	43.60
322.80	44.30
323.40	43.20
324.00	44.90
324.60	44.70
325.20	44.90
325.80	45.60
326.40	47.50
327.00	47.80
327.60	48.40
328.20	48.30
328.80	48.50
329.40	49.90
330.00	51.00
330.60	50.50
331.20	49.80
331.80	49.90
332.40	50.00
333.00	50.70
333.60	51.40
334.20	49.10
334.80	47.80
335.40	48.60
336.00	47.30
336.60	47.40
337.20	47.00
337.80	46.20
338.40	45.10
339.00	44.20
339.60	46.00
340.20	47.00
340.80	47.30
341.40	47.00
342.00	48.80
342.60	48.70
343.20	50.20
343.80	49.70
344.40	50.80
345.00	50.10
345.60	49.60
346.20	50.00
346.80	48.40
347.40	48.20
348.00	48.60
348.60	47.80
349.20	47.80
349.80	47.20
350.40	47.30
351.00	44.50
351.60	47.30
352.20	45.30
352.80	46.30
353.40	48.30
354.00	48.70
354.60	49.70
355.20	50.60
355.80	51.70
356.40	52.90
357.00	52.80
357.60	50.90
358.20	52.30
358.80	54.20
359.40	52.60
360.00	52.00
360.60	51.60
361.20	50.20
361.80	49.60
362.40	49.40
363.00	49.20
363.60	48.90
364.20	47.50
364.80	47.90
365.40	47.50
366.00	48.60
366.60	47.30
367.20	47.00
367.80	48.10
368.40	47.00
369.00	48.60
369.60	48.30
370.20	47.40
370.80	48.50
371.40	48.20
372.00	47.60
372.60	48.70
373.20	49.10
373.80	48.30
374.40	48.80
375.00	48.30
375.60	48.00
376.20	49.20
376.80	49.80
377.40	47.70
378.00	48.00
378.60	46.70
379.20	46.50
379.80	45.50
380.40	45.50
381.00	44.90
381.60	47.20
382.20	45.90
382.80	45.20
383.40	44.30
384.00	43.60
384.60	44.20
385.20	46.20
385.80	45.80
386.40	45.60
387.00	45.10
387.60	46.00
388.20	45.60
388.80	44.40
389.40	46.10
390.00	46.00
390.60	44.70
391.20	43.70
391.80	43.20
392.40	42.30
393.00	43.50
393.60	42.10
394.20	39.10
394.80	39.90
395.40	39.70
396.00	38.60
396.60	37.80
397.20	37.00
397.80	36.30
398.40	37.90
399.00	36.40
399.60	36.60
400.20	38.70
400.80	40.40
401.40	40.70
402.00	41.00
402.60	42.10
403.20	41.00
403.80	41.30
404.40	41.90
405.00	41.40
405.60	41.90
406.20	40.90
406.80	42.00
407.40	43.40
408.00	42.10
408.60	43.00
409.20	43.40
409.80	42.80
410.40	42.70
411.00	42.50
411.60	42.30
412.20	41.30
412.80	41.70
413.40	43.90
414.00	43.80
414.60	45.10
415.20	45.00
415.80	43.50
416.40	43.20
417.00	44.00
417.60	44.40
418.20	44.00
418.80	44.10
419.40	44.20
420.00	45.50
420.60	46.90
421.20	47.00
421.80	46.50
422.40	48.00
423.00	48.70
423.60	49.80
424.20	50.40
424.80	49.90
425.40	50.20
426.00	49.20
426.60	50.40
427.20	49.30
427.80	49.00
428.40	46.80
429.00	44.80
429.60	45.30
430.20	45.60
430.80	44.80
431.40	45.80
432.00	46.70
432.60	44.60
433.20	45.00
433.80	44.60
434.40	45.80
435.00	45.70
435.60	46.00
436.20	45.90
436.80	46.60
437.40	46.20
438.00	46.00
438.60	46.60
439.20	46.10
439.80	46.40
440.40	48.50
441.00	48.50
441.60	48.10
442.20	48.00
442.80	49.80
443.40	48.80
444.00	49.30
444.60	49.30
445.20	48.50
445.80	48.50
446.40	51.00
447.00	52.50
447.60	54.00
448.20	53.50
448.80	51.90
449.40	52.00
450.00	53.40
450.60	50.80
451.20	49.40
451.80	48.10
452.40	48.40
453.00	49.10
453.60	48.30
454.20	48.80
454.80	50.70
455.40	50.60
456.00	51.20
456.60	48.60
457.20	48.80
457.80	48.60
458.40	50.30
459.00	51.50
459.60	49.60
460.20	49.60
460.80	49.80
461.40	48.20
462.00	46.90
462.60	48.70
463.20	47.40
463.80	47.90
464.40	49.30
465.00	49.50
465.60	51.20
466.20	50.90
466.80	52.70
467.40	51.20
468.00	52.50
468.60	51.90
469.20	52.40
469.80	51.40
470.40	51.20
471.00	52.60
471.60	50.50
472.20	51.00
472.80	50.90
473.40	52.00
474.00	52.80
474.60	52.50
475.20	52.90
475.80	49.90
476.40	49.40
477.00	49.30
477.60	50.00
478.20	48.60
478.80	48.80
479.40	47.10
480.00	48.30
480.60	48.10
481.20	48.30
481.80	47.50
482.40	46.40
483.00	45.40
483.60	45.80
484.20	46.20
484.80	47.20
485.40	47.60
486.00	47.40
486.60	48.80
487.20	48.70
487.80	48.50
488.40	48.60
489.00	48.80
489.60	49.20
490.20	47.30
490.80	46.70
491.40	47.30
492.00	47.60
492.60	49.10
493.20	49.80
493.80	48.90
494.40	48.10
495.00	47.50
495.60	47.80
496.20	45.50
496.80	46.70
497.40	47.30
498.00	45.90
498.60	43.30
499.20	44.70
499.80	45.70
500.40	46.40
501.00	46.40
501.60	46.80
502.20	47.30
502.80	44.90
503.40	42.50
504.00	43.70
504.60	43.80
505.20	42.30
505.80	43.20
506.40	42.90
507.00	44.70
507.60	42.80
508.20	43.00
508.80	43.40
509.40	44.20
510.00	42.80
510.60	40.30
511.20	41.20
511.80	42.60
512.40	44.50
513.00	43.60
513.60	44.20
514.20	44.50
514.80	44.40
515.40	44.60
516.00	44.40
516.60	45.10
517.20	45.80
517.80	46.40
518.40	44.70
519.00	45.80
519.60	44.10
520.20	44.50
520.80	45.60
521.40	45.30
522.00	45.90
522.60	46.10
523.20	47.20
523.80	47.00
524.40	46.60
525.00	46.70
525.60	44.10
526.20	44.30
526.80	44.30
527.40	46.40
528.00	45.90
528.60	48.00
529.20	45.50
529.80	44.50
530.40	42.20
531.00	42.20
531.60	43.00
532.20	45.30
532.80	46.40
533.40	45.70
534.00	47.00
534.60	48.00
535.20	48.40
535.80	47.90
536.40	47.30
537.00	46.80
537.60	46.40
538.20	45.10
538.80	45.30
539.40	46.10
540.00	46.10
540.60	44.40
541.20	44.80
541.80	43.10
542.40	43.30
543.00	44.10
543.60	43.20
544.20	41.40
544.80	43.30
545.40	43.50
546.00	43.50
546.60	45.20
547.20	45.50
547.80	46.20
548.40	44.80
549.00	43.60
549.60	43.10
550.20	44.30
550.80	44.70
551.40	42.40
552.00	44.50
552.60	44.00
553.20	45.30
553.80	47.50
554.40	46.50
555.00	44.10
555.60	42.80
556.20	43.60
556.80	42.70
557.40	41.20
558.00	40.80
558.60	40.50
559.20	41.30
559.80	39.90
560.40	39.60
561.00	38.30
561.60	38.10
562.20	38.90
562.80	39.40
563.40	39.40
564.00	39.20
564.60	39.90
565.20	38.90
565.80	37.60
566.40	38.50
567.00	38.80
567.60	39.90
568.20	38.60
568.80	38.50
569.40	38.10
570.00	37.80
570.60	36.30
571.20	36.00
571.80	36.60
572.40	37.40
573.00	37.40
573.60	38.70
574.20	38.60
574.80	38.60
575.40	38.90
576.00	40.10
576.60	42.00
577.20	41.10
577.80	40.10
578.40	41.60
579.00	42.10
579.60	43.30
580.20	44.20
580.80	45.10
581.40	45.80
582.00	44.90
582.60	45.70
583.20	47.80
583.80	47.20
584.40	47.10
585.00	46.60
585.60	48.00
586.20	46.20
586.80	47.10
587.40	45.80
588.00	47.10
588.60	48.60
589.20	47.40
589.80	49.40
590.40	49.40
591.00	49.20
591.60	49.00
592.20	47.60
592.80	45.80
593.40	46.10
594.00	47.30
594.60	47.30
595.20	46.80
595.80	46.80
596.40	46.60
597.00	44.60
597.60	45.50
598.20	44.60
598.80	44.20
599.40	43.70
600.00	45.70
600.60	46.40
601.20	45.70
601.80	45.60
602.40	43.20
603.00	44.50
603.60	46.60
604.20	45.00
604.80	45.20
605.40	43.90
606.00	45.50
606.60	44.50
607.20	43.50
607.80	42.60
608.40	42.10
609.00	42.80
609.60	45.40
610.20	45.80
610.80	44.70
611.40	44.80
612.00	44.20
612.60	45.40
613.20	44.30
613.80	45.70
614.40	44.60
615.00	43.50
615.60	42.40
616.20	41.10
616.80	42.10
617.40	43.40
618.00	41.80
618.60	42.60
619.20	42.90
619.80	42.30
620.40	42.90
621.00	42.20
621.60	42.70
622.20	44.20
622.80	42.50
623.40	42.10
624.00	40.90
624.60	41.50
625.20	40.90
625.80	41.90
626.40	42.10
627.00	42.40
627.60	42.50
628.20	45.10
628.80	45.20
629.40	45.10
630.00	44.80
630.60	45.10
631.20	44.70
631.80	45.60
632.40	45.10
633.00	44.30
633.60	44.90
634.20	44.40
634.80	44.80
635.40	42.80
636.00	42.30
636.60	40.70
637.20	39.40
637.80	40.60
638.40	39.90
639.00	39.70
639.60	40.30
640.20	40.00
640.80	39.10
641.40	39.20
642.00	40.00
642.60	39.70
643.20	40.00
643.80	41.30
644.40	41.00
645.00	42.80
645.60	42.10
646.20	44.10
646.80	43.60
647.40	43.00
648.00	43.00
648.60	43.50
649.20	43.30
649.80	43.20
650.40	44.00
651.00	43.40
651.60	44.10
652.20	44.50
652.80	42.80
653.40	42.10
654.00	42.80
654.60	43.90
655.20	45.10
655.80	47.80
656.40	47.70
657.00	47.70
657.60	48.40
658.20	46.90
658.80	47.30
659.40	45.80
660.00	45.70
660.60	43.80
661.20	44.60
661.80	45.70
662.40	47.70
663.00	46.30
663.60	45.80
664.20	46.30
664.80	46.40
665.40	45.60
666.00	45.60
666.60	46.40
667.20	45.70
667.80	46.60
668.40	48.50
669.00	48.30
669.60	46.90
670.20	46.40
670.80	47.10
671.40	49.20
672.00	49.90
672.60	50.30
673.20	50.00
673.80	50.50
674.40	51.00
675.00	49.80
675.60	51.00
676.20	51.30
676.80	49.80
677.40	48.30
678.00	46.70
678.60	45.90
679.20	46.50
679.80	48.20
680.40	47.00
681.00	48.50
681.60	49.80
682.20	49.90
682.80	49.70
683.40	49.90
684.00	51.20
684.60	51.70
685.20	50.50
685.80	49.70
686.40	49.50
687.00	50.90
687.60	50.30
688.20	49.30
688.80	49.20
689.40	47.70
690.00	48.50
690.60	48.60
691.20	48.00
691.80	50.30
692.40	48.70
693.00	48.10
693.60	49.60
694.20	48.70
694.80	48.80
695.40	49.20
696.00	46.90
696.60	47.70
697.20	50.20
697.80	50.70
698.40	53.10
699.00	53.70
699.60	54.60
700.20	54.60
700.80	56.20
701.40	57.20
702.00	56.90
702.60	55.70
703.20	55.60
703.80	57.30
704.40	54.50
705.00	53.50
705.60	52.70
706.20	53.10
706.80	53.60
707.40	52.80
708.00	51.60
708.60	51.80
709.20	53.10
709.80	52.30
710.40	52.90
711.00	52.50
711.60	52.90
712.20	53.90
712.80	52.80
713.40	53.00
714.00	51.60
714.60	50.30
715.20	50.30
715.80	53.40
716.40	54.20
717.00	54.40
717.60	53.20
718.20	52.00
718.80	52.20
719.40	53.60
720.00	51.90
720.60	52.70
721.20	53.70
721.80	54.90
722.40	53.70
723.00	55.30
723.60	54.00
724.20	54.80
724.80	54.90
725.40	54.60
726.00	55.70
726.60	53.70
727.20	54.20
727.80	54.40
728.40	53.80
729.00	52.30
729.60	52.60
730.20	51.10
730.80	50.60
731.40	51.10
732.00	49.00
732.60	49.50
733.20	48.70
733.80	48.10
734.40	47.50
735.00	46.80
735.60	47.00
736.20	46.70
736.80	48.10
737.40	48.90
738.00	47.80
738.60	46.40
739.20	46.30
739.80	46.40
740.40	47.30
741.00	49.00
741.60	46.90
742.20	48.00
742.80	45.70
743.40	44.20
744.00	45.20
744.60	44.50
745.20	46.30
745.80	46.20
746.40	47.00
747.00	47.70
747.60	45.20
748.20	44.00
748.80	44.80
749.40	45.50
750.00	44.90
750.60	45.50
751.20	45.50
751.80	47.10
752.40	46.10
753.00	46.60
753.60	45.50
754.20	44.50
754.80	45.50
755.40	45.10
756.00	43.60
756.60	43.60
757.20	45.00
757.80	44.90
758.40	44.60
759.00	43.40
759.60	41.40
760.20	40.70
760.80	41.40
761.40	42.20
762.00	42.50
762.60	42.50
763.20	42.00
763.80	41.80
764.40	42.70
765.00	43.30
765.60	41.40
766.20	41.60
766.80	40.50
767.40	38.90
768.00	38.10
768.60	39.00
769.20	38.20
769.80	38.80
770.40	39.30
771.00	39.30
771.60	40.40
772.20	39.70
772.80	42.60
773.40	41.20
774.00	41.70
774.60	42.40
775.20	42.90
775.80	41.40
776.40	42.60
777.00	40.80
777.60	40.10
778.20	39.10
778.80	39.20
779.40	40.40
780.00	40.60
780.60	41.90
781.20	41.30
781.80	41.50
782.40	41.70
783.00	42.20
783.60	40.40
784.20	40.90
784.80	40.70
785.40	40.00
786.00	40.10
786.60	39.50
787.20	40.80
787.80	41.40
788.40	41.60
789.00	42.50
789.60	42.70
790.20	40.30
790.80	41.30
791.40	42.80
792.00	44.00
792.60	44.00
793.20	43.00
793.80	44.10
794.40	42.80
795.00	41.90
795.60	42.60
796.20	41.50
796.80	41.80
797.40	41.00
798.00	43.00
798.60	43.30
799.20	43.70
799.80	43.90
800.40	42.80
801.00	42.20
801.60	41.80
802.20	41.50
802.80	42.40
803.40	43.10
804.00	44.40
804.60	44.20
805.20	42.40
805.80	43.20
806.40	41.50
807.00	40.60
807.60	39.70
808.20	38.00
808.80	37.60
809.40	37.40
810.00	36.90
810.60	36.90
811.20	37.60
811.80	39.60
812.40	40.00
813.00	39.10
813.60	39.20
814.20	38.60
814.80	38.70
815.40	38.90
816.00	38.80
816.60	37.90
817.20	37.50
817.80	37.30
818.40	36.70
819.00	37.00
819.60	37.00
820.20	36.00
820.80	36.10
821.40	36.40
822.00	35.90
822.60	37.30
823.20	37.00
823.80	36.70
824.40	34.90
825.00	35.40
825.60	33.90
826.20	35.10
826.80	34.60
827.40	36.70
828.00	36.70
828.60	37.60
829.20	36.90
829.80	37.30
830.40	37.50
831.00	35.70
831.60	34.20
832.20	35.30
832.80	34.60
833.40	35.40
834.00	36.80
834.60	35.50
835.20	35.90
835.80	36.70
836.40	35.90
837.00	35.00
837.60	34.50
838.20	35.00
838.80	34.00
839.40	34.70
840.00	34.00
840.60	34.50
841.20	34.00
841.80	33.80
842.40	33.70
843.00	32.90
843.60	32.80
844.20	31.60
844.80	33.70
845.40	35.30
846.00	33.90
846.60	33.10
847.20	32.60
847.80	33.80
848.40	33.20
849.00	32.40
849.60	32.00
850.20	31.70
850.80	30.50
851.40	31.10
852.00	31.50
852.60	31.30
853.20	31.20
853.80	32.40
854.40	32.50
855.00	33.80
855.60	34.20
856.20	36.80
856.80	38.60
857.40	37.10
858.00	37.50
858.60	36.10
859.20	36.60
859.80	36.30
860.40	35.60
861.00	36.10
861.60	36.20
862.20	35.00
862.80	35.40
863.40	37.30
864.00	38.30
864.60	37.70
865.20	38.10
865.80	37.40
866.40	37.30
867.00	37.80
867.60	37.70
868.20	39.00
868.80	36.70
869.40	35.90
870.00	34.90
870.60	35.90
871.20	35.50
871.80	35.90
872.40	37.00
873.00	37.20
873.60	37.30
874.20	37.20
874.80	36.00
875.40	34.30
876.00	34.60
876.60	35.10
877.20	34.30
877.80	34.30
878.40	34.80
879.00	33.70
879.60	34.10
880.20	34.20
880.80	35.00
881.40	36.80
882.00	36.70
882.60	36.90
883.20	38.70
883.80	38.30
884.40	38.70
885.00	40.10
885.60	40.90
886.20	40.30
886.80	39.90
887.40	40.10
888.00	40.40
888.60	40.30
889.20	41.80
889.80	40.80
890.40	41.70
891.00	42.00
891.60	41.00
892.20	43.60
892.80	45.70
893.40	45.60
894.00	45.80
894.60	44.30
895.20	43.00
895.80	42.80
896.40	42.50
897.00	41.80
897.60	39.90
898.20	39.60
898.80	39.40
899.40	41.50
900.00	42.60
900.60	41.80
901.20	41.20
901.80	39.90
902.40	39.20
903.00	38.80
903.60	41.00
904.20	42.20
904.80	39.70
905.40	39.40
906.00	40.40
906.60	42.00
907.20	43.30
907.80	43.70
908.40	42.80
909.00	41.90
909.60	43.40
910.20	43.20
910.80	45.00
911.40	45.90
912.00	45.70
912.60	45.80
913.20	45.70
913.80	46.00
914.40	45.10
915.00	45.10
915.60	45.10
916.20	43.60
916.80	44.40
917.40	45.80
918.00	45.60
918.60	45.00
919.20	45.90
919.80	44.50
920.40	43.20
921.00	43.00
921.60	42.50
922.20	42.70
922.80	42.30
923.40	41.50
924.00	42.60
924.60	44.00
925.20	41.90
925.80	43.00
926.40	41.60
927.00	42.40
927.60	42.80
928.20	42.50
928.80	44.30
929.40	45.10
930.00	45.80
930.60	46.90
931.20	45.70
931.80	44.60
932.40	44.30
933.00	44.00
933.60	44.50
934.20	45.10
934.80	45.70
935.40	45.80
936.00	46.00
936.60	46.20
937.20	46.40
937.80	47.60
938.40	48.00
939.00	47.50
939.60	49.50
940.20	49.80
940.80	51.20
941.40	52.20
942.00	52.40
942.60	53.10
943.20	54.50
943.80	53.50
944.40	54.50
945.00	53.60
945.60	53.20
946.20	53.60
946.80	53.80
947.40	54.90
948.00	55.10
948.60	53.10
949.20	53.50
949.80	54.20
950.40	54.80
951.00	52.70
951.60	51.50
952.20	51.00
952.80	51.40
953.40	49.50
954.00	48.40
954.60	49.70
955.20	50.50
955.80	48.30
956.40	47.40
957.00	47.30
957.60	46.60
958.20	45.30
958.80	45.40
959.40	43.50
960.00	46.40
960.60	46.20
961.20	44.20
961.80	43.70
962.40	43.20
963.00	43.10
963.60	44.30
964.20	44.30
964.80	45.20
965.40	43.60
966.00	42.10
966.60	44.90
967.20	45.00
967.80	45.10
968.40	45.80
969.00	46.10
969.60	47.50
970.20	47.40
970.80	48.30
971.40	48.00
972.00	48.10
972.60	49.40
973.20	49.30
973.80	47.40
974.40	46.90
975.00	46.00
975.60	47.30
976.20	45.20
976.80	45.50
977.40	46.20
978.00	45.90
978.60	46.50
979.20	45.90
979.80	47.60
980.40	47.80
981.00	46.90
981.60	46.00
982.20	47.70
982.80	46.50
983.40	45.30
984.00	45.40
984.60	45.00
985.20	47.00
985.80	47.00
986.40	48.40
987.00	49.30
987.60	48.60
988.20	47.00
988.80	45.40
989.40	45.00
990.00	45.80
990.60	44.70
991.20	45.20
991.80	44.60
992.40	44.10
993.00	44.30
993.60	45.20
994.20	44.90
994.80	43.70
995.40	42.70
996.00	42.20
996.60	41.60
997.20	42.50
997.80	43.80
998.40	42.10
999.00	40.90
999.60	43.90
1000.20	43.30
1000.80	41.60
1001.40	41.80
1002.00	41.40
1002.60	40.90
1003.20	40.80
1003.80	40.80
1004.40	41.30
1005.00	41.70
1005.60	41.60
1006.20	41.10
1006.80	40.10
1007.40	39.80
1008.00	41.80
1008.60	41.10
1009.20	42.30
1009.80	40.70
1010.40	41.40
1011.00	41.00
1011.60	39.60
1012.20	40.90
1012.80	42.40
1013.40	43.50
1014.00	43.60
1014.60	43.30
1015.20	43.50
1015.80	43.20
1016.40	44.10
1017.00	43.40
1017.60	45.50
1018.20	46.90
1018.80	44.80
1019.40	45.90
1020.00	47.00
1020.60	46.90
1021.20	45.30
1021.80	44.90
1022.40	45.00
1023.00	43.70
1023.60	42.80
1024.20	42.80
1024.80	45.60
1025.40	46.10
1026.00	45.90
1026.60	44.80
1027.20	44.70
1027.80	45.50
1028.40	45.80
1029.00	45.30
1029.60	43.90
1030.20	45.00
1030.80	42.70
1031.40	41.20
1032.00	40.20
1032.60	39.90
1033.20	41.40
1033.80	42.40
1034.40	43.00
1035.00	41.80
1035.60	40.40
1036.20	39.90
1036.80	41.10
1037.40	41.60
1038.00	40.50
1038.60	40.30
1039.20	38.60
1039.80	39.60
1040.40	39.40
1041.00	40.50
1041.60	40.10
1042.20	40.30
1042.80	41.00
1043.40	40.80
1044.00	39.40
1044.60	39.30
1045.20	38.10
1045.80	38.20
1046.40	38.10
1047.00	37.40
1047.60	37.70
1048.20	35.80
1048.80	36.40
1049.40	35.00
1050.00	33.90
1050.60	34.20
1051.20	34.60
1051.80	33.70
1052.40	33.60
1053.00	34.10
1053.60	31.70
1054.20	33.70
1054.80	34.50
1055.40	32.90
1056.00	33.60
1056.60	33.60
1057.20	32.60
1057.80	32.90
1058.40	32.80
1059.00	32.30
1059.60	33.80
1060.20	33.40
1060.80	33.60
1061.40	34.70
1062.00	37.00
1062.60	38.60
1063.20	39.80
1063.80	40.60
1064.40	40.10
1065.00	40.20
1065.60	40.90
1066.20	39.20
1066.80	39.90
1067.40	39.60
1068.00	39.60
1068.60	41.80
1069.20	42.40
1069.80	42.30
1070.40	43.90
1071.00	45.60
1071.60	44.40
1072.20	44.80
1072.80	45.70
1073.40	45.30
1074.00	47.20
1074.60	46.30
1075.20	45.60
1075.80	44.50
1076.40	44.50
1077.00	43.90
1077.60	44.00
1078.20	44.80
1078.80	43.30
1079.40	44.60
1080.00	44.90
1080.60	44.10
1081.20	44.00
1081.80	43.10
1082.40	41.70
1083.00	42.10
1083.60	41.00
1084.20	42.30
1084.80	44.30
1085.40	41.50
1086.00	40.20
1086.60	42.70
1087.20	39.80
1087.80	39.90
1088.40	38.50
1089.00	37.60
1089.60	38.00
1090.20	38.00
1090.80	37.50
1091.40	39.30
1092.00	41.10
1092.60	41.20
1093.20	44.60
1093.80	46.00
1094.40	45.10
1095.00	42.20
1095.60	42.90
1096.20	42.80
1096.80	43.70
1097.40	46.20
1098.00	44.50
1098.60	45.90
1099.20	45.40
1099.80	45.80
1100.40	46.90
1101.00	48.00
1101.60	47.50
1102.20	47.20
1102.80	47.30
1103.40	46.70
1104.00	46.10
1104.60	44.90
1105.20	44.70
1105.80	46.00
1106.40	47.80
1107.00	48.70
1107.60	48.40
1108.20	48.00
1108.80	47.10
1109.40	45.40
1110.00	44.90
1110.60	45.80
1111.20	44.90
1111.80	45.00
1112.40	45.40
1113.00	45.80
1113.60	44.70
1114.20	45.10
1114.80	45.80
1115.40	47.60
1116.00	47.40
1116.60	46.20
1117.20	46.50
1117.80	46.20
1118.40	48.20
1119.00	48.20
1119.60	48.30
1120.20	47.80
1120.80	47.60
1121.40	46.10
1122.00	46.10
1122.60	46.60
1123.20	46.70
1123.80	45.60
1124.40	44.40
1125.00	43.90
1125.60	42.60
1126.20	44.30
1126.80	43.90
1127.40	45.30
1128.00	43.30
1128.60	42.60
1129.20	44.60
1129.80	45.10
1130.40	46.20
1131.00	47.10
1131.60	46.10
1132.20	47.30
1132.80	45.60
1133.40	46.70
1134.00	49.20
1134.60	49.20
1135.20	48.30
1135.80	48.60
1136.40	49.50
1137.00	47.70
1137.60	46.60
1138.20	46.10
1138.80	44.60
1139.40	44.40
1140.00	45.60
1140.60	46.70
1141.20	46.70
1141.80	44.60
1142.40	44.40
1143.00	43.90
1143.60	40.80
1144.20	42.00
1144.80	42.00
1145.40	40.70
1146.00	41.30
1146.60	42.20
1147.20	42.30
1147.80	42.50
1148.40	43.60
1149.00	44.00
1149.60	42.10
1150.20	41.60
1150.80	40.70
1151.40	40.80
1152.00	41.40
1152.60	41.20
1153.20	42.20
1153.80	41.50
1154.40	40.90
1155.00	42.00
1155.60	42.10
1156.20	42.50
1156.80	41.80
1157.40	43.40
1158.00	41.70
1158.60	42.30
1159.20	42.90
1159.80	46.10
1160.40	46.50
1161.00	46.30
1161.60	47.70
1162.20	46.40
1162.80	44.30
1163.40	43.90
1164.00	43.90
1164.60	44.00
1165.20	42.50
1165.80	42.00
1166.40	44.40
1167.00	43.20
1167.60	43.40
1168.20	44.20
1168.80	43.00
1169.40	44.80
1170.00	46.50
1170.60	47.20
1171.20	46.70
1171.80	45.60
1172.40	43.60
1173.00	43.00
1173.60	43.50
1174.20	44.60
1174.80	43.70
1175.40	44.00
1176.00	44.10
1176.60	42.90
1177.20	45.10
1177.80	45.10
1178.40	46.30
1179.00	45.40
1179.60	44.90
1180.20	43.70
1180.80	45.60
1181.40	44.00
1182.00	43.20
1182.60	42.20
1183.20	41.90
1183.80	42.10
1184.40	40.30
1185.00	41.50
1185.60	41.80
1186.20	42.90
1186.80	43.60
1187.40	40.30
1188.00	40.80
1188.60	41.70
1189.20	40.00
1189.80	39.60
1190.40	40.80
1191.00	40.90
1191.60	41.10
1192.20	41.60
1192.80	41.10
1193.40	42.10
1194.00	43.10
1194.60	43.70
1195.20	43.50
1195.80	44.30
1196.40	45.40
1197.00	47.10
1197.60	46.60
1198.20	45.60
1198.80	45.30
1199.40	45.80
1200.00	44.40
1200.60	42.90
1201.20	44.00
1201.80	42.60
1202.40	41.10
1203.00	40.90
1203.60	41.00
1204.20	41.00
1204.80	44.10
1205.40	46.00
1206.00	44.90
1206.60	44.80
1207.20	43.70
1207.80	44.60
1208.40	44.80
1209.00	43.50
1209.60	44.00
1210.20	45.50
1210.80	45.50
1211.40	45.50
1212.00	44.80
1212.60	44.50
1213.20	45.50
1213.80	44.60
1214.40	46.10
1215.00	45.60
1215.60	44.90
1216.20	46.00
1216.80	46.10
1217.40	46.10
1218.00	45.20
1218.60	45.30
1219.20	46.70
1219.80	46.30
1220.40	45.40
1221.00	46.40
1221.60	46.60
1222.20	46.20
1222.80	44.20
1223.40	44.60
1224.00	46.00
1224.60	45.30
1225.20	45.30
1225.80	44.00
1226.40	43.70
1227.00	44.60
1227.60	43.10
1228.20	45.10
1228.80	45.70
1229.40	43.40
1230.00	41.80
1230.60	42.20
1231.20	41.70
1231.80	40.90
1232.40	40.00
1233.00	36.50
1233.60	36.90
1234.20	37.20
1234.80	37.80
1235.40	38.70
1236.00	38.60
1236.60	39.10
1237.20	38.50
1237.80	40.30
1238.40	38.20
1239.00	38.20
1239.60	39.40
1240.20	41.80
1240.80	40.80
1241.40	41.70
1242.00	41.20
1242.60	42.60
1243.20	41.60
1243.80	41.30
1244.40	41.70
1245.00	41.90
1245.60	40.40
1246.20	39.20
1246.80	41.70
1247.40	41.60
1248.00	41.00
1248.60	40.90
1249.20	42.30
1249.80	43.50
1250.40	43.90
1251.00	43.70
1251.60	42.80
1252.20	42.30
1252.80	42.80
1253.40	43.10
1254.00	42.50
1254.60	42.10
1255.20	42.20
1255.80	41.30
1256.40	40.50
1257.00	40.40
1257.60	42.40
1258.20	40.20
1258.80	41.10
1259.40	39.60
1260.00	38.70
1260.60	38.10
1261.20	41.10
1261.80	40.80
1262.40	41.00
1263.00	42.60
1263.60	45.30
1264.20	44.40
1264.80	45.20
1265.40	47.50
1266.00	46.70
1266.60	45.40
1267.20	46.90
1267.80	48.30
1268.40	47.20
1269.00	46.50
1269.60	47.30
1270.20	48.60
1270.80	48.20
1271.40	48.60
1272.00	50.60
1272.60	49.00
1273.20	49.20
1273.80	48.10
1274.40	50.50
1275.00	51.80
1275.60	51.10
1276.20	50.30
1276.80	50.20
1277.40	49.20
1278.00	49.60
1278.60	48.90
1279.20	47.50
1279.80	47.90
1280.40	47.90
1281.00	50.30
1281.60	49.70
1282.20	50.20
1282.80	51.50
1283.40	50.70
1284.00	50.50
1284.60	50.40
1285.20	49.00
1285.80	50.20
1286.40	50.60
1287.00	52.10
1287.60	52.50
1288.20	52.40
1288.80	51.80
1289.40	51.20
1290.00	52.40
1290.60	54.10
1291.20	54.50
1291.80	53.80
1292.40	53.20
1293.00	52.80
1293.60	53.30
1294.20	54.00
1294.80	56.20
1295.40	55.20
1296.00	55.50
1296.60	56.40
1297.20	55.10
1297.80	53.50
1298.40	53.00
1299.00	53.00
1299.60	53.60
1300.20	54.60
1300.80	54.50
1301.40	52.80
1302.00	50.90
1302.60	49.50
1303.20	47.00
1303.80	47.40
1304.40	47.80
1305.00	47.50
1305.60	46.30
1306.20	47.00
1306.80	47.40
1307.40	48.30
1308.00	48.40
1308.60	50.50
1309.20	49.20
1309.80	49.30
1310.40	49.70
1311.00	49.60
1311.60	48.90
1312.20	49.50
1312.80	50.70
1313.40	50.60
1314.00	48.60
1314.60	48.50
1315.20	48.10
1315.80	46.80
1316.40	46.80
1317.00	47.70
1317.60	48.00
1318.20	46.80
1318.80	47.10
1319.40	46.40
1320.00	46.80
1320.60	47.50
1321.20	45.60
1321.80	45.10
1322.40	44.80
1323.00	44.40
1323.60	44.60
1324.20	43.70
1324.80	45.00
1325.40	44.70
1326.00	43.70
1326.60	43.70
1327.20	43.90
1327.80	42.90
1328.40	42.90
1329.00	43.40
1329.60	43.40
1330.20	43.30
1330.80	45.00
1331.40	46.80
1332.00	44.10
1332.60	45.20
1333.20	45.20
1333.80	44.70
1334.40	45.10
1335.00	43.40
1335.60	42.50
1336.20	44.00
1336.80	45.70
1337.40	44.30
1338.00	43.20
1338.60	43.80
1339.20	44.70
1339.80	45.90
1340.40	46.90
1341.00	47.40
1341.60	48.70
1342.20	49.90
1342.80	49.40
1343.40	49.00
1344.00	48.70
1344.60	48.40
1345.20	48.10
1345.80	49.60
1346.40	48.80
1347.00	46.40
1347.60	45.30
1348.20	44.70
1348.80	44.70
1349.40	45.10
1350.00	45.20
1350.60	45.30
1351.20	47.20
1351.80	46.90
1352.40	47.70
1353.00	47.80
1353.60	47.30
1354.20	47.90
1354.80	50.20
1355.40	50.80
1356.00	49.90
1356.60	49.70
1357.20	50.50
1357.80	50.20
1358.40	49.90
1359.00	50.40
1359.60	49.60
1360.20	49.70
1360.80	47.60
1361.40	45.30
1362.00	47.00
1362.60	48.80
1363.20	48.40
1363.80	49.80
1364.40	50.50
1365.00	49.70
1365.60	49.70
1366.20	50.20
1366.80	50.30
1367.40	50.80
1368.00	49.90
1368.60	50.60
1369.20	50.60
1369.80	51.20
1370.40	50.90
1371.00	53.40
1371.60	52.70
1372.20	52.80
1372.80	54.50
1373.40	52.10
1374.00	53.10
1374.60	54.00
1375.20	53.00
1375.80	52.70
1376.40	52.50
1377.00	51.00
1377.60	50.90
1378.20	50.10
1378.80	50.80
1379.40	50.30
1380.00	49.00
1380.60	49.40
1381.20	50.90
1381.80	50.40
1382.40	49.90
1383.00	49.90
1383.60	50.30
1384.20	49.60
1384.80	49.40
1385.40	48.70
1386.00	49.70
1386.60	49.40
1387.20	52.10
1387.80	50.50
1388.40	49.90
1389.00	49.60
1389.60	49.20
1390.20	49.90
1390.80	49.60
1391.40	50.30
1392.00	49.70
1392.60	50.10
1393.20	51.80
1393.80	50.40
1394.40	49.70
1395.00	49.60
1395.60	49.80
1396.20	48.20
1396.80	46.50
1397.40	47.80
1398.00	47.30
1398.60	47.80
1399.20	48.60
1399.80	47.10
1400.40	47.50
1401.00	49.50
1401.60	47.20
1402.20	47.60
1402.80	47.80
1403.40	48.40
1404.00	46.00
1404.60	48.10
1405.20	47.70
1405.80	46.20
1406.40	46.10
1407.00	46.90
1407.60	46.60
1408.20	46.10
1408.80	47.10
1409.40	46.20
1410.00	46.10
1410.60	46.80
1411.20	48.00
1411.80	46.30
1412.40	45.60
1413.00	44.90
1413.60	45.40
1414.20	45.30
1414.80	45.90
1415.40	45.80
1416.00	45.30
1416.60	45.80
1417.20	45.50
1417.80	46.40
1418.40	46.30
1419.00	45.60
1419.60	46.60
1420.20	46.40
1420.80	46.60
1421.40	46.60
1422.00	47.00
1422.60	45.50
1423.20	46.00
1423.80	46.00
1424.40	47.50
1425.00	46.80
1425.60	45.70
1426.20	47.70
1426.80	45.40
1427.40	44.60
1428.00	45.00
1428.60	43.70
1429.20	41.40
1429.80	39.50
1430.40	40.10
1431.00	40.80
1431.60	41.10
1432.20	40.40
1432.80	39.40
1433.40	38.80
1434.00	39.60
1434.60	40.20
1435.20	41.20
1435.80	41.30
1436.40	40.70
1437.00	41.00
1437.60	42.70
1438.20	42.20
1438.80	41.70
1439.40	43.60
1440.00	44.20
1440.60	43.60
1441.20	41.80
1441.80	42.70
1442.40	44.10
1443.00	44.60
1443.60	46.20
1444.20	46.30
1444.80	46.30
1445.40	46.60
1446.00	46.60
1446.60	48.00
1447.20	49.10
1447.80	51.10
1448.40	52.30
1449.00	51.30
1449.60	52.10
1450.20	53.00
1450.80	51.40
1451.40	51.80
1452.00	51.20
1452.60	49.80
1453.20	50.40
1453.80	48.60
1454.40	48.80
1455.00	48.50
1455.60	48.30
1456.20	47.80
1456.80	47.70
1457.40	46.80
1458.00	46.30
1458.60	47.10
1459.20	48.10
1459.80	47.50
1460.40	48.50
1461.00	47.40
1461.60	47.20
1462.20	47.40
1462.80	46.70
1463.40	47.80
1464.00	49.50
1464.60	48.40
1465.20	48.00
1465.80	49.80
1466.40	50.20
1467.00	49.60
1467.60	50.00
1468.20	49.40
1468.80	48.70
1469.40	49.20
1470.00	48.60
1470.60	49.10
1471.20	52.50
1471.80	53.10
1472.40	53.00
1473.00	53.60
1473.60	52.80
1474.20	52.60
1474.80	52.30
1475.40	51.50
1476.00	51.60
1476.60	52.00
1477.20	53.00
1477.80	53.10
1478.40	52.40
1479.00	54.10
1479.60	52.40
1480.20	51.30
1480.80	52.70
1481.40	53.60
1482.00	54.00
1482.60	53.70
1483.20	52.10
1483.80	53.00
1484.40	52.60
1485.00	53.10
1485.60	55.90
1486.20	54.90
1486.80	55.90
1487.40	55.60
1488.00	56.40
1488.60	56.90
1489.20	55.60
1489.80	55.60
1490.40	54.20
1491.00	54.20
1491.60	52.50
1492.20	50.40
1492.80	51.90
1493.40	52.70
1494.00	52.10
1494.60	52.70
1495.20	54.00
1495.80	54.20
1496.40	51.70
1497.00	51.80
1497.60	51.40
1498.20	51.10
1498.80	51.20
1499.40	50.50
1500.00	49.60
1500.60	51.40
1501.20	
