#time	45.30
0.60	45.20
1.20	44.70
1.80	44.60
2.40	45.30
3.00	46.90
3.60	46.50
4.20	46.10
4.80	46.80
5.40	47.30
6.00	46.40
6.60	47.50
7.20	47.50
7.80	47.00
8.40	48.90
9.00	48.20
9.60	50.40
10.20	48.70
10.80	47.80
11.40	49.00
12.00	48.50
12.60	49.60
13.20	50.40
13.80	51.30
14.40	51.40
15.00	50.60
15.60	49.70
16.20	49.30
16.80	51.50
17.40	50.60
18.00	52.20
18.60	51.80
19.20	51.50
19.80	51.50
20.40	52.60
21.00	53.30
21.60	55.00
22.20	56.50
22.80	56.20
23.40	55.40
24.00	55.60
24.60	56.60
25.20	56.30
25.80	57.10
26.40	58.70
27.00	57.70
27.60	56.90
28.20	57.50
28.80	56.80
29.40	56.90
30.00	56.50
30.60	56.60
31.20	57.00
31.80	58.00
32.40	57.60
33.00	58.60
33.60	59.60
34.20	59.90
34.80	59.50
35.40	60.20
36.00	59.80
36.60	57.90
37.20	59.40
37.80	57.90
38.40	57.70
39.00	57.60
39.60	57.60
40.20	57.30
40.80	56.20
41.40	57.40
42.00	56.20
42.60	57.00
43.20	58.20
43.80	59.30
44.40	61.40
45.00	60.60
45.60	60.40
46.20	59.20
46.80	58.70
47.40	58.00
48.00	58.40
48.60	58.00
49.20	58.90
49.80	58.30
50.40	56.40
51.00	58.40
51.60	57.00
52.20	57.60
52.80	56.90
53.40	57.10
54.00	57.90
54.60	57.40
55.20	58.40
55.80	58.50
56.40	58.80
57.00	60.70
57.60	60.30
58.20	63.00
58.80	62.90
59.40	63.70
60.00	64.10
60.60	64.80
61.20	64.10
61.80	64.00
62.40	62.10
63.00	63.70
63.60	64.80
64.20	63.90
64.80	62.60
65.40	64.00
66.00	63.60
66.60	64.80
67.20	64.90
67.80	64.50
68.40	65.60
69.00	64.60
69.60	62.10
70.20	62.30
70.80	62.70
71.40	63.10
72.00	61.00
72.60	61.90
73.20	62.00
73.80	61.50
74.40	61.30
75.00	59.40
75.60	59.10
76.20	56.40
76.80	60.30
77.40	59.00
78.00	59.90
78.60	59.60
79.20	59.00
79.80	59.60
80.40	59.20
81.00	59.60
81.60	59.10
82.20	59.70
82.80	59.70
83.40	59.90
84.00	60.30
84.60	62.20
85.20	63.20
85.80	63.10
86.40	63.20
87.00	62.10
87.60	63.90
88.20	63.00
88.80	63.90
89.40	63.70
90.00	62.90
90.60	63.30
91.20	63.10
91.80	61.40
92.40	61.70
93.00	59.90
93.60	59.60
94.20	58.40
94.80	59.90
95.40	60.00
96.00	59.50
96.60	59.30
97.20	60.70
97.80	61.30
98.40	61.00
99.00	59.60
99.60	58.70
100.20	57.90
100.80	57.10
101.40	57.10
102.00	56.40
102.60	57.20
103.20	58.80
103.80	58.80
104.40	59.20
105.00	59.00
105.60	60.40
106.20	60.10
106.80	60.00
107.40	58.20
108.00	58.90
108.60	60.20
109.20	60.00
109.80	58.50
110.40	59.80
111.00	61.60
111.60	60.20
112.20	59.20
112.80	59.60
113.40	62.50
114.00	62.10
114.60	61.10
115.20	61.10
115.80	61.70
116.40	61.40
117.00	60.30
117.60	62.70
118.20	62.10
118.80	61.20
119.40	62.50
120.00	63.20
120.60	64.30
121.20	63.90
121.80	62.40
122.40	60.70
123.00	62.30
123.60	62.50
124.20	62.90
124.80	61.70
125.40	61.40
126.00	62.20
126.60	62.10
127.20	64.00
127.80	62.20
128.40	61.20
129.00	62.00
129.60	60.40
130.20	58.20
130.80	57.80
131.40	57.80
132.00	58.00
132.60	58.60
133.20	59.00
133.80	61.80
134.40	62.80
135.00	60.00
135.60	59.90
136.20	61.60
136.80	63.00
137.40	61.40
138.00	62.40
138.60	62.90
139.20	62.20
139.80	62.70
140.40	64.20
141.00	63.80
141.60	63.50
142.20	65.30
142.80	65.00
143.40	64.00
144.00	62.10
144.60	60.90
145.20	60.40
145.80	60.90
146.40	61.30
147.00	61.20
147.60	61.00
148.20	60.70
148.80	59.70
149.40	59.80
150.00	59.50
150.60	59.60
151.20	60.60
151.80	59.10
152.40	57.90
153.00	58.70
153.60	61.00
154.20	60.70
154.80	60.90
155.40	60.20
156.00	59.50
156.60	60.30
157.20	62.30
157.80	62.90
158.40	62.00
159.00	60.80
159.60	61.20
160.20	60.70
160.80	60.30
161.40	61.20
162.00	62.10
162.60	61.00
163.20	60.50
163.80	59.30
164.40	57.30
165.00	58.00
165.60	57.80
166.20	57.60
166.80	59.10
167.40	59.60
168.00	61.00
168.60	61.60
169.20	62.30
169.80	63.00
170.40	61.90
171.00	61.80
171.60	62.10
172.20	62.50
172.80	61.80
173.40	61.50
174.00	61.60
174.60	60.40
175.20	61.20
175.80	61.60
176.40	62.20
177.00	63.10
177.60	60.60
178.20	60.00
178.80	60.70
179.40	59.00
180.00	60.10
180.60	61.50
181.20	61.90
181.80	61.40
182.40	59.80
183.00	61.00
183.60	62.80
184.20	64.40
184.80	63.20
185.40	62.50
186.00	62.30
186.60	62.50
187.20	62.30
187.80	62.10
188.40	61.80
189.00	61.20
189.60	62.30
190.20	60.80
190.80	59.90
191.40	61.40
192.00	62.30
192.60	62.10
193.20	62.30
193.80	59.60
194.40	59.50
195.00	59.60
195.60	60.80
196.20	60.80
196.80	62.50
197.40	63.90
198.00	63.70
198.60	62.90
199.20	61.70
199.80	61.60
200.40	61.80
201.00	62.60
201.60	63.50
202.20	62.70
202.80	62.60
203.40	60.80
204.00	61.20
204.60	62.80
205.20	59.30
205.80	59.60
206.40	60.00
207.00	58.90
207.60	60.60
208.20	60.20
208.80	59.50
209.40	59.00
210.00	60.40
210.60	62.90
211.20	60.40
211.80	61.40
212.40	62.60
213.00	60.50
213.60	61.60
214.20	61.20
214.80	61.80
215.40	64.20
216.00	62.00
216.60	64.10
217.20	64.00
217.80	63.90
218.40	62.60
219.00	61.20
219.60	60.60
220.20	58.40
220.80	59.50
221.40	59.80
222.00	58.70
222.60	58.10
223.20	58.10
223.80	58.70
224.40	57.10
225.00	57.00
225.60	57.20
226.20	58.70
226.80	58.30
227.40	59.60
228.00	60.40
228.60	61.10
229.20	61.30
229.80	61.00
230.40	61.40
231.00	61.50
231.60	61.00
232.20	59.80
232.80	58.20
233.40	59.80
234.00	60.10
234.60	60.00
235.20	60.50
235.80	61.40
236.40	63.00
237.00	64.30
237.60	64.20
238.20	63.50
238.80	63.30
239.40	61.10
240.00	61.50
240.60	61.10
241.20	60.20
241.80	59.50
242.40	59.60
243.00	60.10
243.60	60.60
244.20	58.70
244.80	57.70
245.40	58.80
246.00	57.60
246.60	61.30
247.20	59.10
247.80	58.70
248.40	58.50
249.00	56.60
249.60	55.90
250.20	58.30
250.80	59.20
251.40	58.90
252.00	59.70
252.60	59.70
253.20	59.10
253.80	61.00
254.40	60.70
255.00	60.00
255.60	60.40
256.20	61.40
256.80	62.10
257.40	61.70
258.00	61.00
258.60	61.30
259.20	61.00
259.80	61.40
260.40	61.90
261.00	63.40
261.60	63.70
262.20	64.50
262.80	63.10
263.40	62.60
264.00	61.40
264.60	62.20
265.20	63.90
265.80	64.90
266.40	65.10
267.00	64.00
267.60	64.50
268.20	61.40
268.80	61.70
269.40	59.50
270.00	58.80
270.60	59.30
271.20	59.20
271.80	60.30
272.40	59.10
273.00	59.60
273.60	61.40
274.20	63.10
274.80	63.20
275.40	62.00
276.00	61.30
276.60	62.30
277.20	62.10
277.80	61.20
278.40	61.10
279.00	61.20
279.60	61.50
280.20	62.80
280.80	62.10
281.40	61.60
282.00	61.70
282.60	60.50
283.20	59.20
283.80	58.70
284.40	60.10
285.00	60.40
285.60	61.10
286.20	60.30
286.80	60.60
287.40	60.40
288.00	61.40
288.60	61.00
289.20	62.30
289.80	61.70
290.40	62.50
291.00	62.80
291.60	64.40
292.20	66.20
292.80	65.70
293.40	65.00
294.00	67.20
294.60	67.30
295.20	66.20
295.80	64.50
296.40	65.20
297.00	66.60
297.60	66.40
298.20	66.60
298.80	66.20
299.40	64.60
300.00	64.60
300.60	64.20
301.20	65.00
301.80	64.40
302.40	64.10
303.00	64.90
303.60	63.50
304.20	63.40
304.80	64.40
305.40	65.10
306.00	64.30
306.60	64.40
307.20	64.40
307.80	61.60
308.40	60.50
309.00	61.10
309.60	61.50
310.20	60.80
310.80	59.50
311.40	60.70
312.00	61.00
312.60	59.90
313.20	60.60
313.80	59.50
314.40	61.40
315.00	60.80
315.60	60.50
316.20	62.00
316.80	62.40
317.40	61.20
318.00	62.30
318.60	59.20
319.20	59.00
319.80	59.60
320.40	60.50
321.00	61.00
321.60	61.60
322.20	62.10
322.80	61.80
323.40	64.20
324.00	64.40
324.60	63.90
325.20	62.40
325.80	63.90
326.40	63.70
327.00	63.10
327.60	62.50
328.20	62.90
328.80	64.40
329.40	64.70
330.00	65.10
330.60	64.00
331.20	63.00
331.80	63.10
332.40	64.20
333.00	65.40
333.60	67.70
334.20	65.20
334.80	59.90
335.40	57.90
336.00	58.20
336.60	59.20
337.20	59.70
337.80	59.10
338.40	58.40
339.00	60.30
339.60	61.10
340.20	60.30
340.80	59.40
341.40	59.90
342.00	60.20
342.60	60.70
343.20	59.80
343.80	61.10
344.40	63.30
345.00	65.00
345.60	67.20
346.20	66.90
346.80	68.00
347.40	65.60
348.00	65.50
348.60	64.90
349.20	64.70
349.80	66.70
350.40	65.60
351.00	65.20
351.60	63.70
352.20	62.70
352.80	62.80
353.40	63.60
354.00	62.30
354.60	62.80
355.20	63.70
355.80	63.80
356.40	64.00
357.00	63.50
357.60	61.20
358.20	59.00
358.80	60.00
359.40	59.60
360.00	59.60
360.60	57.80
361.20	59.50
361.80	60.90
362.40	59.50
363.00	60.80
363.60	61.20
364.20	61.30
364.80	59.40
365.40	58.60
366.00	59.20
366.60	58.40
367.20	58.30
367.80	58.30
368.40	59.40
369.00	59.70
369.60	57.40
370.20	57.50
370.80	56.90
371.40	54.70
372.00	55.90
372.60	58.00
373.20	58.20
373.80	58.50
374.40	56.80
375.00	56.50
375.60	57.40
376.20	59.20
376.80	59.20
377.40	58.60
378.00	58.10
378.60	58.80
379.20	58.00
379.80	58.00
380.40	55.40
381.00	55.70
381.60	54.30
382.20	54.30
382.80	53.70
383.40	54.10
384.00	54.90
384.60	56.00
385.20	57.70
385.80	57.60
386.40	58.20
387.00	57.10
387.60	59.00
388.20	59.80
388.80	57.50
389.40	56.00
390.00	54.00
390.60	54.90
391.20	54.80
391.80	57.40
392.40	57.90
393.00	58.30
393.60	57.70
394.20	59.60
394.80	59.90
395.40	59.60
396.00	58.70
396.60	58.90
397.20	59.60
397.80	60.10
398.40	60.30
399.00	61.10
399.60	62.00
400.20	58.10
400.80	59.00
401.40	58.60
402.00	57.90
402.60	57.80
403.20	60.30
403.80	60.50
404.40	60.20
405.00	59.40
405.60	60.90
406.20	60.80
406.80	61.60
407.40	61.30
408.00	61.60
408.60	62.70
409.20	63.10
409.80	61.80
410.40	61.60
411.00	61.60
411.60	63.20
412.20	62.40
412.80	60.80
413.40	61.00
414.00	58.60
414.60	59.60
415.20	58.50
415.80	58.60
416.40	60.10
417.00	62.40
417.60	61.50
418.20	63.40
418.80	61.50
419.40	61.30
420.00	62.00
420.60	63.20
421.20	63.50
421.80	65.30
422.40	66.00
423.00	66.40
423.60	65.30
424.20	65.30
424.80	63.90
425.40	62.30
426.00	63.60
426.60	63.10
427.20	63.70
427.80	63.80
428.40	62.60
429.00	61.00
429.60	60.50
430.20	60.90
430.80	62.00
431.40	60.30
432.00	61.90
432.60	60.00
433.20	60.40
433.80	60.80
434.40	60.90
435.00	60.80
435.60	59.70
436.20	58.80
436.80	61.60
437.40	63.40
438.00	62.80
438.60	62.10
439.20	64.40
439.80	64.60
440.40	62.70
441.00	61.90
441.60	61.50
442.20	60.10
442.80	61.00
443.40	60.50
444.00	57.90
444.60	58.40
445.20	58.20
445.80	58.90
446.40	60.80
447.00	61.90
447.60	62.70
448.20	62.10
448.80	61.90
449.40	61.60
450.00	59.90
450.60	60.00
451.20	61.30
451.80	62.80
452.40	62.30
453.00	60.60
453.60	61.90
454.20	61.20
454.80	59.70
455.40	59.80
456.00	60.60
456.60	60.20
457.20	61.10
457.80	61.80
458.40	61.40
459.00	60.80
459.60	61.30
460.20	62.10
460.80	62.40
461.40	61.80
462.00	60.70
462.60	60.70
463.20	61.90
463.80	61.30
464.40	60.50
465.00	60.80
465.60	61.30
466.20	60.00
466.80	60.10
467.40	60.40
468.00	59.70
468.60	61.00
469.20	60.60
469.80	58.90
470.40	57.90
471.00	58.50
471.60	58.20
472.20	58.80
472.80	58.40
473.40	58.30
474.00	57.40
474.60	56.70
475.20	57.00
475.80	59.00
476.40	58.10
477.00	59.90
477.60	60.00
478.20	59.80
478.80	59.90
479.40	61.40
480.00	62.20
480.60	60.80
481.20	63.40
481.80	62.30
482.40	62.70
483.00	62.10
483.60	62.20
484.20	63.00
484.80	62.50
485.40	63.40
486.00	63.60
486.60	61.30
487.20	63.00
487.80	60.70
488.40	59.90
489.00	61.30
489.60	63.10
490.20	61.70
490.80	60.80
491.40	59.60
492.00	59.20
492.60	59.80
493.20	59.90
493.80	59.80
494.40	60.90
495.00	60.40
495.60	57.90
496.20	57.50
496.80	58.70
497.40	58.60
498.00	57.70
498.60	58.10
499.20	58.80
499.80	58.30
500.40	58.70
501.00	59.80
501.60	59.90
502.20	58.50
502.80	56.00
503.40	56.20
504.00	55.90
504.60	56.30
505.20	57.50
505.80	58.70
506.40	58.50
507.00	58.20
507.60	59.70
508.20	58.90
508.80	59.30
509.40	59.30
510.00	60.20
510.60	60.80
511.20	59.20
511.80	59.60
512.40	60.30
513.00	59.60
513.60	58.00
514.20	60.00
514.80	58.10
515.40	57.30
516.00	57.90
516.60	57.10
517.20	56.50
517.80	57.20
518.40	56.90
519.00	55.40
519.60	55.80
520.20	57.00
520.80	55.70
521.40	57.70
522.00	59.50
522.60	59.50
523.20	58.60
523.80	60.50
524.40	62.60
525.00	63.30
525.60	61.20
526.20	59.90
526.80	58.90
527.40	62.00
528.00	61.70
528.60	61.90
529.20	62.70
529.80	62.50
530.40	61.10
531.00	62.30
531.60	59.60
532.20	57.70
532.80	56.90
533.40	57.00
534.00	57.30
534.60	57.50
535.20	58.40
535.80	58.40
536.40	59.00
537.00	58.70
537.60	59.00
538.20	58.70
538.80	57.90
539.40	58.80
540.00	58.30
540.60	57.90
541.20	57.50
541.80	56.80
542.40	57.80
543.00	58.90
543.60	58.00
544.20	59.70
544.80	59.90
545.40	58.80
546.00	59.20
546.60	59.50
547.20	60.40
547.80	61.80
548.40	60.60
549.00	58.50
549.60	60.90
550.20	59.90
550.80	60.40
551.40	61.10
552.00	62.00
552.60	62.60
553.20	62.40
553.80	61.20
554.40	61.30
555.00	61.20
555.60	60.50
556.20	60.00
556.80	61.20
557.40	62.60
558.00	63.80
558.60	63.70
559.20	63.50
559.80	63.50
560.40	63.60
561.00	65.50
561.60	64.90
562.20	63.30
562.80	63.30
563.40	62.20
564.00	63.00
564.60	62.20
565.20	61.20
565.80	62.20
566.40	60.60
567.00	61.20
567.60	61.70
568.20	60.30
568.80	61.60
569.40	61.00
570.00	61.90
570.60	62.80
571.20	61.80
571.80	62.00
572.40	61.80
573.00	62.90
573.60	62.40
574.20	62.20
574.80	62.40
575.40	61.30
576.00	59.50
576.60	60.90
577.20	60.60
577.80	60.40
578.40	60.70
579.00	59.90
579.60	59.70
580.20	58.80
580.80	57.70
581.40	57.50
582.00	56.80
582.60	56.80
583.20	57.30
583.80	57.10
584.40	57.70
585.00	57.20
585.60	55.10
586.20	56.90
586.80	58.30
587.40	57.10
588.00	56.40
588.60	56.60
589.20	55.70
589.80	57.00
590.40	57.40
591.00	57.10
591.60	58.20
592.20	58.50
592.80	60.20
593.40	58.70
594.00	58.00
594.60	58.10
595.20	58.90
595.80	59.10
596.40	58.70
597.00	57.80
597.60	57.40
598.20	58.50
598.80	58.90
599.40	60.70
600.00	59.60
600.60	59.70
601.20	61.60
601.80	63.60
602.40	64.00
603.00	62.70
603.60	60.00
604.20	61.80
604.80	61.60
605.40	60.10
606.00	61.70
606.60	62.40
607.20	62.40
607.80	61.80
608.40	59.50
609.00	60.60
609.60	59.70
610.20	60.00
610.80	59.60
611.40	61.70
612.00	62.60
612.60	63.40
613.20	63.30
613.80	62.00
614.40	60.30
615.00	60.40
615.60	61.20
616.20	60.30
616.80	61.90
617.40	60.50
618.00	61.10
618.60	61.30
619.20	61.50
619.80	62.20
620.40	60.70
621.00	59.30
621.60	58.80
622.20	60.40
622.80	61.30
623.40	60.10
624.00	61.00
624.60	61.50
625.20	62.50
625.80	62.00
626.40	60.20
627.00	59.70
627.60	59.80
628.20	61.10
628.80	61.50
629.40	60.30
630.00	61.00
630.60	61.10
631.20	60.10
631.80	60.40
632.40	60.50
633.00	60.70
633.60	60.50
634.20	60.00
634.80	60.00
635.40	59.90
636.00	59.40
636.60	60.80
637.20	61.00
637.80	61.20
638.40	59.30
639.00	59.60
639.60	61.60
640.20	61.20
640.80	60.30
641.40	62.40
642.00	61.80
642.60	61.60
643.20	61.40
643.80	60.90
644.40	59.90
645.00	58.60
645.60	59.50
646.20	59.90
646.80	59.40
647.40	58.90
648.00	59.40
648.60	59.80
649.20	60.90
649.80	61.70
650.40	59.50
651.00	59.30
651.60	58.80
652.20	60.20
652.80	59.60
653.40	60.00
654.00	56.40
654.60	58.00
655.20	59.20
655.80	57.90
656.40	59.30
657.00	58.60
657.60	57.40
658.20	58.40
658.80	59.50
659.40	59.60
660.00	60.00
660.60	62.00
661.20	62.60
661.80	62.40
662.40	61.00
663.00	61.40
663.60	59.40
664.20	59.30
664.80	58.90
665.40	59.20
666.00	59.40
666.60	60.10
667.20	61.20
667.80	59.80
668.40	59.80
669.00	60.30
669.60	59.30
670.20	59.30
670.80	60.70
671.40	59.40
672.00	59.30
672.60	58.80
673.20	61.30
673.80	61.30
674.40	60.60
675.00	60.30
675.60	58.60
676.20	58.20
676.80	57.60
677.40	58.00
678.00	57.00
678.60	55.30
679.20	55.70
679.80	54.50
680.40	55.50
681.00	55.30
681.60	56.20
682.20	57.80
682.80	57.50
683.40	59.40
684.00	58.40
684.60	59.10
685.20	60.70
685.80	59.20
686.40	58.50
687.00	57.30
687.60	57.60
688.20	59.20
688.80	58.80
689.40	59.10
690.00	57.90
690.60	57.30
691.20	57.70
691.80	58.40
692.40	59.60
693.00	60.60
693.60	59.50
694.20	61.50
694.80	59.50
695.40	59.80
696.00	60.10
696.60	60.60
697.20	62.00
697.80	62.00
698.40	60.50
699.00	58.40
699.60	58.60
700.20	60.00
700.80	62.00
701.40	60.60
702.00	61.70
702.60	62.80
703.20	60.80
703.80	62.00
704.40	64.50
705.00	62.10
705.60	63.30
706.20	64.10
706.80	64.70
707.40	63.70
708.00	63.40
708.60	61.80
709.20	62.00
709.80	59.80
710.40	61.20
711.00	59.10
711.60	60.40
712.20	60.20
712.80	60.50
713.40	60.20
714.00	58.30
714.60	57.40
715.20	57.40
715.80	57.60
716.40	60.20
717.00	61.60
717.60	60.80
718.20	59.50
718.80	62.20
719.40	60.40
720.00	59.90
720.60	59.90
721.20	60.70
721.80	57.30
722.40	58.20
723.00	58.90
723.60	59.80
724.20	61.70
724.80	62.60
725.40	63.10
726.00	61.10
726.60	61.60
727.20	62.00
727.80	61.20
728.40	59.60
729.00	60.50
729.60	62.50
730.20	62.80
730.80	63.20
731.40	64.00
732.00	62.90
732.60	61.00
733.20	61.70
733.80	60.50
734.40	63.10
735.00	63.80
735.60	64.60
736.20	64.10
736.80	64.60
737.40	65.40
738.00	63.70
738.60	61.60
739.20	62.30
739.80	63.50
740.40	63.00
741.00	61.70
741.60	60.20
742.20	62.50
742.80	61.00
743.40	61.70
744.00	62.50
744.60	62.60
745.20	61.30
745.80	61.10
746.40	60.60
747.00	60.50
747.60	60.40
748.20	60.60
748.80	59.80
749.40	61.90
750.00	62.30
750.60	62.30
751.20	62.30
751.80	62.90
752.40	62.90
753.00	63.50
753.60	62.30
754.20	61.00
754.80	60.20
755.40	59.40
756.00	60.60
756.60	61.70
757.20	58.60
757.80	59.80
758.40	62.10
759.00	61.00
759.60	61.70
760.20	59.80
760.80	61.10
761.40	60.90
762.00	59.50
762.60	58.90
763.20	58.80
763.80	59.20
764.40	60.70
765.00	62.10
765.60	62.40
766.20	61.30
766.80	63.00
767.40	63.70
768.00	63.10
768.60	63.40
769.20	62.80
769.80	63.90
770.40	61.50
771.00	62.20
771.60	61.40
772.20	61.10
772.80	58.60
773.40	60.90
774.00	60.10
774.60	60.90
775.20	61.20
775.80	62.50
776.40	63.40
777.00	63.10
777.60	63.80
778.20	63.40
778.80	64.00
779.40	62.30
780.00	61.10
780.60	59.30
781.20	61.10
781.80	60.10
782.40	61.20
783.00	61.40
783.60	59.60
784.20	60.40
784.80	60.60
785.40	60.60
786.00	60.40
786.60	60.70
787.20	60.30
787.80	57.60
788.40	58.10
789.00	59.00
789.60	58.40
790.20	57.20
790.80	58.00
791.40	56.50
792.00	56.40
792.60	56.10
793.20	56.70
793.80	56.20
794.40	56.50
795.00	57.30
795.60	56.90
796.20	56.90
796.80	59.10
797.40	58.80
798.00	57.70
798.60	58.10
799.20	58.10
799.80	56.90
800.40	55.80
801.00	54.50
801.60	55.60
802.20	55.50
802.80	57.60
803.40	57.30
804.00	58.40
804.60	58.20
805.20	58.80
805.80	58.70
806.40	58.80
807.00	59.50
807.60	59.60
808.20	58.10
808.80	59.50
809.40	57.90
810.00	59.10
810.60	61.90
811.20	61.90
811.80	61.90
812.40	63.20
813.00	63.90
813.60	63.70
814.20	63.80
814.80	63.20
815.40	63.50
816.00	63.30
816.60	62.30
817.20	62.40
817.80	63.30
818.40	62.80
819.00	63.10
819.60	61.60
820.20	63.60
820.80	63.30
821.40	59.90
822.00	61.30
822.60	61.60
823.20	60.60
823.80	61.70
824.40	60.50
825.00	60.60
825.60	59.70
826.20	58.80
826.80	58.60
827.40	59.10
828.00	58.80
828.60	59.50
829.20	57.60
829.80	58.80
830.40	58.30
831.00	57.20
831.60	57.90
832.20	59.20
832.80	58.10
833.40	58.30
834.00	58.50
834.60	58.90
835.20	60.80
835.80	60.00
836.40	61.80
837.00	62.70
837.60	60.00
838.20	60.40
838.80	62.40
839.40	63.50
840.00	62.30
840.60	62.10
841.20	62.90
841.80	61.80
842.40	63.30
843.00	62.20
843.60	61.30
844.20	62.20
844.80	64.30
845.40	62.10
846.00	61.60
846.60	60.70
847.20	60.70
847.80	61.60
848.40	62.80
849.00	62.20
849.60	64.40
850.20	64.10
850.80	64.50
851.40	63.10
852.00	65.00
852.60	65.60
853.20	66.40
853.80	65.40
854.40	66.20
855.00	66.00
855.60	65.10
856.20	63.10
856.80	63.00
857.40	64.10
858.00	63.40
858.60	62.50
859.20	60.40
859.80	60.40
860.40	61.20
861.00	61.80
861.60	61.70
862.20	60.50
862.80	60.50
863.40	60.70
864.00	60.70
864.60	60.90
865.20	61.90
865.80	61.50
866.40	61.50
867.00	62.70
867.60	62.10
868.20	62.20
868.80	61.90
869.40	61.40
870.00	61.60
870.60	61.80
871.20	61.40
871.80	62.50
872.40	63.10
873.00	62.50
873.60	61.20
874.20	61.70
874.80	61.90
875.40	62.70
876.00	63.70
876.60	62.70
877.20	61.30
877.80	62.40
878.40	61.20
879.00	60.30
879.60	60.90
880.20	62.40
880.80	61.60
881.40	62.60
882.00	63.10
882.60	62.50
883.20	63.50
883.80	62.10
884.40	62.20
885.00	63.30
885.60	62.60
886.20	62.30
886.80	61.00
887.40	60.80
888.00	62.70
888.60	62.10
889.20	64.10
889.80	63.40
890.40	61.80
891.00	61.50
891.60	60.60
892.20	59.50
892.80	61.00
893.40	59.30
894.00	59.40
894.60	58.30
895.20	60.00
895.80	58.50
896.40	59.80
897.00	59.80
897.60	59.00
898.20	58.90
898.80	59.70
899.40	62.10
900.00	63.40
900.60	61.40
901.20	60.80
901.80	60.80
902.40	60.80
903.00	60.00
903.60	60.30
904.20	59.10
904.80	59.00
905.40	59.50
906.00	60.90
906.60	61.40
907.20	62.80
907.80	59.50
908.40	60.90
909.00	59.10
909.60	60.20
910.20	61.60
910.80	59.90
911.40	61.10
912.00	61.60
912.60	61.60
913.20	63.20
913.80	63.60
914.40	63.00
915.00	62.00
915.60	62.70
916.20	62.40
916.80	63.30
917.40	63.40
918.00	63.10
918.60	64.00
919.20	63.70
919.80	62.00
920.40	59.60
921.00	59.60
921.60	60.40
922.20	58.20
922.80	59.90
923.40	60.30
924.00	60.70
924.60	60.80
925.20	60.50
925.80	61.10
926.40	62.70
927.00	61.40
927.60	62.00
928.20	61.40
928.80	62.00
929.40	62.80
930.00	61.50
930.60	60.20
931.20	62.00
931.80	61.60
932.40	60.70
933.00	60.60
933.60	59.10
934.20	60.40
934.80	60.20
935.40	60.60
936.00	61.60
936.60	60.90
937.20	60.00
937.80	61.80
938.40	63.20
939.00	64.90
939.60	62.50
940.20	64.10
940.80	62.30
941.40	61.70
942.00	59.80
942.60	59.20
943.20	60.90
943.80	60.60
944.40	61.20
945.00	61.40
945.60	61.70
946.20	62.30
946.80	63.00
947.40	62.30
948.00	62.50
948.60	62.90
949.20	58.90
949.80	59.10
950.40	58.30
951.00	59.00
951.60	57.90
952.20	56.10
952.80	56.90
953.40	57.20
954.00	58.90
954.60	57.20
955.20	55.90
955.80	57.80
956.40	59.10
957.00	61.00
957.60	60.60
958.20	59.50
958.80	59.30
959.40	58.50
960.00	58.80
960.60	58.60
961.20	59.00
961.80	59.20
962.40	60.70
963.00	60.60
963.60	61.10
964.20	61.40
964.80	59.10
965.40	59.10
966.00	60.50
966.60	61.50
967.20	62.60
967.80	62.20
968.40	63.30
969.00	62.20
969.60	62.20
970.20	60.30
970.80	59.60
971.40	60.80
972.00	60.50
972.60	60.50
973.20	60.60
973.80	60.40
974.40	60.80
975.00	60.70
975.60	61.70
976.20	61.60
976.80	60.50
977.40	58.10
978.00	58.50
978.60	58.50
979.20	58.80
979.80	58.10
980.40	59.40
981.00	58.30
981.60	58.80
982.20	57.10
982.80	58.90
983.40	57.10
984.00	57.40
984.60	56.30
985.20	58.70
985.80	58.10
986.40	57.60
987.00	58.20
987.60	56.80
988.20	58.30
988.80	57.70
989.40	57.70
990.00	58.60
990.60	57.80
991.20	58.00
991.80	57.40
992.40	59.10
993.00	59.50
993.60	62.20
994.20	61.70
994.80	62.90
995.40	63.40
996.00	65.30
996.60	64.40
997.20	65.40
997.80	64.30
998.40	62.90
999.00	63.00
999.60	62.90
1000.20	63.50
1000.80	63.50
1001.40	61.60
1002.00	60.70
1002.60	60.60
1003.20	61.00
1003.80	62.00
1004.40	63.50
1005.00	63.60
1005.60	64.20
1006.20	64.70
1006.80	64.90
1007.40	66.30
1008.00	65.50
1008.60	64.20
1009.20	63.00
1009.80	62.80
1010.40	60.80
1011.00	61.20
1011.60	62.10
1012.20	62.90
1012.80	62.20
1013.40	60.40
1014.00	61.50
1014.60	61.90
1015.20	61.20
1015.80	59.60
1016.40	59.60
1017.00	60.50
1017.60	60.60
1018.20	61.80
1018.80	60.80
1019.40	59.50
1020.00	61.80
1020.60	60.50
1021.20	60.60
1021.80	59.20
1022.40	58.30
1023.00	58.20
1023.60	59.80
1024.20	59.80
1024.80	60.60
1025.40	60.20
1026.00	61.70
1026.60	62.40
1027.20	61.80
1027.80	61.80
1028.40	62.00
1029.00	60.60
1029.60	61.60
1030.20	61.30
1030.80	63.90
1031.40	62.70
1032.00	63.80
1032.60	63.70
1033.20	65.00
1033.80	64.90
1034.40	63.90
1035.00	64.30
1035.60	65.60
1036.20	63.30
1036.80	61.20
1037.40	61.90
1038.00	62.60
1038.60	64.10
1039.20	62.70
1039.80	62.00
1040.40	60.70
1041.00	63.30
1041.60	61.70
1042.20	63.00
1042.80	63.50
1043.40	63.80
1044.00	62.60
1044.60	62.90
1045.20	63.60
1045.80	63.70
1046.40	60.50
1047.00	60.90
1047.60	61.30
1048.20	63.40
1048.80	62.90
1049.40	62.10
1050.00	62.10
1050.60	63.40
1051.20	65.00
1051.80	65.70
1052.40	63.00
1053.00	62.10
1053.60	62.60
1054.20	65.10
1054.80	63.10
1055.40	64.20
1056.00	63.00
1056.60	61.30
1057.20	61.40
1057.80	59.20
1058.40	61.50
1059.00	61.60
1059.60	62.30
1060.20	62.50
1060.80	64.50
1061.40	63.90
1062.00	62.60
1062.60	63.60
1063.20	63.20
1063.80	62.80
1064.40	64.10
1065.00	63.80
1065.60	63.30
1066.20	62.20
1066.80	61.80
1067.40	61.60
1068.00	61.20
1068.60	61.50
1069.20	60.90
1069.80	62.50
1070.40	62.70
1071.00	62.60
1071.60	61.80
1072.20	61.00
1072.80	61.30
1073.40	60.90
1074.00	60.30
1074.60	61.00
1075.20	60.60
1075.80	61.10
1076.40	60.80
1077.00	58.50
1077.60	57.20
1078.20	57.00
1078.80	57.60
1079.40	59.90
1080.00	60.30
1080.60	59.10
1081.20	59.80
1081.80	59.40
1082.40	59.20
1083.00	60.80
1083.60	61.10
1084.20	59.60
1084.80	59.30
1085.40	57.10
1086.00	56.20
1086.60	57.50
1087.20	58.70
1087.80	57.30
1088.40	57.80
1089.00	57.90
1089.60	55.90
1090.20	55.70
1090.80	56.60
1091.40	55.10
1092.00	55.10
1092.60	55.00
1093.20	55.10
1093.80	56.50
1094.40	57.20
1095.00	58.10
1095.60	57.00
1096.20	56.80
1096.80	57.10
1097.40	58.20
1098.00	57.10
1098.60	55.60
1099.20	54.60
1099.80	54.80
1100.40	55.60
1101.00	55.60
1101.60	58.10
1102.20	57.60
1102.80	59.60
1103.40	61.70
1104.00	60.40
1104.60	59.60
1105.20	59.00
1105.80	60.20
1106.40	61.10
1107.00	61.30
1107.60	61.70
1108.20	61.90
1108.80	62.50
1109.40	63.20
1110.00	61.30
1110.60	60.60
1111.20	60.00
1111.80	59.00
1112.40	60.60
1113.00	60.70
1113.60	59.80
1114.20	59.40
1114.80	59.20
1115.40	59.40
1116.00	60.10
1116.60	61.80
1117.20	60.20
1117.80	59.80
1118.40	59.70
1119.00	56.60
1119.60	58.10
1120.20	59.20
1120.80	56.90
1121.40	57.40
1122.00	58.40
1122.60	56.80
1123.20	56.20
1123.80	54.70
1124.40	54.10
1125.00	55.60
1125.60	56.10
1126.20	55.20
1126.80	54.80
1127.40	55.40
1128.00	57.20
1128.60	57.70
1129.20	57.60
1129.80	57.20
1130.40	57.40
1131.00	55.80
1131.60	55.80
1132.20	57.50
1132.80	58.60
1133.40	58.20
1134.00	59.30
1134.60	59.60
1135.20	59.50
1135.80	58.60
1136.40	57.70
1137.00	58.40
1137.60	56.80
1138.20	59.90
1138.80	59.00
1139.40	58.60
1140.00	60.10
1140.60	62.20
1141.20	60.70
1141.80	61.70
1142.40	60.00
1143.00	60.50
1143.60	59.10
1144.20	59.30
1144.80	57.20
1145.40	58.60
1146.00	60.30
1146.60	59.40
1147.20	59.20
1147.80	59.20
1148.40	57.70
1149.00	56.50
1149.60	56.80
1150.20	58.30
1150.80	57.50
1151.40	57.70
1152.00	57.60
1152.60	57.30
1153.20	59.00
1153.80	59.60
1154.40	59.60
1155.00	58.70
1155.60	59.40
1156.20	58.90
1156.80	59.70
1157.40	60.40
1158.00	59.60
1158.60	57.20
1159.20	57.20
1159.80	59.60
1160.40	59.60
1161.00	59.00
1161.60	60.20
1162.20	59.90
1162.80	60.50
1163.40	59.90
1164.00	60.40
1164.60	60.00
1165.20	60.40
1165.80	59.80
1166.40	60.50
1167.00	59.80
1167.60	59.90
1168.20	61.00
1168.80	61.30
1169.40	61.90
1170.00	61.20
1170.60	60.60
1171.20	59.30
1171.80	61.30
1172.40	60.90
1173.00	61.00
1173.60	61.40
1174.20	63.30
1174.80	62.60
1175.40	62.60
1176.00	62.20
1176.60	61.70
1177.20	62.90
1177.80	62.10
1178.40	61.20
1179.00	59.70
1179.60	61.00
1180.20	61.90
1180.80	62.40
1181.40	63.00
1182.00	62.30
1182.60	62.60
1183.20	62.00
1183.80	61.50
1184.40	62.50
1185.00	63.20
1185.60	63.30
1186.20	63.10
1186.80	63.40
1187.40	62.60
1188.00	62.40
1188.60	62.70
1189.20	61.70
1189.80	59.00
1190.40	60.40
1191.00	59.50
1191.60	60.20
1192.20	61.50
1192.80	60.00
1193.40	60.40
1194.00	59.70
1194.60	60.10
1195.20	61.50
1195.80	60.90
1196.40	61.50
1197.00	59.30
1197.60	59.90
1198.20	60.50
1198.80	61.80
1199.40	63.70
1200.00	64.80
1200.60	63.90
1201.20	63.10
1201.80	62.00
1202.40	61.80
1203.00	60.00
1203.60	59.70
1204.20	59.80
1204.80	61.30
1205.40	61.50
1206.00	61.00
1206.60	61.60
1207.20	61.30
1207.80	61.70
1208.40	61.60
1209.00	60.80
1209.60	61.20
1210.20	62.30
1210.80	61.50
1211.40	61.80
1212.00	60.10
1212.60	60.30
1213.20	58.10
1213.80	58.30
1214.40	60.20
1215.00	60.20
1215.60	60.10
1216.20	60.00
1216.80	59.40
1217.40	58.30
1218.00	57.20
1218.60	57.40
1219.20	58.00
1219.80	58.30
1220.40	59.30
1221.00	59.90
1221.60	60.60
1222.20	59.50
1222.80	57.50
1223.40	59.40
1224.00	59.80
1224.60	61.30
1225.20	61.90
1225.80	62.30
1226.40	63.50
1227.00	62.00
1227.60	62.80
1228.20	62.00
1228.80	63.50
1229.40	63.50
1230.00	63.50
1230.60	62.40
1231.20	61.60
1231.80	61.30
1232.40	61.10
1233.00	61.20
1233.60	59.70
1234.20	58.60
1234.80	58.10
1235.40	54.80
1236.00	56.00
1236.60	56.00
1237.20	55.70
1237.80	57.90
1238.40	57.50
1239.00	57.20
1239.60	56.70
1240.20	58.90
1240.80	58.00
1241.40	59.40
1242.00	60.00
1242.60	60.00
1243.20	58.90
1243.80	59.00
1244.40	58.40
1245.00	57.50
1245.60	58.30
1246.20	58.40
1246.80	57.90
1247.40	57.60
1248.00	56.60
1248.60	57.80
1249.20	58.60
1249.80	57.70
1250.40	59.30
1251.00	60.70
1251.60	59.30
1252.20	57.50
1252.80	58.80
1253.40	58.80
1254.00	58.40
1254.60	60.00
1255.20	61.20
1255.80	59.80
1256.40	59.20
1257.00	59.30
1257.60	59.50
1258.20	61.40
1258.80	60.60
1259.40	60.40
1260.00	59.10
1260.60	58.40
1261.20	61.10
1261.80	63.10
1262.40	63.00
1263.00	64.10
1263.60	62.40
1264.20	62.40
1264.80	60.70
1265.40	61.30
1266.00	60.30
1266.60	62.50
1267.20	63.30
1267.80	62.80
1268.40	62.00
1269.00	59.90
1269.60	59.60
1270.20	59.10
1270.80	58.00
1271.40	57.70
1272.00	60.00
1272.60	60.80
1273.20	60.60
1273.80	62.00
1274.40	62.30
1275.00	62.30
1275.60	63.70
1276.20	61.80
1276.80	60.80
1277.40	59.10
1278.00	59.10
1278.60	59.20
1279.20	59.30
1279.80	59.50
1280.40	59.50
1281.00	57.70
1281.60	57.70
1282.20	59.10
1282.80	59.20
1283.40	59.30
1284.00	57.10
1284.60	58.30
1285.20	56.90
1285.80	58.60
1286.40	57.80
1287.00	58.50
1287.60	58.30
1288.20	59.70
1288.80	60.10
1289.40	60.10
1290.00	60.20
1290.60	59.70
1291.20	59.30
1291.80	58.40
1292.40	58.00
1293.00	58.10
1293.60	58.60
1294.20	58.40
1294.80	58.40
1295.40	58.70
1296.00	60.70
1296.60	59.80
1297.20	60.00
1297.80	60.10
1298.40	62.50
1299.00	61.60
1299.60	62.00
1300.20	60.50
1300.80	61.20
1301.40	60.60
1302.00	59.90
1302.60	59.20
1303.20	59.10
1303.80	60.30
1304.40	61.50
1305.00	63.40
1305.60	61.00
1306.20	58.60
1306.80	58.80
1307.40	60.20
1308.00	59.10
1308.60	56.90
1309.20	59.70
1309.80	59.20
1310.40	59.60
1311.00	59.60
1311.60	61.40
1312.20	60.80
1312.80	60.40
1313.40	60.40
1314.00	61.20
1314.60	59.20
1315.20	59.20
1315.80	58.40
1316.40	59.90
1317.00	60.60
1317.60	61.90
1318.20	63.10
1318.80	60.70
1319.40	59.80
1320.00	59.10
1320.60	60.90
1321.20	59.50
1321.80	59.60
1322.40	58.60
1323.00	58.10
1323.60	60.60
1324.20	62.00
1324.80	62.00
1325.40	60.00
1326.00	61.40
1326.60	62.40
1327.20	61.50
1327.80	61.50
1328.40	62.00
1329.00	62.40
1329.60	62.80
1330.20	62.00
1330.80	62.40
1331.40	61.70
1332.00	61.60
1332.60	59.80
1333.20	61.40
1333.80	61.00
1334.40	62.50
1335.00	62.50
1335.60	62.30
1336.20	63.60
1336.80	62.70
1337.40	64.50
1338.00	65.80
1338.60	66.40
1339.20	66.30
1339.80	66.20
1340.40	65.60
1341.00	63.50
1341.60	60.80
1342.20	61.30
1342.80	59.70
1343.40	59.80
1344.00	60.10
1344.60	59.40
1345.20	59.80
1345.80	57.90
1346.40	58.50
1347.00	60.20
1347.60	61.30
1348.20	59.40
1348.80	57.60
1349.40	57.10
1350.00	56.40
1350.60	57.80
1351.20	59.50
1351.80	61.40
1352.40	61.60
1353.00	61.70
1353.60	62.90
1354.20	62.70
1354.80	62.80
1355.40	62.20
1356.00	62.80
1356.60	62.20
1357.20	62.20
1357.80	60.50
1358.40	62.10
1359.00	60.80
1359.60	62.20
1360.20	62.60
1360.80	60.70
1361.40	59.80
1362.00	60.30
1362.60	60.80
1363.20	62.00
1363.80	61.20
1364.40	64.00
1365.00	63.30
1365.60	64.10
1366.20	63.10
1366.80	64.30
1367.40	61.90
1368.00	62.90
1368.60	61.10
1369.20	60.60
1369.80	60.70
1370.40	59.80
1371.00	60.60
1371.60	59.10
1372.20	58.70
1372.80	59.40
1373.40	59.80
1374.00	57.60
1374.60	59.10
1375.20	58.50
1375.80	58.90
1376.40	59.20
1377.00	58.80
1377.60	59.80
1378.20	60.20
1378.80	58.20
1379.40	59.80
1380.00	59.00
1380.60	58.70
1381.20	59.10
1381.80	60.30
1382.40	59.50
1383.00	60.20
1383.60	58.00
1384.20	57.00
1384.80	58.40
1385.40	60.50
1386.00	58.70
1386.60	58.40
1387.20	58.20
1387.80	58.40
1388.40	57.20
1389.00	59.30
1389.60	58.80
1390.20	58.20
1390.80	59.10
1391.40	58.20
1392.00	56.10
1392.60	57.30
1393.20	58.20
1393.80	59.20
1394.40	59.50
1395.00	60.10
1395.60	60.80
1396.20	61.50
1396.80	60.50
1397.40	60.20
1398.00	61.90
1398.60	59.90
1399.20	60.70
1399.80	59.90
1400.40	61.80
1401.00	60.90
1401.60	62.20
1402.20	61.80
1402.80	62.10
1403.40	61.90
1404.00	63.80
1404.60	63.50
1405.20	60.60
1405.80	63.00
1406.40	63.20
1407.00	61.30
1407.60	61.20
1408.20	61.20
1408.80	62.80
1409.40	62.00
1410.00	61.60
1410.60	60.60
1411.20	59.40
1411.80	58.70
1412.40	57.90
1413.00	58.70
1413.60	56.70
1414.20	57.50
1414.80	56.90
1415.40	59.80
1416.00	61.40
1416.60	60.70
1417.20	62.60
1417.80	62.60
1418.40	62.90
1419.00	64.40
1419.60	65.00
1420.20	65.70
1420.80	64.30
1421.40	64.50
1422.00	64.60
1422.60	64.10
1423.20	65.10
1423.80	64.20
1424.40	64.30
1425.00	64.30
1425.60	63.30
1426.20	62.60
1426.80	62.50
1427.40	62.80
1428.00	61.90
1428.60	60.60
1429.20	59.40
1429.80	60.10
1430.40	60.00
1431.00	59.60
1431.60	59.20
1432.20	58.10
1432.80	58.00
1433.40	57.90
1434.00	59.30
1434.60	60.20
1435.20	58.80
1435.80	58.00
1436.40	58.10
1437.00	58.50
1437.60	58.60
1438.20	58.80
1438.80	58.60
1439.40	58.10
1440.00	59.00
1440.60	59.30
1441.20	59.40
1441.80	61.40
1442.40	60.20
1443.00	60.90
1443.60	60.90
1444.20	62.70
1444.80	62.80
1445.40	64.00
1446.00	66.20
1446.60	66.30
1447.20	65.50
1447.80	67.30
1448.40	67.70
1449.00	65.70
1449.60	66.40
1450.20	63.10
1450.80	63.70
1451.40	62.60
1452.00	61.20
1452.60	60.80
1453.20	62.20
1453.80	63.60
1454.40	62.20
1455.00	61.00
1455.60	59.90
1456.20	59.90
1456.80	58.30
1457.40	58.90
1458.00	58.30
1458.60	60.00
1459.20	59.20
1459.80	60.20
1460.40	59.80
1461.00	61.40
1461.60	60.60
1462.20	61.00
1462.80	62.20
1463.40	62.80
1464.00	62.20
1464.60	62.50
1465.20	61.00
1465.80	61.20
1466.40	61.50
1467.00	62.00
1467.60	59.70
1468.20	59.50
1468.80	58.70
1469.40	59.50
1470.00	57.60
1470.60	57.90
1471.20	59.00
1471.80	60.30
1472.40	61.50
1473.00	60.60
1473.60	61.10
1474.20	58.70
1474.80	58.90
1475.40	60.00
1476.00	60.00
1476.60	60.80
1477.20	61.30
1477.80	60.30
1478.40	60.40
1479.00	61.40
1479.60	59.10
1480.20	59.90
1480.80	60.50
1481.40	60.70
1482.00	60.00
1482.60	62.00
1483.20	62.10
1483.80	61.60
1484.40	61.90
1485.00	62.70
1485.60	62.30
1486.20	60.60
1486.80	61.70
1487.40	62.30
1488.00	61.60
1488.60	60.90
1489.20	59.10
1489.80	59.90
1490.40	57.40
1491.00	59.20
1491.60	60.20
1492.20	59.10
1492.80	58.10
1493.40	57.70
1494.00	58.20
1494.60	58.00
1495.20	59.80
1495.80	61.80
1496.40	60.90
1497.00	59.80
1497.60	60.60
1498.20	59.60
1498.80	58.50
1499.40	59.60
1500.00	58.60
1500.60	60.80
1501.20	
