#time	44.20
0.60	44.20
1.20	43.80
1.80	42.60
2.40	42.60
3.00	41.10
3.60	40.20
4.20	41.40
4.80	40.00
5.40	40.20
6.00	39.30
6.60	40.90
7.20	41.10
7.80	40.50
8.40	41.40
9.00	41.80
9.60	41.20
10.20	40.90
10.80	40.00
11.40	40.00
12.00	40.80
12.60	39.10
13.20	37.70
13.80	36.90
14.40	36.10
15.00	38.20
15.60	37.30
16.20	36.60
16.80	36.90
17.40	34.90
18.00	37.10
18.60	37.30
19.20	37.70
19.80	38.30
20.40	37.40
21.00	37.20
21.60	36.70
22.20	35.00
22.80	33.50
23.40	32.60
24.00	32.50
24.60	31.30
25.20	31.90
25.80	33.20
26.40	35.20
27.00	33.50
27.60	31.30
28.20	31.30
28.80	30.70
29.40	30.00
30.00	29.30
30.60	29.30
31.20	29.10
31.80	28.30
32.40	28.90
33.00	27.50
33.60	27.20
34.20	27.70
34.80	27.70
35.40	28.10
36.00	28.00
36.60	27.60
37.20	29.20
37.80	29.60
38.40	29.00
39.00	30.70
39.60	30.60
40.20	31.10
40.80	30.90
41.40	31.10
42.00	32.90
42.60	31.40
43.20	31.70
43.80	30.60
44.40	29.40
45.00	28.40
45.60	27.30
46.20	25.00
46.80	24.50
47.40	24.20
48.00	23.30
48.60	24.80
49.20	24.40
49.80	24.10
50.40	24.60
51.00	26.80
51.60	26.00
52.20	25.20
52.80	24.60
53.40	24.60
54.00	24.70
54.60	24.20
55.20	24.10
55.80	25.20
56.40	24.50
57.00	25.00
57.60	25.50
58.20	25.50
58.80	25.90
59.40	26.40
60.00	26.50
60.60	26.40
61.20	26.40
61.80	27.30
62.40	27.70
63.00	27.90
63.60	27.80
64.20	28.50
64.80	30.30
65.40	31.90
66.00	31.10
66.60	31.90
67.20	30.70
67.80	31.40
68.40	29.20
69.00	30.90
69.60	30.00
70.20	30.20
70.80	31.30
71.40	30.80
72.00	29.90
72.60	29.40
73.20	29.00
73.80	28.30
74.40	27.90
75.00	26.70
75.60	26.20
76.20	25.10
76.80	24.90
77.40	23.60
78.00	23.40
78.60	23.60
79.20	24.60
79.80	24.60
80.40	25.00
81.00	24.90
81.60	23.80
82.20	25.30
82.80	25.50
83.40	25.80
84.00	25.00
84.60	24.00
85.20	24.10
85.80	24.90
86.40	26.20
87.00	25.80
87.60	26.40
88.20	26.90
88.80	27.20
89.40	28.60
90.00	28.50
90.60	26.60
91.20	26.20
91.80	27.20
92.40	28.00
93.00	27.50
93.60	26.00
94.20	27.70
94.80	28.00
95.40	27.80
96.00	27.90
96.60	27.50
97.20	28.30
97.80	27.60
98.40	28.00
99.00	27.10
99.60	28.50
100.20	27.40
100.80	27.30
101.40	27.70
102.00	26.30
102.60	27.30
103.20	26.10
103.80	25.60
104.40	23.80
105.00	23.40
105.60	23.40
106.20	24.30
106.80	24.70
107.40	25.50
108.00	24.90
108.60	26.60
109.20	26.70
109.80	26.90
110.40	26.40
111.00	25.40
111.60	23.20
112.20	23.70
112.80	23.10
113.40	21.80
114.00	20.80
114.60	22.80
115.20	22.60
115.80	23.10
116.40	22.80
117.00	22.00
117.60	21.50
118.20	21.80
118.80	22.40
119.40	22.40
120.00	22.40
120.60	21.50
121.20	20.80
121.80	21.40
122.40	22.30
123.00	23.60
123.60	23.90
124.20	22.40
124.80	21.60
125.40	20.70
126.00	20.90
126.60	20.70
127.20	20.30
127.80	20.20
128.40	20.10
129.00	19.20
129.60	19.20
130.20	19.70
130.80	19.60
131.40	18.80
132.00	18.20
132.60	19.20
133.20	18.60
133.80	19.10
134.40	17.90
135.00	18.40
135.60	18.50
136.20	18.60
136.80	18.80
137.40	18.70
138.00	19.00
138.60	19.60
139.20	19.40
139.80	18.80
140.40	18.80
141.00	20.00
141.60	20.40
142.20	19.30
142.80	19.70
143.40	19.20
144.00	18.80
144.60	17.90
145.20	18.60
145.80	19.00
146.40	19.10
147.00	19.80
147.60	19.40
148.20	20.70
148.80	21.50
149.40	20.40
150.00	20.80
150.60	20.30
151.20	20.60
151.80	20.60
152.40	20.60
153.00	21.50
153.60	20.40
154.20	20.00
154.80	21.10
155.40	21.40
156.00	21.10
156.60	20.80
157.20	22.20
157.80	23.10
158.40	22.30
159.00	21.40
159.60	20.50
160.20	21.30
160.80	21.00
161.40	20.90
162.00	21.80
162.60	19.60
163.20	19.30
163.80	19.60
164.40	20.40
165.00	20.80
165.60	20.20
166.20	20.60
166.80	21.10
167.40	21.80
168.00	20.90
168.60	20.90
169.20	21.10
169.80	20.60
170.40	22.20
171.00	21.40
171.60	21.30
172.20	21.70
172.80	21.70
173.40	21.50
174.00	22.20
174.60	22.20
175.20	22.00
175.80	22.10
176.40	21.30
177.00	20.60
177.60	20.30
178.20	21.00
178.80	20.90
179.40	20.40
180.00	21.10
180.60	21.40
181.20	20.70
181.80	20.50
182.40	21.00
183.00	20.70
183.60	21.70
184.20	21.30
184.80	21.40
185.40	21.30
186.00	21.70
186.60	20.90
187.20	22.00
187.80	21.30
188.40	21.90
189.00	21.30
189.60	19.80
190.20	20.10
190.80	20.40
191.40	20.20
192.00	21.30
192.60	21.20
193.20	23.20
193.80	22.70
194.40	21.90
195.00	22.20
195.60	23.00
196.20	22.80
196.80	22.80
197.40	21.70
198.00	21.70
198.60	22.50
199.20	21.60
199.80	21.70
200.40	22.90
201.00	23.20
201.60	22.70
202.20	22.40
202.80	21.40
203.40	21.30
204.00	22.20
204.60	22.20
205.20	21.60
205.80	21.80
206.40	21.60
207.00	21.50
207.60	21.40
208.20	21.80
208.80	23.30
209.40	23.10
210.00	22.90
210.60	22.80
211.20	23.40
211.80	22.20
212.40	22.80
213.00	22.80
213.60	23.00
214.20	22.40
214.80	21.40
215.40	21.00
216.00	20.70
216.60	19.90
217.20	21.00
217.80	20.70
218.40	22.20
219.00	21.90
219.60	21.90
220.20	23.20
220.80	23.60
221.40	23.50
222.00	22.40
222.60	22.70
223.20	23.10
223.80	23.50
224.40	23.20
225.00	23.00
225.60	23.00
226.20	22.10
226.80	23.60
227.40	23.90
228.00	23.10
228.60	23.10
229.20	22.90
229.80	23.60
230.40	22.70
231.00	22.40
231.60	22.30
232.20	23.10
232.80	22.30
233.40	21.70
234.00	20.80
234.60	21.10
235.20	21.80
235.80	21.20
236.40	22.40
237.00	22.30
237.60	22.40
238.20	21.60
238.80	20.50
239.40	21.30
240.00	22.10
240.60	21.80
241.20	21.70
241.80	21.80
242.40	22.20
243.00	22.10
243.60	22.10
244.20	21.00
244.80	20.90
245.40	21.60
246.00	22.10
246.60	22.00
247.20	22.20
247.80	22.60
248.40	21.20
249.00	21.30
249.60	21.70
250.20	22.00
250.80	21.40
251.40	21.10
252.00	21.40
252.60	20.40
253.20	20.50
253.80	20.20
254.40	20.30
255.00	20.40
255.60	21.00
256.20	22.00
256.80	20.70
257.40	21.60
258.00	20.00
258.60	20.60
259.20	21.20
259.80	19.70
260.40	19.40
261.00	20.70
261.60	20.30
262.20	20.10
262.80	21.40
263.40	20.60
264.00	19.70
264.60	19.60
265.20	20.90
265.80	22.30
266.40	21.90
267.00	21.40
267.60	21.60
268.20	21.60
268.80	21.30
269.40	22.50
270.00	22.20
270.60	22.10
271.20	20.90
271.80	21.30
272.40	22.10
273.00	21.60
273.60	21.60
274.20	22.90
274.80	22.30
275.40	21.20
276.00	21.50
276.60	21.10
277.20	21.00
277.80	21.20
278.40	22.00
279.00	23.40
279.60	23.20
280.20	24.00
280.80	23.20
281.40	23.20
282.00	22.10
282.60	21.70
283.20	21.60
283.80	22.50
284.40	22.20
285.00	22.00
285.60	21.60
286.20	20.30
286.80	20.40
287.40	21.70
288.00	21.60
288.60	21.20
289.20	20.80
289.80	22.00
290.40	21.60
291.00	21.20
291.60	22.50
292.20	22.30
292.80	22.00
293.40	22.20
294.00	22.80
294.60	22.10
295.20	22.00
295.80	22.50
296.40	22.10
297.00	22.90
297.60	22.30
298.20	22.30
298.80	22.20
299.40	21.40
300.00	21.50
300.60	22.20
301.20	22.10
301.80	22.00
302.40	22.20
303.00	22.80
303.60	22.40
304.20	21.50
304.80	21.30
305.40	20.50
306.00	20.30
306.60	19.30
307.20	19.40
307.80	20.00
308.40	20.00
309.00	19.70
309.60	19.50
310.20	19.70
310.80	19.20
311.40	19.50
312.00	19.30
312.60	19.20
313.20	19.50
313.80	19.00
314.40	18.60
315.00	18.90
315.60	18.90
316.20	19.20
316.80	19.50
317.40	19.40
318.00	18.90
318.60	17.90
319.20	18.70
319.80	18.90
320.40	18.80
321.00	19.70
321.60	19.90
322.20	19.30
322.80	20.00
323.40	20.50
324.00	20.30
324.60	20.30
325.20	19.60
325.80	20.50
326.40	21.40
327.00	21.30
327.60	21.00
328.20	20.40
328.80	20.80
329.40	20.80
330.00	20.90
330.60	21.00
331.20	20.60
331.80	20.70
332.40	20.70
333.00	21.60
333.60	22.20
334.20	22.60
334.80	21.20
335.40	21.70
336.00	22.10
336.60	22.50
337.20	22.20
337.80	23.50
338.40	23.30
339.00	22.80
339.60	22.40
340.20	23.30
340.80	22.20
341.40	22.00
342.00	21.20
342.60	22.90
343.20	22.80
343.80	21.80
344.40	22.10
345.00	22.80
345.60	21.30
346.20	22.90
346.80	22.60
347.40	21.80
348.00	22.40
348.60	22.20
349.20	21.00
349.80	21.00
350.40	22.00
351.00	21.90
351.60	22.00
352.20	20.40
352.80	21.30
353.40	22.90
354.00	23.20
354.60	23.50
355.20	23.30
355.80	22.40
356.40	21.80
357.00	21.60
357.60	21.20
358.20	21.00
358.80	21.20
359.40	20.80
360.00	21.50
360.60	22.40
361.20	22.70
361.80	22.40
362.40	23.10
363.00	23.00
363.60	23.10
364.20	22.60
364.80	21.20
365.40	21.20
366.00	22.20
366.60	21.40
367.20	21.50
367.80	21.60
368.40	24.30
369.00	22.80
369.60	22.80
370.20	21.60
370.80	21.90
371.40	21.50
372.00	21.30
372.60	21.20
373.20	21.20
373.80	20.30
374.40	20.80
375.00	20.40
375.60	20.60
376.20	20.60
376.80	20.40
377.40	20.60
378.00	21.60
378.60	20.80
379.20	20.50
379.80	19.60
380.40	19.50
381.00	19.00
381.60	19.50
382.20	20.00
382.80	20.70
383.40	20.30
384.00	20.00
384.60	21.90
385.20	21.20
385.80	21.30
386.40	22.40
387.00	23.30
387.60	22.00
388.20	22.30
388.80	23.50
389.40	22.80
390.00	22.60
390.60	22.10
391.20	22.40
391.80	22.90
392.40	23.50
393.00	23.60
393.60	22.70
394.20	22.80
394.80	23.40
395.40	22.20
396.00	22.10
396.60	21.10
397.20	21.80
397.80	20.10
398.40	19.60
399.00	20.40
399.60	20.50
400.20	21.10
400.80	20.40
401.40	20.80
402.00	21.00
402.60	20.00
403.20	21.30
403.80	22.40
404.40	21.80
405.00	21.10
405.60	20.40
406.20	20.70
406.80	19.80
407.40	19.60
408.00	20.00
408.60	20.60
409.20	21.30
409.80	20.90
410.40	20.60
411.00	20.70
411.60	22.00
412.20	22.70
412.80	23.30
413.40	22.70
414.00	23.40
414.60	22.60
415.20	22.60
415.80	22.00
416.40	22.50
417.00	20.80
417.60	19.60
418.20	18.30
418.80	19.30
419.40	19.00
420.00	18.80
420.60	19.70
421.20	20.40
421.80	19.20
422.40	18.80
423.00	19.70
423.60	19.90
424.20	20.70
424.80	21.70
425.40	19.40
426.00	19.70
426.60	20.10
427.20	20.60
427.80	19.50
428.40	19.20
429.00	19.10
429.60	20.40
430.20	20.00
430.80	21.10
431.40	21.40
432.00	21.80
432.60	22.10
433.20	20.20
433.80	19.80
434.40	20.60
435.00	21.90
435.60	21.20
436.20	21.30
436.80	21.70
437.40	20.90
438.00	21.20
438.60	21.20
439.20	21.10
439.80	22.30
440.40	21.00
441.00	19.60
441.60	20.50
442.20	21.40
442.80	21.60
443.40	21.20
444.00	19.20
444.60	20.20
445.20	19.50
445.80	20.00
446.40	21.00
447.00	19.50
447.60	20.10
448.20	20.50
448.80	20.00
449.40	20.80
450.00	20.10
450.60	21.20
451.20	22.40
451.80	23.90
452.40	24.00
453.00	23.90
453.60	23.50
454.20	23.90
454.80	22.90
455.40	22.40
456.00	22.90
456.60	23.50
457.20	24.50
457.80	24.70
458.40	24.50
459.00	26.40
459.60	25.40
460.20	25.60
460.80	26.00
461.40	25.90
462.00	25.40
462.60	25.70
463.20	24.90
463.80	25.20
464.40	25.00
465.00	25.00
465.60	26.90
466.20	26.50
466.80	26.00
467.40	26.00
468.00	25.60
468.60	26.30
469.20	27.40
469.80	28.00
470.40	28.60
471.00	27.80
471.60	27.60
472.20	27.70
472.80	26.90
473.40	25.50
474.00	25.30
474.60	26.00
475.20	25.90
475.80	25.30
476.40	25.20
477.00	25.40
477.60	25.60
478.20	25.30
478.80	25.50
479.40	24.20
480.00	24.70
480.60	23.20
481.20	23.70
481.80	23.80
482.40	22.60
483.00	21.80
483.60	22.90
484.20	22.60
484.80	24.70
485.40	24.90
486.00	24.50
486.60	25.90
487.20	24.20
487.80	23.10
488.40	23.90
489.00	22.30
489.60	22.50
490.20	21.90
490.80	23.10
491.40	23.60
492.00	23.80
492.60	23.40
493.20	24.90
493.80	24.20
494.40	24.10
495.00	22.90
495.60	23.40
496.20	23.00
496.80	24.30
497.40	25.40
498.00	25.10
498.60	23.80
499.20	23.90
499.80	24.90
500.40	24.50
501.00	25.00
501.60	25.10
502.20	25.20
502.80	24.00
503.40	24.20
504.00	23.60
504.60	22.20
505.20	21.80
505.80	22.40
506.40	22.00
507.00	21.80
507.60	23.50
508.20	23.80
508.80	25.30
509.40	24.20
510.00	23.40
510.60	23.10
511.20	22.80
511.80	21.60
512.40	23.30
513.00	23.10
513.60	23.50
514.20	22.40
514.80	24.30
515.40	24.90
516.00	25.90
516.60	24.80
517.20	24.60
517.80	24.40
518.40	23.90
519.00	23.60
519.60	24.30
520.20	23.80
520.80	21.50
521.40	23.20
522.00	23.90
522.60	25.40
523.20	25.80
523.80	25.50
524.40	25.70
525.00	25.30
525.60	24.50
526.20	24.90
526.80	24.90
527.40	25.50
528.00	26.40
528.60	25.20
529.20	25.10
529.80	23.70
530.40	25.90
531.00	26.10
531.60	26.50
532.20	26.50
532.80	26.70
533.40	26.60
534.00	26.70
534.60	27.70
535.20	27.90
535.80	27.30
536.40	28.00
537.00	27.40
537.60	25.70
538.20	26.00
538.80	26.40
539.40	25.40
540.00	25.90
540.60	26.90
541.20	26.00
541.80	27.10
542.40	27.40
543.00	25.90
543.60	25.90
544.20	26.80
544.80	25.70
545.40	25.80
546.00	26.30
546.60	26.10
547.20	26.20
547.80	28.40
548.40	27.60
549.00	27.10
549.60	25.60
550.20	25.40
550.80	26.10
551.40	24.90
552.00	25.50
552.60	25.60
553.20	26.30
553.80	26.40
554.40	25.20
555.00	24.40
555.60	24.10
556.20	23.80
556.80	23.60
557.40	24.10
558.00	24.20
558.60	23.70
559.20	23.70
559.80	23.30
560.40	22.30
561.00	22.40
561.60	22.00
562.20	20.30
562.80	20.30
563.40	22.00
564.00	22.00
564.60	21.40
565.20	20.80
565.80	21.60
566.40	21.60
567.00	23.40
567.60	23.40
568.20	23.60
568.80	22.70
569.40	22.90
570.00	23.40
570.60	23.40
571.20	23.30
571.80	23.80
572.40	23.30
573.00	23.10
573.60	23.90
574.20	23.60
574.80	23.50
575.40	23.90
576.00	23.80
576.60	24.50
577.20	25.10
577.80	24.90
578.40	25.50
579.00	26.50
579.60	26.30
580.20	27.10
580.80	26.20
581.40	26.10
582.00	26.10
582.60	26.30
583.20	28.10
583.80	27.90
584.40	26.70
585.00	25.70
585.60	25.00
586.20	25.80
586.80	25.80
587.40	25.60
588.00	25.40
588.60	23.60
589.20	26.10
589.80	25.00
590.40	23.30
591.00	22.30
591.60	21.80
592.20	22.80
592.80	22.90
593.40	23.00
594.00	23.40
594.60	22.70
595.20	23.40
595.80	22.20
596.40	21.80
597.00	21.50
597.60	23.20
598.20	24.50
598.80	24.50
599.40	23.10
600.00	24.30
600.60	24.80
601.20	24.30
601.80	24.10
602.40	23.10
603.00	23.90
603.60	23.90
604.20	22.90
604.80	24.10
605.40	25.70
606.00	25.70
606.60	26.10
607.20	25.20
607.80	26.20
608.40	26.50
609.00	26.90
609.60	27.20
610.20	26.90
610.80	27.60
611.40	28.00
612.00	27.20
612.60	26.00
613.20	25.90
613.80	25.80
614.40	26.40
615.00	27.10
615.60	27.80
616.20	28.10
616.80	29.10
617.40	28.40
618.00	26.40
618.60	25.50
619.20	25.90
619.80	25.60
620.40	26.40
621.00	27.50
621.60	27.70
622.20	26.90
622.80	27.30
623.40	26.00
624.00	27.00
624.60	28.50
625.20	28.10
625.80	27.70
626.40	27.40
627.00	26.60
627.60	26.60
628.20	28.30
628.80	27.70
629.40	27.90
630.00	28.10
630.60	28.50
631.20	26.20
631.80	27.00
632.40	29.30
633.00	26.90
633.60	27.30
634.20	29.40
634.80	29.10
635.40	28.70
636.00	27.90
636.60	28.90
637.20	28.10
637.80	29.20
638.40	28.60
639.00	28.40
639.60	29.30
640.20	27.70
640.80	24.60
641.40	25.40
642.00	24.60
642.60	23.30
643.20	23.60
643.80	23.00
644.40	23.10
645.00	22.90
645.60	23.80
646.20	22.80
646.80	23.30
647.40	23.40
648.00	24.50
648.60	24.80
649.20	25.20
649.80	23.30
650.40	23.70
651.00	24.40
651.60	24.30
652.20	24.80
652.80	25.00
653.40	24.40
654.00	24.00
654.60	25.40
655.20	25.60
655.80	25.90
656.40	25.50
657.00	25.00
657.60	24.80
658.20	23.90
658.80	24.40
659.40	25.60
660.00	25.90
660.60	25.50
661.20	26.80
661.80	26.90
662.40	26.10
663.00	26.90
663.60	26.90
664.20	26.50
664.80	24.10
665.40	23.20
666.00	23.60
666.60	26.30
667.20	24.70
667.80	24.10
668.40	24.40
669.00	22.60
669.60	22.30
670.20	21.50
670.80	22.00
671.40	23.90
672.00	22.70
672.60	23.90
673.20	23.50
673.80	22.40
674.40	22.00
675.00	22.70
675.60	23.00
676.20	22.80
676.80	22.60
677.40	22.70
678.00	24.30
678.60	22.80
679.20	22.40
679.80	20.90
680.40	21.30
681.00	21.80
681.60	21.50
682.20	21.40
682.80	22.10
683.40	22.20
684.00	22.50
684.60	21.90
685.20	21.10
685.80	20.50
686.40	20.10
687.00	21.30
687.60	21.30
688.20	21.40
688.80	21.30
689.40	21.90
690.00	23.00
690.60	23.10
691.20	22.70
691.80	22.20
692.40	21.70
693.00	20.70
693.60	21.20
694.20	20.80
694.80	20.70
695.40	21.90
696.00	22.80
696.60	24.40
697.20	25.00
697.80	24.60
698.40	24.20
699.00	24.80
699.60	25.90
700.20	25.40
700.80	24.60
701.40	24.60
702.00	25.60
702.60	25.50
703.20	24.80
703.80	24.60
704.40	24.90
705.00	24.50
705.60	23.70
706.20	23.00
706.80	22.10
707.40	21.30
708.00	19.70
708.60	21.70
709.20	21.20
709.80	21.60
710.40	22.00
711.00	20.90
711.60	21.40
712.20	21.50
712.80	21.40
713.40	20.80
714.00	21.20
714.60	20.70
715.20	21.30
715.80	22.30
716.40	22.60
717.00	23.80
717.60	23.70
718.20	22.60
718.80	22.70
719.40	23.90
720.00	22.30
720.60	21.80
721.20	22.20
721.80	21.90
722.40	23.30
723.00	24.30
723.60	25.70
724.20	24.00
724.80	25.00
725.40	25.00
726.00	24.80
726.60	24.50
727.20	24.60
727.80	24.80
728.40	24.70
729.00	25.90
729.60	25.10
730.20	24.30
730.80	24.30
731.40	23.80
732.00	23.20
732.60	23.90
733.20	22.10
733.80	23.50
734.40	24.00
735.00	24.20
735.60	23.50
736.20	23.90
736.80	24.30
737.40	23.90
738.00	23.80
738.60	23.30
739.20	24.70
739.80	24.70
740.40	24.70
741.00	23.20
741.60	23.80
742.20	23.70
742.80	24.60
743.40	24.10
744.00	23.50
744.60	23.30
745.20	22.80
745.80	22.40
746.40	21.90
747.00	22.50
747.60	23.10
748.20	22.10
748.80	23.40
749.40	24.60
750.00	24.90
750.60	25.30
751.20	25.10
751.80	24.50
752.40	25.00
753.00	24.20
753.60	23.80
754.20	24.20
754.80	24.20
755.40	24.20
756.00	22.80
756.60	22.90
757.20	23.20
757.80	23.20
758.40	23.00
759.00	23.40
759.60	23.10
760.20	23.50
760.80	23.20
761.40	23.40
762.00	22.50
762.60	23.20
763.20	23.00
763.80	22.40
764.40	22.30
765.00	22.20
765.60	22.80
766.20	22.40
766.80	21.20
767.40	21.90
768.00	21.90
768.60	23.20
769.20	23.70
769.80	24.60
770.40	24.80
771.00	24.40
771.60	24.90
772.20	23.40
772.80	23.90
773.40	23.80
774.00	24.40
774.60	24.40
775.20	23.60
775.80	24.90
776.40	24.30
777.00	24.10
777.60	21.70
778.20	23.50
778.80	24.60
779.40	22.20
780.00	22.20
780.60	21.30
781.20	21.40
781.80	20.80
782.40	20.50
783.00	20.20
783.60	20.50
784.20	21.50
784.80	22.20
785.40	22.80
786.00	22.80
786.60	23.00
787.20	23.20
787.80	24.10
788.40	24.00
789.00	24.40
789.60	22.50
790.20	22.90
790.80	22.60
791.40	23.60
792.00	23.10
792.60	24.50
793.20	24.50
793.80	23.50
794.40	21.80
795.00	22.60
795.60	22.80
796.20	21.50
796.80	23.00
797.40	24.20
798.00	24.70
798.60	25.10
799.20	25.00
799.80	24.20
800.40	24.60
801.00	25.90
801.60	23.10
802.20	22.00
802.80	22.10
803.40	20.60
804.00	21.30
804.60	20.50
805.20	20.50
805.80	20.00
806.40	19.50
807.00	19.50
807.60	19.70
808.20	20.60
808.80	20.40
809.40	21.30
810.00	21.20
810.60	21.20
811.20	20.80
811.80	22.00
812.40	21.10
813.00	21.20
813.60	20.90
814.20	20.80
814.80	21.50
815.40	21.70
816.00	21.10
816.60	21.60
817.20	21.90
817.80	20.90
818.40	20.90
819.00	21.70
819.60	21.60
820.20	21.00
820.80	21.50
821.40	21.70
822.00	21.80
822.60	21.30
823.20	21.50
823.80	21.30
824.40	22.00
825.00	22.60
825.60	21.80
826.20	23.10
826.80	22.50
827.40	22.70
828.00	23.20
828.60	23.20
829.20	23.00
829.80	22.30
830.40	21.90
831.00	21.30
831.60	21.30
832.20	22.50
832.80	21.40
833.40	21.10
834.00	21.90
834.60	22.40
835.20	22.80
835.80	23.10
836.40	22.70
837.00	21.10
837.60	21.30
838.20	21.80
838.80	22.40
839.40	21.20
840.00	22.70
840.60	22.10
841.20	22.10
841.80	22.10
842.40	21.60
843.00	21.40
843.60	21.40
844.20	21.00
844.80	21.40
845.40	20.90
846.00	20.70
846.60	20.30
847.20	19.80
847.80	19.90
848.40	19.80
849.00	20.10
849.60	18.90
850.20	19.10
850.80	21.00
851.40	21.30
852.00	21.80
852.60	21.40
853.20	21.40
853.80	21.80
854.40	21.10
855.00	21.50
855.60	21.40
856.20	21.20
856.80	21.20
857.40	21.90
858.00	22.40
858.60	23.00
859.20	22.30
859.80	22.20
860.40	21.80
861.00	21.90
861.60	21.80
862.20	22.30
862.80	22.00
863.40	20.30
864.00	20.00
864.60	19.70
865.20	20.90
865.80	20.00
866.40	20.60
867.00	20.20
867.60	21.20
868.20	21.00
868.80	21.10
869.40	20.90
870.00	21.10
870.60	21.20
871.20	21.30
871.80	21.70
872.40	21.50
873.00	21.10
873.60	21.00
874.20	19.60
874.80	19.40
875.40	19.80
876.00	20.70
876.60	21.40
877.20	21.30
877.80	20.50
878.40	18.80
879.00	19.20
879.60	19.70
880.20	19.70
880.80	21.70
881.40	22.00
882.00	21.80
882.60	21.40
883.20	21.80
883.80	21.40
884.40	21.30
885.00	22.00
885.60	22.30
886.20	21.50
886.80	21.10
887.40	20.60
888.00	21.90
888.60	21.40
889.20	20.00
889.80	21.40
890.40	20.60
891.00	20.30
891.60	20.90
892.20	20.50
892.80	20.60
893.40	20.70
894.00	21.30
894.60	20.90
895.20	21.60
895.80	22.60
896.40	22.80
897.00	23.10
897.60	22.40
898.20	21.30
898.80	20.40
899.40	20.10
900.00	20.90
900.60	20.10
901.20	21.10
901.80	20.60
902.40	20.90
903.00	22.00
903.60	22.80
904.20	21.30
904.80	20.70
905.40	20.90
906.00	20.90
906.60	21.50
907.20	21.10
907.80	22.60
908.40	22.60
909.00	22.00
909.60	21.70
910.20	21.50
910.80	21.60
911.40	21.20
912.00	21.00
912.60	20.60
913.20	21.10
913.80	20.50
914.40	21.20
915.00	22.20
915.60	21.20
916.20	21.20
916.80	21.60
917.40	22.80
918.00	22.20
918.60	21.30
919.20	22.00
919.80	20.90
920.40	22.50
921.00	22.30
921.60	21.60
922.20	20.80
922.80	21.90
923.40	22.00
924.00	21.60
924.60	21.60
925.20	21.20
925.80	21.60
926.40	20.80
927.00	20.50
927.60	20.90
928.20	21.60
928.80	21.10
929.40	22.10
930.00	22.10
930.60	20.70
931.20	20.20
931.80	20.70
932.40	21.60
933.00	21.50
933.60	22.00
934.20	23.30
934.80	22.30
935.40	21.60
936.00	21.60
936.60	21.10
937.20	22.10
937.80	21.30
938.40	22.50
939.00	22.60
939.60	21.80
940.20	22.70
940.80	22.10
941.40	22.20
942.00	21.80
942.60	21.60
943.20	20.60
943.80	20.90
944.40	20.60
945.00	21.20
945.60	21.60
946.20	20.40
946.80	19.70
947.40	22.00
948.00	20.80
948.60	20.70
949.20	22.10
949.80	21.30
950.40	21.30
951.00	21.60
951.60	21.50
952.20	22.50
952.80	22.70
953.40	21.50
954.00	21.30
954.60	22.10
955.20	21.10
955.80	21.60
956.40	21.70
957.00	22.10
957.60	22.10
958.20	22.70
958.80	23.00
959.40	21.90
960.00	22.40
960.60	22.60
961.20	21.90
961.80	20.70
962.40	21.10
963.00	21.90
963.60	21.70
964.20	21.50
964.80	22.30
965.40	22.60
966.00	23.20
966.60	21.50
967.20	20.20
967.80	20.90
968.40	21.40
969.00	21.10
969.60	21.10
970.20	21.00
970.80	22.00
971.40	21.50
972.00	22.60
972.60	21.20
973.20	21.70
973.80	22.20
974.40	22.10
975.00	22.10
975.60	21.30
976.20	22.00
976.80	22.20
977.40	22.20
978.00	21.40
978.60	20.70
979.20	21.40
979.80	21.10
980.40	21.00
981.00	20.80
981.60	20.60
982.20	21.10
982.80	20.80
983.40	21.90
984.00	23.70
984.60	21.80
985.20	23.20
985.80	22.90
986.40	23.40
987.00	23.30
987.60	22.10
988.20	21.90
988.80	21.20
989.40	21.70
990.00	21.50
990.60	20.90
991.20	20.90
991.80	19.30
992.40	20.20
993.00	19.70
993.60	20.00
994.20	20.50
994.80	21.70
995.40	21.00
996.00	20.70
996.60	21.70
997.20	21.10
997.80	21.20
998.40	21.70
999.00	21.00
999.60	21.70
1000.20	22.10
1000.80	21.50
1001.40	22.00
1002.00	21.60
1002.60	22.50
1003.20	21.90
1003.80	21.10
1004.40	21.60
1005.00	20.30
1005.60	20.90
1006.20	21.40
1006.80	21.40
1007.40	21.50
1008.00	21.60
1008.60	20.70
1009.20	20.90
1009.80	20.80
1010.40	20.80
1011.00	21.30
1011.60	21.70
1012.20	22.60
1012.80	21.90
1013.40	22.20
1014.00	21.20
1014.60	20.50
1015.20	21.30
1015.80	22.00
1016.40	23.70
1017.00	21.80
1017.60	22.20
1018.20	22.00
1018.80	22.10
1019.40	22.70
1020.00	23.00
1020.60	22.30
1021.20	21.30
1021.80	21.80
1022.40	20.20
1023.00	20.20
1023.60	20.40
1024.20	20.70
1024.80	21.30
1025.40	20.90
1026.00	21.30
1026.60	21.60
1027.20	22.10
1027.80	21.40
1028.40	20.60
1029.00	20.80
1029.60	20.60
1030.20	20.30
1030.80	21.20
1031.40	21.20
1032.00	21.00
1032.60	22.30
1033.20	21.30
1033.80	21.00
1034.40	20.70
1035.00	20.90
1035.60	20.30
1036.20	19.70
1036.80	20.20
1037.40	19.40
1038.00	20.10
1038.60	20.90
1039.20	20.80
1039.80	20.70
1040.40	21.10
1041.00	21.30
1041.60	21.80
1042.20	20.70
1042.80	21.40
1043.40	21.30
1044.00	20.80
1044.60	20.50
1045.20	20.70
1045.80	21.10
1046.40	21.90
1047.00	22.50
1047.60	22.60
1048.20	23.00
1048.80	22.10
1049.40	21.80
1050.00	20.40
1050.60	20.60
1051.20	21.30
1051.80	20.80
1052.40	20.80
1053.00	21.20
1053.60	20.30
1054.20	20.70
1054.80	20.00
1055.40	20.40
1056.00	20.40
1056.60	20.90
1057.20	22.10
1057.80	22.30
1058.40	21.40
1059.00	21.20
1059.60	20.90
1060.20	21.40
1060.80	20.60
1061.40	21.40
1062.00	20.90
1062.60	20.40
1063.20	20.10
1063.80	21.20
1064.40	22.50
1065.00	21.10
1065.60	21.80
1066.20	22.40
1066.80	22.00
1067.40	22.00
1068.00	22.20
1068.60	22.70
1069.20	21.80
1069.80	20.30
1070.40	21.20
1071.00	20.50
1071.60	20.70
1072.20	20.60
1072.80	21.50
1073.40	22.40
1074.00	23.40
1074.60	21.90
1075.20	21.90
1075.80	22.90
1076.40	21.70
1077.00	22.50
1077.60	22.00
1078.20	22.70
1078.80	22.60
1079.40	23.10
1080.00	22.60
1080.60	22.00
1081.20	21.90
1081.80	22.30
1082.40	23.20
1083.00	23.30
1083.60	23.00
1084.20	22.90
1084.80	22.80
1085.40	21.70
1086.00	22.10
1086.60	22.60
1087.20	23.00
1087.80	22.70
1088.40	23.40
1089.00	22.30
1089.60	22.40
1090.20	21.00
1090.80	21.40
1091.40	22.10
1092.00	21.70
1092.60	22.10
1093.20	23.20
1093.80	23.00
1094.40	22.90
1095.00	22.30
1095.60	23.20
1096.20	22.30
1096.80	24.30
1097.40	22.90
1098.00	23.00
1098.60	23.20
1099.20	22.40
1099.80	22.50
1100.40	22.80
1101.00	21.10
1101.60	20.30
1102.20	21.60
1102.80	21.90
1103.40	21.60
1104.00	21.10
1104.60	21.30
1105.20	22.40
1105.80	22.90
1106.40	23.30
1107.00	21.70
1107.60	21.30
1108.20	21.80
1108.80	21.60
1109.40	22.70
1110.00	22.40
1110.60	22.20
1111.20	22.70
1111.80	22.80
1112.40	23.30
1113.00	22.70
1113.60	22.60
1114.20	22.60
1114.80	23.50
1115.40	23.10
1116.00	23.40
1116.60	22.80
1117.20	22.10
1117.80	21.50
1118.40	21.20
1119.00	22.70
1119.60	21.70
1120.20	23.70
1120.80	23.30
1121.40	22.50
1122.00	21.90
1122.60	21.70
1123.20	21.20
1123.80	19.90
1124.40	21.10
1125.00	22.00
1125.60	22.10
1126.20	22.40
1126.80	21.80
1127.40	21.70
1128.00	22.30
1128.60	20.70
1129.20	20.60
1129.80	21.10
1130.40	20.70
1131.00	20.10
1131.60	21.30
1132.20	21.00
1132.80	21.00
1133.40	22.20
1134.00	24.30
1134.60	21.90
1135.20	21.30
1135.80	21.90
1136.40	20.90
1137.00	20.70
1137.60	20.10
1138.20	21.60
1138.80	22.80
1139.40	22.90
1140.00	23.20
1140.60	21.40
1141.20	20.60
1141.80	22.20
1142.40	22.30
1143.00	22.00
1143.60	22.50
1144.20	22.20
1144.80	21.10
1145.40	22.30
1146.00	22.70
1146.60	23.60
1147.20	22.60
1147.80	21.90
1148.40	22.40
1149.00	22.00
1149.60	21.90
1150.20	21.70
1150.80	21.10
1151.40	22.50
1152.00	23.70
1152.60	22.80
1153.20	21.50
1153.80	21.20
1154.40	22.00
1155.00	21.50
1155.60	22.40
1156.20	23.00
1156.80	22.50
1157.40	22.00
1158.00	21.60
1158.60	23.00
1159.20	22.30
1159.80	22.50
1160.40	21.60
1161.00	20.70
1161.60	19.50
1162.20	19.70
1162.80	20.50
1163.40	20.20
1164.00	20.30
1164.60	21.10
1165.20	20.80
1165.80	20.30
1166.40	20.70
1167.00	20.20
1167.60	21.00
1168.20	22.30
1168.80	23.10
1169.40	22.10
1170.00	21.90
1170.60	22.60
1171.20	21.50
1171.80	21.10
1172.40	21.90
1173.00	22.30
1173.60	23.00
1174.20	22.60
1174.80	22.90
1175.40	21.70
1176.00	20.90
1176.60	20.50
1177.20	20.60
1177.80	21.70
1178.40	20.80
1179.00	21.20
1179.60	20.10
1180.20	19.00
1180.80	18.90
1181.40	19.20
1182.00	18.60
1182.60	18.60
1183.20	18.20
1183.80	19.30
1184.40	19.60
1185.00	19.10
1185.60	19.20
1186.20	20.60
1186.80	21.70
1187.40	21.00
1188.00	21.70
1188.60	21.40
1189.20	21.50
1189.80	20.90
1190.40	21.00
1191.00	20.90
1191.60	20.70
1192.20	21.80
1192.80	21.10
1193.40	21.60
1194.00	20.40
1194.60	21.20
1195.20	21.00
1195.80	22.40
1196.40	22.70
1197.00	21.40
1197.60	22.10
1198.20	21.30
1198.80	21.60
1199.40	21.30
1200.00	21.70
1200.60	22.50
1201.20	21.30
1201.80	20.50
1202.40	22.60
1203.00	20.80
1203.60	19.40
1204.20	19.40
1204.80	19.90
1205.40	20.90
1206.00	19.80
1206.60	21.70
1207.20	21.20
1207.80	20.80
1208.40	21.90
1209.00	22.00
1209.60	21.50
1210.20	21.80
1210.80	21.70
1211.40	22.50
1212.00	23.30
1212.60	22.20
1213.20	21.40
1213.80	21.10
1214.40	21.50
1215.00	23.10
1215.60	21.60
1216.20	22.40
1216.80	21.30
1217.40	22.60
1218.00	22.90
1218.60	22.50
1219.20	21.00
1219.80	21.20
1220.40	22.10
1221.00	22.10
1221.60	21.10
1222.20	21.00
1222.80	21.90
1223.40	22.10
1224.00	22.10
1224.60	22.10
1225.20	22.30
1225.80	22.30
1226.40	23.00
1227.00	24.00
1227.60	24.80
1228.20	23.10
1228.80	23.00
1229.40	21.20
1230.00	22.00
1230.60	21.00
1231.20	21.80
1231.80	22.00
1232.40	21.70
1233.00	21.50
1233.60	22.40
1234.20	23.60
1234.80	23.40
1235.40	23.70
1236.00	22.80
1236.60	22.00
1237.20	21.90
1237.80	22.60
1238.40	24.00
1239.00	22.70
1239.60	24.20
1240.20	23.60
1240.80	22.60
1241.40	23.40
1242.00	23.50
1242.60	23.00
1243.20	23.00
1243.80	23.00
1244.40	23.00
1245.00	23.00
1245.60	22.40
1246.20	22.70
1246.80	23.20
1247.40	23.20
1248.00	21.60
1248.60	21.50
1249.20	21.90
1249.80	21.00
1250.40	21.30
1251.00	22.30
1251.60	21.50
1252.20	20.40
1252.80	21.20
1253.40	20.70
1254.00	21.40
1254.60	21.90
1255.20	20.90
1255.80	21.00
1256.40	23.00
1257.00	23.20
1257.60	22.70
1258.20	22.80
1258.80	22.00
1259.40	22.50
1260.00	22.20
1260.60	22.10
1261.20	22.50
1261.80	21.70
1262.40	22.40
1263.00	22.00
1263.60	22.60
1264.20	22.70
1264.80	22.80
1265.40	24.00
1266.00	22.70
1266.60	21.90
1267.20	23.30
1267.80	23.90
1268.40	23.80
1269.00	23.00
1269.60	22.80
1270.20	22.60
1270.80	22.00
1271.40	21.60
1272.00	21.80
1272.60	22.00
1273.20	22.10
1273.80	22.40
1274.40	22.80
1275.00	21.20
1275.60	21.30
1276.20	20.60
1276.80	21.10
1277.40	20.80
1278.00	21.70
1278.60	22.00
1279.20	23.60
1279.80	22.90
1280.40	23.00
1281.00	23.80
1281.60	22.10
1282.20	22.40
1282.80	22.10
1283.40	21.00
1284.00	21.20
1284.60	21.10
1285.20	22.70
1285.80	22.40
1286.40	22.80
1287.00	24.30
1287.60	25.00
1288.20	24.70
1288.80	23.90
1289.40	24.40
1290.00	24.60
1290.60	23.80
1291.20	23.30
1291.80	22.50
1292.40	22.30
1293.00	22.60
1293.60	23.10
1294.20	21.40
1294.80	21.20
1295.40	21.80
1296.00	23.40
1296.60	24.00
1297.20	24.60
1297.80	24.50
1298.40	23.30
1299.00	24.30
1299.60	24.70
1300.20	24.60
1300.80	22.70
1301.40	24.90
1302.00	25.00
1302.60	25.50
1303.20	25.40
1303.80	26.40
1304.40	25.80
1305.00	24.90
1305.60	24.50
1306.20	23.00
1306.80	23.60
1307.40	23.40
1308.00	24.20
1308.60	22.50
1309.20	23.10
1309.80	23.70
1310.40	22.80
1311.00	22.90
1311.60	22.40
1312.20	22.30
1312.80	23.10
1313.40	23.50
1314.00	22.50
1314.60	23.20
1315.20	22.80
1315.80	22.80
1316.40	23.40
1317.00	23.50
1317.60	23.80
1318.20	23.50
1318.80	23.10
1319.40	24.50
1320.00	24.00
1320.60	24.70
1321.20	23.60
1321.80	22.50
1322.40	23.20
1323.00	23.70
1323.60	24.20
1324.20	23.20
1324.80	21.70
1325.40	21.90
1326.00	22.30
1326.60	23.30
1327.20	23.70
1327.80	22.80
1328.40	23.40
1329.00	23.80
1329.60	23.70
1330.20	23.20
1330.80	23.70
1331.40	23.30
1332.00	22.60
1332.60	21.60
1333.20	22.00
1333.80	21.50
1334.40	20.00
1335.00	21.60
1335.60	22.60
1336.20	23.00
1336.80	22.50
1337.40	22.80
1338.00	23.40
1338.60	21.90
1339.20	22.20
1339.80	21.30
1340.40	22.10
1341.00	22.20
1341.60	22.40
1342.20	23.50
1342.80	22.80
1343.40	21.60
1344.00	22.20
1344.60	21.50
1345.20	23.10
1345.80	24.70
1346.40	23.70
1347.00	23.50
1347.60	24.40
1348.20	24.40
1348.80	25.00
1349.40	25.40
1350.00	24.90
1350.60	23.40
1351.20	25.60
1351.80	26.60
1352.40	26.80
1353.00	26.80
1353.60	26.10
1354.20	27.00
1354.80	25.30
1355.40	25.60
1356.00	25.90
1356.60	25.90
1357.20	27.30
1357.80	26.90
1358.40	27.10
1359.00	26.60
1359.60	26.10
1360.20	26.00
1360.80	25.40
1361.40	24.30
1362.00	24.40
1362.60	23.90
1363.20	24.00
1363.80	24.10
1364.40	24.20
1365.00	23.00
1365.60	23.00
1366.20	23.40
1366.80	24.80
1367.40	23.20
1368.00	23.70
1368.60	22.50
1369.20	23.20
1369.80	22.10
1370.40	23.30
1371.00	23.10
1371.60	22.80
1372.20	22.60
1372.80	21.90
1373.40	23.20
1374.00	22.30
1374.60	23.20
1375.20	22.20
1375.80	23.00
1376.40	22.50
1377.00	23.40
1377.60	23.20
1378.20	23.40
1378.80	24.60
1379.40	25.00
1380.00	25.40
1380.60	27.40
1381.20	25.90
1381.80	26.00
1382.40	26.90
1383.00	25.90
1383.60	25.40
1384.20	25.80
1384.80	26.60
1385.40	28.10
1386.00	27.90
1386.60	28.30
1387.20	26.40
1387.80	24.60
1388.40	27.10
1389.00	26.70
1389.60	27.00
1390.20	24.40
1390.80	24.30
1391.40	25.70
1392.00	24.90
1392.60	25.20
1393.20	25.40
1393.80	23.80
1394.40	22.50
1395.00	23.40
1395.60	23.90
1396.20	23.90
1396.80	23.20
1397.40	24.40
1398.00	24.20
1398.60	24.60
1399.20	24.80
1399.80	25.20
1400.40	25.40
1401.00	25.90
1401.60	25.90
1402.20	26.50
1402.80	25.40
1403.40	25.30
1404.00	25.20
1404.60	25.30
1405.20	25.30
1405.80	25.20
1406.40	25.20
1407.00	26.70
1407.60	28.00
1408.20	27.10
1408.80	28.10
1409.40	27.30
1410.00	28.90
1410.60	29.70
1411.20	29.00
1411.80	28.30
1412.40	28.40
1413.00	29.30
1413.60	27.40
1414.20	28.70
1414.80	26.90
1415.40	26.90
1416.00	27.70
1416.60	29.40
1417.20	28.20
1417.80	27.40
1418.40	26.90
1419.00	27.30
1419.60	27.30
1420.20	28.20
1420.80	28.70
1421.40	28.30
1422.00	28.20
1422.60	29.10
1423.20	27.90
1423.80	26.80
1424.40	28.10
1425.00	27.00
1425.60	27.40
1426.20	28.10
1426.80	26.20
1427.40	26.80
1428.00	24.90
1428.60	25.10
1429.20	24.20
1429.80	24.10
1430.40	22.90
1431.00	23.50
1431.60	24.40
1432.20	24.60
1432.80	25.80
1433.40	23.80
1434.00	24.90
1434.60	24.50
1435.20	24.30
1435.80	25.20
1436.40	24.10
1437.00	23.20
1437.60	23.20
1438.20	21.90
1438.80	22.40
1439.40	23.90
1440.00	24.10
1440.60	23.80
1441.20	23.50
1441.80	23.50
1442.40	24.20
1443.00	24.00
1443.60	23.80
1444.20	23.60
1444.80	24.30
1445.40	25.80
1446.00	25.10
1446.60	24.30
1447.20	24.40
1447.80	24.70
1448.40	23.40
1449.00	23.50
1449.60	23.70
1450.20	22.50
1450.80	24.30
1451.40	23.50
1452.00	24.10
1452.60	22.20
1453.20	23.20
1453.80	22.00
1454.40	23.40
1455.00	23.70
1455.60	23.00
1456.20	24.20
1456.80	23.20
1457.40	23.70
1458.00	23.90
1458.60	23.10
1459.20	23.50
1459.80	22.90
1460.40	24.10
1461.00	23.30
1461.60	23.30
1462.20	23.40
1462.80	23.40
1463.40	23.40
1464.00	24.80
1464.60	25.00
1465.20	23.70
1465.80	23.30
1466.40	23.10
1467.00	24.20
1467.60	24.10
1468.20	24.30
1468.80	23.40
1469.40	23.50
1470.00	24.20
1470.60	24.30
1471.20	23.50
1471.80	24.40
1472.40	24.50
1473.00	24.10
1473.60	23.10
1474.20	24.00
1474.80	23.80
1475.40	23.70
1476.00	22.80
1476.60	21.90
1477.20	21.90
1477.80	23.50
1478.40	23.70
1479.00	25.50
1479.60	27.40
1480.20	27.70
1480.80	28.40
1481.40	29.20
1482.00	28.20
1482.60	28.20
1483.20	27.50
1483.80	26.20
1484.40	25.40
1485.00	24.40
1485.60	24.90
1486.20	23.70
1486.80	24.20
1487.40	24.80
1488.00	25.50
1488.60	25.50
1489.20	24.90
1489.80	24.10
1490.40	25.90
1491.00	26.30
1491.60	27.00
1492.20	25.50
1492.80	26.20
1493.40	26.20
1494.00	26.00
1494.60	26.60
1495.20	26.30
1495.80	26.90
1496.40	27.20
1497.00	25.70
1497.60	25.20
1498.20	25.70
1498.80	25.00
1499.40	24.60
1500.00	24.30
1500.60	24.00
1501.20	
