#time	46.30
0.60	46.30
1.20	45.10
1.80	45.30
2.40	45.70
3.00	45.00
3.60	44.80
4.20	44.10
4.80	44.00
5.40	46.00
6.00	47.50
6.60	46.40
7.20	47.50
7.80	48.00
8.40	47.70
9.00	46.20
9.60	48.00
10.20	47.60
10.80	47.40
11.40	48.10
12.00	49.80
12.60	51.60
13.20	52.20
13.80	51.90
14.40	51.80
15.00	51.60
15.60	52.60
16.20	53.00
16.80	52.40
17.40	50.00
18.00	49.70
18.60	49.10
19.20	47.50
19.80	48.60
20.40	49.00
21.00	48.70
21.60	50.00
22.20	49.40
22.80	50.30
23.40	49.30
24.00	49.70
24.60	50.70
25.20	50.80
25.80	49.90
26.40	51.60
27.00	52.30
27.60	53.10
28.20	51.80
28.80	51.00
29.40	51.00
30.00	52.40
30.60	52.30
31.20	53.20
31.80	55.30
32.40	54.90
33.00	54.60
33.60	55.00
34.20	54.30
34.80	52.80
35.40	54.10
36.00	52.30
36.60	51.60
37.20	50.10
37.80	47.10
38.40	46.20
39.00	45.90
39.60	48.30
40.20	50.20
40.80	50.00
41.40	48.40
42.00	50.60
42.60	50.20
43.20	49.60
43.80	49.30
44.40	48.40
45.00	48.80
45.60	49.80
46.20	49.90
46.80	49.70
47.40	49.70
48.00	51.30
48.60	50.30
49.20	51.10
49.80	50.60
50.40	50.00
51.00	47.00
51.60	45.10
52.20	46.70
52.80	46.50
53.40	47.20
54.00	48.00
54.60	48.10
55.20	47.60
55.80	46.70
56.40	45.60
57.00	45.90
57.60	46.00
58.20	43.50
58.80	43.50
59.40	43.00
60.00	43.80
60.60	42.90
61.20	42.50
61.80	42.60
62.40	42.70
63.00	43.00
63.60	44.50
64.20	45.00
64.80	44.30
65.40	42.80
66.00	44.00
66.60	44.80
67.20	46.20
67.80	46.20
68.40	46.30
69.00	44.90
69.60	43.70
70.20	45.40
70.80	46.10
71.40	48.00
72.00	48.60
72.60	47.60
73.20	48.50
73.80	50.20
74.40	50.20
75.00	49.70
75.60	48.30
76.20	49.80
76.80	48.50
77.40	47.60
78.00	48.80
78.60	48.40
79.20	46.60
79.80	46.20
80.40	46.40
81.00	46.90
81.60	47.00
82.20	46.00
82.80	46.40
83.40	48.20
84.00	46.30
84.60	46.90
85.20	46.30
85.80	46.00
86.40	49.50
87.00	49.60
87.60	47.50
88.20	47.60
88.80	47.20
89.40	49.00
90.00	48.30
90.60	48.20
91.20	47.10
91.80	46.50
92.40	46.10
93.00	46.80
93.60	49.20
94.20	47.60
94.80	48.70
95.40	48.50
96.00	49.10
96.60	50.00
97.20	50.30
97.80	50.80
98.40	50.50
99.00	51.10
99.60	50.40
100.20	50.20
100.80	51.10
101.40	51.70
102.00	51.40
102.60	52.20
103.20	52.70
103.80	51.70
104.40	54.10
105.00	52.40
105.60	52.30
106.20	52.60
106.80	51.80
107.40	52.20
108.00	51.40
108.60	52.50
109.20	52.50
109.80	52.10
110.40	51.80
111.00	51.10
111.60	52.30
112.20	51.70
112.80	51.70
113.40	51.60
114.00	49.50
114.60	51.70
115.20	53.30
115.80	51.30
116.40	52.80
117.00	54.50
117.60	55.30
118.20	53.90
118.80	54.30
119.40	56.00
120.00	54.20
120.60	54.30
121.20	52.70
121.80	52.10
122.40	51.40
123.00	52.70
123.60	51.90
124.20	50.00
124.80	50.60
125.40	51.00
126.00	53.00
126.60	52.90
127.20	52.10
127.80	52.60
128.40	53.20
129.00	53.90
129.60	56.40
130.20	56.20
130.80	55.10
131.40	55.90
132.00	54.10
132.60	51.70
133.20	52.10
133.80	53.20
134.40	53.50
135.00	53.10
135.60	53.60
136.20	56.00
136.80	56.80
137.40	56.50
138.00	57.40
138.60	56.30
139.20	56.30
139.80	54.80
140.40	54.10
141.00	52.50
141.60	53.80
142.20	53.30
142.80	54.10
143.40	54.10
144.00	54.00
144.60	55.40
145.20	53.80
145.80	52.50
146.40	52.70
147.00	51.00
147.60	51.20
148.20	52.80
148.80	54.50
149.40	54.30
150.00	54.40
150.60	53.00
151.20	52.70
151.80	53.10
152.40	53.40
153.00	53.40
153.60	53.10
154.20	53.00
154.80	53.70
155.40	53.80
156.00	53.80
156.60	53.60
157.20	54.10
157.80	54.50
158.40	56.10
159.00	57.30
159.60	55.50
160.20	56.80
160.80	56.10
161.40	55.00
162.00	54.10
162.60	53.60
163.20	53.50
163.80	52.80
164.40	49.80
165.00	48.90
165.60	48.50
166.20	47.10
166.80	48.90
167.40	48.60
168.00	50.10
168.60	50.40
169.20	48.30
169.80	49.50
170.40	48.70
171.00	49.00
171.60	49.50
172.20	51.70
172.80	51.40
173.40	51.80
174.00	51.30
174.60	51.00
175.20	51.30
175.80	51.20
176.40	50.30
177.00	49.90
177.60	50.30
178.20	49.00
178.80	47.90
179.40	47.50
180.00	45.90
180.60	46.10
181.20	46.70
181.80	45.90
182.40	46.90
183.00	44.20
183.60	44.30
184.20	43.90
184.80	42.60
185.40	43.50
186.00	44.00
186.60	43.00
187.20	43.10
187.80	43.10
188.40	42.10
189.00	41.20
189.60	42.50
190.20	40.80
190.80	40.90
191.40	41.50
192.00	41.40
192.60	43.70
193.20	42.70
193.80	43.00
194.40	42.80
195.00	42.90
195.60	42.80
196.20	42.70
196.80	43.10
197.40	42.40
198.00	43.70
198.60	44.90
199.20	44.00
199.80	46.20
200.40	47.50
201.00	45.00
201.60	44.30
202.20	44.00
202.80	43.90
203.40	45.00
204.00	44.60
204.60	45.30
205.20	45.80
205.80	45.70
206.40	44.70
207.00	43.60
207.60	44.70
208.20	45.00
208.80	46.30
209.40	46.30
210.00	45.70
210.60	43.90
211.20	45.40
211.80	45.90
212.40	45.20
213.00	47.40
213.60	48.00
214.20	48.90
214.80	48.70
215.40	48.90
216.00	48.50
216.60	49.30
217.20	49.00
217.80	48.50
218.40	48.50
219.00	48.30
219.60	46.70
220.20	48.50
220.80	48.90
221.40	49.20
222.00	49.00
222.60	49.50
223.20	49.20
223.80	49.20
224.40	46.40
225.00	47.70
225.60	48.90
226.20	47.30
226.80	48.90
227.40	48.60
228.00	48.40
228.60	48.70
229.20	48.00
229.80	48.60
230.40	50.10
231.00	50.80
231.60	50.70
232.20	51.10
232.80	51.90
233.40	52.00
234.00	52.50
234.60	52.20
235.20	51.90
235.80	53.50
236.40	53.90
237.00	55.50
237.60	56.00
238.20	56.00
238.80	56.40
239.40	55.30
240.00	55.60
240.60	56.20
241.20	55.60
241.80	55.70
242.40	56.00
243.00	55.70
243.60	56.60
244.20	57.40
244.80	55.30
245.40	56.30
246.00	56.30
246.60	56.60
247.20	57.20
247.80	57.80
248.40	57.80
249.00	57.10
249.60	56.10
250.20	55.10
250.80	52.40
251.40	51.50
252.00	53.00
252.60	52.40
253.20	52.80
253.80	54.30
254.40	53.80
255.00	54.60
255.60	53.90
256.20	54.80
256.80	54.10
257.40	55.40
258.00	54.70
258.60	54.50
259.20	54.30
259.80	54.10
260.40	53.00
261.00	52.50
261.60	52.40
262.20	51.20
262.80	52.30
263.40	50.60
264.00	52.80
264.60	53.60
265.20	53.20
265.80	52.30
266.40	54.90
267.00	56.30
267.60	57.30
268.20	57.00
268.80	57.70
269.40	55.90
270.00	57.80
270.60	55.30
271.20	54.40
271.80	53.60
272.40	53.70
273.00	54.20
273.60	53.90
274.20	54.90
274.80	54.60
275.40	52.70
276.00	53.10
276.60	54.80
277.20	54.00
277.80	52.80
278.40	52.20
279.00	52.20
279.60	52.20
280.20	50.20
280.80	49.50
281.40	48.80
282.00	48.40
282.60	48.90
283.20	48.30
283.80	47.60
284.40	46.70
285.00	47.90
285.60	49.10
286.20	49.00
286.80	49.90
287.40	49.00
288.00	49.40
288.60	48.60
289.20	49.70
289.80	49.80
290.40	51.30
291.00	50.70
291.60	50.20
292.20	50.40
292.80	49.60
293.40	48.70
294.00	49.00
294.60	49.40
295.20	49.90
295.80	49.60
296.40	47.60
297.00	48.60
297.60	49.90
298.20	50.50
298.80	52.00
299.40	50.30
300.00	48.80
300.60	48.80
301.20	47.60
301.80	46.70
302.40	47.10
303.00	46.70
303.60	46.70
304.20	46.90
304.80	47.30
305.40	45.80
306.00	47.90
306.60	49.00
307.20	48.30
307.80	49.40
308.40	50.40
309.00	48.20
309.60	48.60
310.20	49.20
310.80	49.50
311.40	48.20
312.00	49.60
312.60	51.30
313.20	50.00
313.80	51.00
314.40	50.50
315.00	49.40
315.60	50.90
316.20	51.70
316.80	51.20
317.40	52.40
318.00	53.40
318.60	55.80
319.20	56.20
319.80	54.80
320.40	56.10
321.00	55.80
321.60	55.10
322.20	54.40
322.80	53.40
323.40	55.40
324.00	56.60
324.60	55.70
325.20	56.40
325.80	54.90
326.40	56.60
327.00	57.60
327.60	56.60
328.20	57.20
328.80	58.00
329.40	59.60
330.00	58.40
330.60	57.60
331.20	57.60
331.80	58.20
332.40	59.50
333.00	58.50
333.60	59.50
334.20	59.30
334.80	57.00
335.40	57.80
336.00	57.50
336.60	55.20
337.20	55.40
337.80	54.60
338.40	54.10
339.00	52.90
339.60	51.50
340.20	51.30
340.80	52.50
341.40	53.00
342.00	52.20
342.60	53.10
343.20	52.40
343.80	51.90
344.40	50.60
345.00	50.40
345.60	51.40
346.20	52.20
346.80	52.30
347.40	51.80
348.00	53.80
348.60	55.20
349.20	56.50
349.80	55.70
350.40	54.70
351.00	53.60
351.60	55.20
352.20	53.80
352.80	52.60
353.40	52.20
354.00	52.20
354.60	53.50
355.20	54.00
355.80	54.80
356.40	55.40
357.00	55.90
357.60	54.60
358.20	54.30
358.80	54.10
359.40	54.00
360.00	53.00
360.60	50.40
361.20	47.60
361.80	50.40
362.40	53.10
363.00	53.60
363.60	52.50
364.20	54.10
364.80	54.80
365.40	52.60
366.00	53.90
366.60	55.40
367.20	55.10
367.80	55.50
368.40	55.60
369.00	55.40
369.60	56.30
370.20	56.30
370.80	55.70
371.40	56.20
372.00	55.60
372.60	55.40
373.20	55.30
373.80	54.30
374.40	52.70
375.00	52.40
375.60	54.10
376.20	52.40
376.80	52.00
377.40	53.40
378.00	53.20
378.60	54.20
379.20	55.20
379.80	55.50
380.40	55.10
381.00	54.70
381.60	55.30
382.20	54.50
382.80	52.90
383.40	54.40
384.00	54.60
384.60	54.80
385.20	53.90
385.80	54.20
386.40	53.80
387.00	53.30
387.60	55.00
388.20	55.20
388.80	55.20
389.40	55.30
390.00	56.20
390.60	56.10
391.20	53.00
391.80	52.10
392.40	52.00
393.00	52.80
393.60	51.10
394.20	50.10
394.80	51.00
395.40	51.20
396.00	50.40
396.60	50.40
397.20	51.10
397.80	54.00
398.40	55.60
399.00	56.30
399.60	54.60
400.20	55.00
400.80	53.80
401.40	54.70
402.00	53.50
402.60	53.40
403.20	52.40
403.80	51.90
404.40	51.20
405.00	51.00
405.60	52.60
406.20	51.20
406.80	50.40
407.40	50.50
408.00	52.80
408.60	53.20
409.20	54.80
409.80	53.20
410.40	55.10
411.00	53.30
411.60	52.50
412.20	52.40
412.80	51.90
413.40	52.80
414.00	49.60
414.60	49.70
415.20	49.10
415.80	49.30
416.40	50.10
417.00	47.40
417.60	49.60
418.20	49.60
418.80	50.90
419.40	51.40
420.00	51.90
420.60	50.40
421.20	51.20
421.80	50.80
422.40	51.70
423.00	52.00
423.60	50.60
424.20	50.20
424.80	49.50
425.40	49.10
426.00	49.30
426.60	49.60
427.20	48.60
427.80	48.40
428.40	48.20
429.00	47.80
429.60	48.30
430.20	48.50
430.80	49.10
431.40	49.80
432.00	49.40
432.60	48.20
433.20	48.40
433.80	49.90
434.40	50.00
435.00	50.70
435.60	50.80
436.20	49.60
436.80	48.70
437.40	48.70
438.00	49.60
438.60	49.60
439.20	49.30
439.80	49.90
440.40	51.10
441.00	48.70
441.60	49.00
442.20	49.10
442.80	50.30
443.40	50.60
444.00	51.70
444.60	50.80
445.20	50.60
445.80	49.90
446.40	51.20
447.00	52.30
447.60	53.70
448.20	53.60
448.80	51.80
449.40	51.30
450.00	50.60
450.60	51.80
451.20	52.00
451.80	54.20
452.40	55.20
453.00	54.30
453.60	53.40
454.20	54.40
454.80	53.00
455.40	52.90
456.00	53.20
456.60	54.40
457.20	53.50
457.80	53.00
458.40	53.90
459.00	52.40
459.60	51.90
460.20	50.40
460.80	49.70
461.40	48.80
462.00	47.70
462.60	48.60
463.20	48.70
463.80	47.90
464.40	48.30
465.00	50.10
465.60	49.30
466.20	50.80
466.80	50.30
467.40	50.80
468.00	49.40
468.60	48.80
469.20	49.30
469.80	48.70
470.40	48.90
471.00	48.90
471.60	47.60
472.20	48.20
472.80	49.90
473.40	49.90
474.00	51.60
474.60	52.40
475.20	54.20
475.80	52.00
476.40	53.60
477.00	55.00
477.60	55.80
478.20	55.80
478.80	55.60
479.40	57.40
480.00	57.30
480.60	57.40
481.20	56.90
481.80	55.10
482.40	54.70
483.00	54.20
483.60	53.00
484.20	52.00
484.80	53.20
485.40	52.80
486.00	53.70
486.60	52.50
487.20	54.00
487.80	53.50
488.40	52.70
489.00	52.20
489.60	55.40
490.20	55.60
490.80	53.90
491.40	54.90
492.00	54.90
492.60	55.60
493.20	54.90
493.80	53.70
494.40	53.80
495.00	51.40
495.60	50.90
496.20	51.20
496.80	51.30
497.40	51.20
498.00	50.20
498.60	49.40
499.20	50.00
499.80	49.30
500.40	49.50
501.00	50.50
501.60	50.90
502.20	50.00
502.80	49.20
503.40	48.00
504.00	48.20
504.60	50.20
505.20	50.70
505.80	50.10
506.40	50.00
507.00	48.30
507.60	50.50
508.20	51.70
508.80	53.50
509.40	52.60
510.00	53.50
510.60	54.10
511.20	55.70
511.80	56.00
512.40	56.50
513.00	55.40
513.60	56.10
514.20	56.50
514.80	56.40
515.40	56.90
516.00	57.60
516.60	57.90
517.20	56.80
517.80	56.70
518.40	56.40
519.00	56.30
519.60	56.00
520.20	56.70
520.80	56.90
521.40	56.50
522.00	57.10
522.60	55.00
523.20	56.50
523.80	57.00
524.40	57.50
525.00	60.40
525.60	59.30
526.20	59.70
526.80	59.40
527.40	57.20
528.00	55.80
528.60	55.30
529.20	55.30
529.80	54.70
530.40	55.50
531.00	55.40
531.60	55.30
532.20	56.30
532.80	57.50
533.40	57.30
534.00	57.00
534.60	54.20
535.20	54.90
535.80	55.00
536.40	54.90
537.00	54.70
537.60	54.50
538.20	54.90
538.80	56.00
539.40	55.50
540.00	55.40
540.60	56.30
541.20	57.30
541.80	57.10
542.40	58.50
543.00	59.40
543.60	61.20
544.20	60.60
544.80	61.30
545.40	61.40
546.00	62.90
546.60	63.30
547.20	64.10
547.80	63.30
548.40	63.00
549.00	64.50
549.60	65.00
550.20	63.20
550.80	64.80
551.40	64.30
552.00	63.50
552.60	64.90
553.20	64.60
553.80	63.90
554.40	64.00
555.00	64.80
555.60	62.70
556.20	63.20
556.80	62.80
557.40	61.30
558.00	62.30
558.60	62.80
559.20	61.60
559.80	61.90
560.40	60.50
561.00	61.70
561.60	62.00
562.20	61.60
562.80	62.10
563.40	61.80
564.00	61.50
564.60	62.40
565.20	62.60
565.80	63.30
566.40	60.30
567.00	59.30
567.60	58.50
568.20	58.10
568.80	54.90
569.40	55.70
570.00	55.40
570.60	55.70
571.20	53.90
571.80	55.30
572.40	53.40
573.00	50.60
573.60	50.70
574.20	50.20
574.80	51.90
575.40	51.10
576.00	51.80
576.60	49.30
577.20	47.80
577.80	48.20
578.40	47.50
579.00	46.50
579.60	47.60
580.20	48.70
580.80	48.90
581.40	48.70
582.00	48.80
582.60	49.50
583.20	50.90
583.80	52.40
584.40	53.90
585.00	52.30
585.60	52.00
586.20	51.10
586.80	51.30
587.40	51.80
588.00	51.90
588.60	52.10
589.20	51.20
589.80	51.80
590.40	53.70
591.00	52.80
591.60	52.60
592.20	52.90
592.80	51.10
593.40	50.30
594.00	50.30
594.60	50.90
595.20	51.40
595.80	50.30
596.40	50.50
597.00	50.10
597.60	52.30
598.20	51.80
598.80	52.80
599.40	53.70
600.00	51.90
600.60	53.00
601.20	52.40
601.80	51.70
602.40	51.90
603.00	50.60
603.60	51.90
604.20	51.00
604.80	51.70
605.40	51.20
606.00	50.80
606.60	50.60
607.20	49.00
607.80	47.80
608.40	49.10
609.00	50.70
609.60	52.20
610.20	51.90
610.80	51.60
611.40	52.70
612.00	53.40
612.60	54.50
613.20	56.00
613.80	56.80
614.40	57.40
615.00	57.90
615.60	56.60
616.20	54.00
616.80	55.70
617.40	56.10
618.00	54.50
618.60	55.40
619.20	55.70
619.80	56.40
620.40	54.90
621.00	54.80
621.60	55.00
622.20	52.90
622.80	51.70
623.40	51.70
624.00	52.90
624.60	50.40
625.20	49.90
625.80	49.70
626.40	48.40
627.00	48.70
627.60	46.80
628.20	46.90
628.80	48.80
629.40	50.60
630.00	50.40
630.60	50.90
631.20	51.50
631.80	50.40
632.40	50.30
633.00	49.50
633.60	48.10
634.20	47.50
634.80	47.40
635.40	47.50
636.00	49.30
636.60	48.30
637.20	48.90
637.80	49.20
638.40	48.90
639.00	51.20
639.60	50.20
640.20	49.60
640.80	48.90
641.40	46.90
642.00	49.50
642.60	49.90
643.20	49.40
643.80	48.80
644.40	48.60
645.00	48.10
645.60	47.90
646.20	46.30
646.80	47.40
647.40	48.60
648.00	46.60
648.60	46.80
649.20	45.90
649.80	42.90
650.40	44.50
651.00	42.70
651.60	43.70
652.20	43.70
652.80	42.90
653.40	43.40
654.00	43.70
654.60	43.60
655.20	44.70
655.80	44.70
656.40	45.30
657.00	47.80
657.60	47.60
658.20	48.70
658.80	49.30
659.40	50.00
660.00	51.40
660.60	51.50
661.20	51.50
661.80	52.00
662.40	51.40
663.00	48.40
663.60	48.20
664.20	47.20
664.80	48.40
665.40	48.40
666.00	48.90
666.60	51.30
667.20	51.90
667.80	50.70
668.40	50.60
669.00	51.00
669.60	50.00
670.20	48.30
670.80	49.10
671.40	46.50
672.00	45.60
672.60	46.90
673.20	45.60
673.80	45.80
674.40	46.50
675.00	46.50
675.60	47.80
676.20	46.30
676.80	43.60
677.40	44.00
678.00	44.10
678.60	42.10
679.20	42.60
679.80	42.90
680.40	42.90
681.00	43.10
681.60	44.50
682.20	46.40
682.80	46.20
683.40	45.30
684.00	44.60
684.60	42.30
685.20	42.10
685.80	40.60
686.40	41.70
687.00	41.40
687.60	41.50
688.20	41.50
688.80	40.10
689.40	40.30
690.00	41.10
690.60	42.50
691.20	43.60
691.80	43.20
692.40	41.70
693.00	42.20
693.60	40.40
694.20	39.40
694.80	41.10
695.40	40.30
696.00	37.60
696.60	38.20
697.20	39.20
697.80	38.90
698.40	38.60
699.00	39.90
699.60	40.10
700.20	39.20
700.80	39.30
701.40	39.90
702.00	39.90
702.60	38.50
703.20	40.20
703.80	40.20
704.40	39.80
705.00	39.90
705.60	41.10
706.20	40.40
706.80	40.20
707.40	40.00
708.00	39.00
708.60	37.70
709.20	39.10
709.80	39.00
710.40	39.30
711.00	39.50
711.60	39.30
712.20	40.20
712.80	39.60
713.40	38.40
714.00	37.60
714.60	36.80
715.20	38.60
715.80	39.90
716.40	39.30
717.00	40.40
717.60	40.70
718.20	40.10
718.80	38.60
719.40	38.40
720.00	37.90
720.60	38.80
721.20	38.00
721.80	38.60
722.40	38.60
723.00	38.30
723.60	38.70
724.20	39.10
724.80	39.90
725.40	41.60
726.00	41.40
726.60	41.80
727.20	43.10
727.80	40.60
728.40	39.60
729.00	38.30
729.60	39.60
730.20	40.40
730.80	39.80
731.40	39.90
732.00	41.10
732.60	40.50
733.20	40.40
733.80	42.60
734.40	43.70
735.00	43.90
735.60	44.90
736.20	45.00
736.80	43.20
737.40	43.60
738.00	43.80
738.60	43.10
739.20	43.40
739.80	42.60
740.40	43.30
741.00	43.70
741.60	42.70
742.20	42.30
742.80	43.10
743.40	45.20
744.00	47.70
744.60	49.10
745.20	47.20
745.80	45.60
746.40	47.80
747.00	49.60
747.60	49.00
748.20	45.90
748.80	47.30
749.40	47.00
750.00	47.40
750.60	47.20
751.20	47.60
751.80	47.60
752.40	46.60
753.00	45.30
753.60	45.10
754.20	47.10
754.80	46.60
755.40	46.40
756.00	47.20
756.60	47.50
757.20	48.70
757.80	47.30
758.40	47.00
759.00	45.80
759.60	43.90
760.20	44.60
760.80	42.60
761.40	42.40
762.00	42.80
762.60	42.80
763.20	41.90
763.80	42.60
764.40	44.40
765.00	45.90
765.60	43.90
766.20	45.80
766.80	43.80
767.40	47.00
768.00	46.30
768.60	45.50
769.20	47.50
769.80	46.90
770.40	46.80
771.00	48.00
771.60	47.00
772.20	47.00
772.80	46.30
773.40	44.80
774.00	43.40
774.60	42.30
775.20	42.20
775.80	42.10
776.40	45.30
777.00	43.80
777.60	46.20
778.20	44.10
778.80	43.40
779.40	45.20
780.00	46.60
780.60	45.20
781.20	45.50
781.80	43.80
782.40	46.30
783.00	46.30
783.60	47.30
784.20	46.10
784.80	46.10
785.40	46.40
786.00	43.80
786.60	44.30
787.20	44.00
787.80	43.50
788.40	43.20
789.00	43.50
789.60	44.10
790.20	43.00
790.80	41.40
791.40	40.60
792.00	40.60
792.60	38.40
793.20	37.90
793.80	39.00
794.40	38.60
795.00	37.20
795.60	36.60
796.20	37.60
796.80	37.40
797.40	37.90
798.00	38.90
798.60	37.90
799.20	37.70
799.80	37.40
800.40	38.00
801.00	37.50
801.60	38.00
802.20	37.60
802.80	36.10
803.40	35.50
804.00	34.50
804.60	34.00
805.20	33.70
805.80	35.00
806.40	33.70
807.00	34.10
807.60	34.60
808.20	32.20
808.80	33.70
809.40	34.10
810.00	34.30
810.60	33.50
811.20	34.40
811.80	35.80
812.40	34.60
813.00	33.60
813.60	32.90
814.20	32.80
814.80	31.30
815.40	29.90
816.00	30.70
816.60	31.50
817.20	31.80
817.80	32.50
818.40	31.90
819.00	32.60
819.60	33.70
820.20	32.80
820.80	32.50
821.40	33.30
822.00	33.20
822.60	33.60
823.20	33.60
823.80	33.80
824.40	33.90
825.00	34.70
825.60	35.60
826.20	34.40
826.80	33.90
827.40	34.20
828.00	35.40
828.60	34.20
829.20	35.10
829.80	35.70
830.40	34.40
831.00	33.90
831.60	33.30
832.20	35.90
832.80	36.50
833.40	35.30
834.00	34.50
834.60	36.50
835.20	36.30
835.80	35.20
836.40	35.40
837.00	36.00
837.60	34.50
838.20	36.50
838.80	35.90
839.40	35.60
840.00	37.20
840.60	38.80
841.20	41.60
841.80	41.00
842.40	40.80
843.00	41.20
843.60	39.90
844.20	38.60
844.80	39.10
845.40	41.50
846.00	42.60
846.60	42.10
847.20	42.20
847.80	41.90
848.40	41.60
849.00	41.90
849.60	40.80
850.20	41.40
850.80	41.80
851.40	41.40
852.00	39.90
852.60	39.10
853.20	37.70
853.80	37.70
854.40	37.50
855.00	38.10
855.60	38.40
856.20	36.70
856.80	35.80
857.40	34.30
858.00	34.00
858.60	31.80
859.20	33.00
859.80	33.60
860.40	34.00
861.00	36.70
861.60	36.30
862.20	37.70
862.80	36.70
863.40	36.60
864.00	37.30
864.60	39.10
865.20	37.90
865.80	37.90
866.40	39.00
867.00	39.00
867.60	39.20
868.20	38.40
868.80	37.90
869.40	38.00
870.00	36.30
870.60	35.50
871.20	34.70
871.80	33.60
872.40	33.70
873.00	33.80
873.60	34.00
874.20	33.30
874.80	32.30
875.40	31.90
876.00	32.10
876.60	33.00
877.20	33.70
877.80	35.70
878.40	34.30
879.00	33.90
879.60	34.10
880.20	34.70
880.80	33.90
881.40	32.90
882.00	34.70
882.60	32.80
883.20	33.30
883.80	34.10
884.40	36.10
885.00	36.10
885.60	35.80
886.20	36.50
886.80	34.90
887.40	34.90
888.00	36.00
888.60	35.90
889.20	35.40
889.80	36.20
890.40	35.60
891.00	36.20
891.60	37.00
892.20	36.30
892.80	39.70
893.40	39.80
894.00	40.80
894.60	40.90
895.20	39.90
895.80	38.10
896.40	39.00
897.00	38.00
897.60	38.20
898.20	38.40
898.80	39.30
899.40	37.80
900.00	38.80
900.60	38.10
901.20	40.70
901.80	40.20
902.40	38.80
903.00	38.00
903.60	37.30
904.20	37.10
904.80	39.10
905.40	38.40
906.00	36.90
906.60	35.30
907.20	36.10
907.80	36.50
908.40	36.70
909.00	37.10
909.60	38.00
910.20	38.70
910.80	37.20
911.40	36.40
912.00	37.40
912.60	37.10
913.20	37.40
913.80	37.80
914.40	36.30
915.00	37.00
915.60	35.80
916.20	36.20
916.80	34.90
917.40	34.80
918.00	36.10
918.60	34.90
919.20	33.00
919.80	34.40
920.40	33.00
921.00	34.30
921.60	32.30
922.20	33.90
922.80	34.30
923.40	33.40
924.00	32.40
924.60	32.50
925.20	33.40
925.80	33.80
926.40	35.60
927.00	35.20
927.60	35.60
928.20	35.30
928.80	34.20
929.40	34.70
930.00	36.60
930.60	37.50
931.20	36.40
931.80	35.50
932.40	35.90
933.00	35.40
933.60	35.40
934.20	34.20
934.80	36.00
935.40	36.50
936.00	36.20
936.60	36.50
937.20	37.60
937.80	37.30
938.40	37.40
939.00	37.50
939.60	37.40
940.20	35.10
940.80	34.70
941.40	36.60
942.00	36.10
942.60	36.20
943.20	35.70
943.80	36.20
944.40	35.20
945.00	35.30
945.60	35.80
946.20	34.00
946.80	33.30
947.40	34.40
948.00	33.80
948.60	35.90
949.20	38.00
949.80	38.70
950.40	37.30
951.00	39.60
951.60	41.50
952.20	40.90
952.80	42.20
953.40	42.20
954.00	41.70
954.60	44.70
955.20	43.10
955.80	43.30
956.40	42.40
957.00	41.90
957.60	42.50
958.20	41.10
958.80	41.40
959.40	41.60
960.00	41.30
960.60	41.80
961.20	43.40
961.80	44.40
962.40	43.40
963.00	42.70
963.60	43.70
964.20	44.40
964.80	42.00
965.40	42.40
966.00	41.60
966.60	40.90
967.20	41.40
967.80	40.70
968.40	38.90
969.00	39.50
969.60	39.90
970.20	40.90
970.80	40.70
971.40	40.40
972.00	37.50
972.60	38.70
973.20	37.50
973.80	38.50
974.40	38.30
975.00	38.10
975.60	38.00
976.20	36.20
976.80	36.40
977.40	33.50
978.00	34.40
978.60	35.10
979.20	36.00
979.80	35.40
980.40	35.80
981.00	34.80
981.60	35.40
982.20	36.40
982.80	36.80
983.40	37.30
984.00	37.30
984.60	38.10
985.20	37.90
985.80	38.30
986.40	37.40
987.00	37.50
987.60	36.70
988.20	38.80
988.80	40.70
989.40	38.20
990.00	40.20
990.60	39.80
991.20	40.30
991.80	41.70
992.40	42.00
993.00	42.20
993.60	43.20
994.20	41.80
994.80	39.60
995.40	39.90
996.00	39.80
996.60	40.90
997.20	41.90
997.80	42.90
998.40	44.80
999.00	44.60
999.60	45.50
1000.20	44.30
1000.80	44.80
1001.40	45.10
1002.00	45.90
1002.60	45.80
1003.20	46.00
1003.80	44.90
1004.40	45.50
1005.00	46.80
1005.60	46.90
1006.20	47.80
1006.80	47.70
1007.40	46.30
1008.00	46.10
1008.60	48.10
1009.20	46.50
1009.80	46.60
1010.40	47.40
1011.00	47.50
1011.60	46.80
1012.20	45.50
1012.80	44.40
1013.40	45.10
1014.00	46.50
1014.60	47.80
1015.20	46.20
1015.80	47.60
1016.40	45.40
1017.00	44.30
1017.60	44.70
1018.20	44.10
1018.80	44.40
1019.40	43.50
1020.00	43.50
1020.60	44.20
1021.20	44.80
1021.80	46.50
1022.40	45.00
1023.00	46.00
1023.60	47.30
1024.20	49.40
1024.80	49.40
1025.40	48.70
1026.00	47.30
1026.60	46.20
1027.20	48.00
1027.80	48.40
1028.40	48.10
1029.00	50.30
1029.60	47.70
1030.20	48.70
1030.80	49.00
1031.40	48.20
1032.00	46.80
1032.60	46.90
1033.20	46.10
1033.80	47.50
1034.40	46.50
1035.00	46.50
1035.60	46.70
1036.20	47.90
1036.80	48.60
1037.40	48.50
1038.00	48.70
1038.60	49.60
1039.20	48.70
1039.80	48.60
1040.40	49.80
1041.00	49.10
1041.60	49.30
1042.20	47.50
1042.80	47.70
1043.40	47.90
1044.00	47.10
1044.60	48.30
1045.20	47.40
1045.80	46.60
1046.40	45.60
1047.00	45.70
1047.60	47.00
1048.20	47.90
1048.80	48.40
1049.40	47.90
1050.00	49.20
1050.60	49.90
1051.20	50.20
1051.80	51.50
1052.40	51.40
1053.00	51.40
1053.60	51.60
1054.20	50.20
1054.80	50.70
1055.40	50.90
1056.00	53.60
1056.60	53.80
1057.20	54.90
1057.80	56.40
1058.40	57.40
1059.00	56.50
1059.60	57.10
1060.20	57.00
1060.80	56.40
1061.40	57.30
1062.00	57.50
1062.60	58.10
1063.20	58.00
1063.80	59.90
1064.40	60.20
1065.00	60.40
1065.60	57.50
1066.20	55.60
1066.80	55.30
1067.40	56.90
1068.00	56.30
1068.60	57.40
1069.20	57.50
1069.80	58.00
1070.40	56.20
1071.00	55.20
1071.60	55.80
1072.20	57.40
1072.80	59.30
1073.40	59.60
1074.00	59.70
1074.60	58.30
1075.20	58.00
1075.80	60.40
1076.40	61.00
1077.00	59.50
1077.60	58.10
1078.20	58.60
1078.80	59.40
1079.40	60.60
1080.00	61.40
1080.60	62.30
1081.20	61.30
1081.80	59.70
1082.40	60.20
1083.00	61.20
1083.60	59.40
1084.20	59.10
1084.80	58.50
1085.40	60.30
1086.00	59.70
1086.60	61.10
1087.20	59.90
1087.80	61.50
1088.40	60.50
1089.00	61.40
1089.60	61.50
1090.20	60.90
1090.80	58.80
1091.40	58.70
1092.00	59.70
1092.60	60.60
1093.20	59.80
1093.80	60.80
1094.40	62.30
1095.00	61.80
1095.60	59.80
1096.20	61.40
1096.80	62.50
1097.40	63.70
1098.00	64.70
1098.60	64.90
1099.20	65.50
1099.80	63.40
1100.40	61.90
1101.00	61.80
1101.60	62.20
1102.20	62.60
1102.80	62.30
1103.40	62.40
1104.00	63.30
1104.60	62.70
1105.20	62.30
1105.80	63.40
1106.40	63.30
1107.00	62.20
1107.60	62.00
1108.20	61.60
1108.80	61.80
1109.40	62.60
1110.00	61.90
1110.60	61.80
1111.20	65.00
1111.80	63.50
1112.40	65.00
1113.00	65.00
1113.60	63.60
1114.20	62.70
1114.80	63.70
1115.40	64.30
1116.00	64.40
1116.60	63.50
1117.20	62.50
1117.80	60.10
1118.40	60.00
1119.00	59.90
1119.60	59.90
1120.20	61.10
1120.80	60.90
1121.40	61.70
1122.00	63.10
1122.60	62.40
1123.20	61.50
1123.80	61.70
1124.40	61.90
1125.00	61.90
1125.60	63.20
1126.20	64.20
1126.80	63.70
1127.40	64.00
1128.00	64.10
1128.60	63.30
1129.20	62.30
1129.80	63.20
1130.40	63.50
1131.00	62.80
1131.60	63.60
1132.20	61.80
1132.80	62.60
1133.40	62.80
1134.00	62.80
1134.60	63.00
1135.20	63.30
1135.80	62.90
1136.40	60.10
1137.00	59.60
1137.60	59.90
1138.20	58.70
1138.80	60.10
1139.40	59.30
1140.00	59.30
1140.60	60.20
1141.20	59.70
1141.80	59.40
1142.40	59.70
1143.00	60.40
1143.60	58.80
1144.20	58.60
1144.80	57.40
1145.40	56.70
1146.00	57.70
1146.60	59.70
1147.20	59.50
1147.80	59.00
1148.40	58.70
1149.00	55.70
1149.60	56.20
1150.20	57.00
1150.80	56.50
1151.40	55.70
1152.00	55.00
1152.60	55.50
1153.20	54.60
1153.80	55.40
1154.40	56.70
1155.00	56.60
1155.60	56.90
1156.20	55.80
1156.80	55.40
1157.40	56.00
1158.00	57.10
1158.60	56.00
1159.20	56.50
1159.80	55.90
1160.40	55.20
1161.00	54.90
1161.60	56.30
1162.20	56.10
1162.80	52.50
1163.40	52.10
1164.00	51.00
1164.60	50.70
1165.20	50.70
1165.80	52.30
1166.40	51.90
1167.00	52.50
1167.60	53.30
1168.20	53.60
1168.80	54.70
1169.40	54.40
1170.00	52.60
1170.60	53.20
1171.20	51.70
1171.80	52.20
1172.40	51.20
1173.00	53.80
1173.60	54.30
1174.20	53.80
1174.80	53.40
1175.40	54.80
1176.00	55.50
1176.60	57.30
1177.20	57.20
1177.80	58.40
1178.40	58.50
1179.00	59.10
1179.60	58.50
1180.20	58.20
1180.80	58.20
1181.40	58.90
1182.00	59.10
1182.60	59.60
1183.20	59.50
1183.80	56.20
1184.40	58.00
1185.00	58.50
1185.60	59.00
1186.20	59.20
1186.80	59.50
1187.40	58.90
1188.00	57.20
1188.60	56.20
1189.20	55.70
1189.80	55.30
1190.40	55.30
1191.00	54.00
1191.60	54.00
1192.20	52.20
1192.80	52.20
1193.40	51.20
1194.00	51.90
1194.60	49.80
1195.20	50.20
1195.80	48.50
1196.40	49.30
1197.00	48.70
1197.60	50.40
1198.20	50.30
1198.80	51.60
1199.40	50.30
1200.00	50.90
1200.60	52.20
1201.20	53.90
1201.80	55.20
1202.40	54.70
1203.00	53.20
1203.60	52.30
1204.20	52.70
1204.80	53.10
1205.40	53.70
1206.00	51.90
1206.60	51.70
1207.20	52.10
1207.80	55.00
1208.40	56.30
1209.00	57.80
1209.60	57.90
1210.20	56.60
1210.80	56.20
1211.40	56.20
1212.00	57.90
1212.60	57.50
1213.20	56.90
1213.80	58.60
1214.40	57.10
1215.00	57.00
1215.60	57.70
1216.20	58.20
1216.80	57.00
1217.40	59.80
1218.00	59.20
1218.60	58.30
1219.20	57.70
1219.80	58.10
1220.40	59.70
1221.00	58.30
1221.60	58.90
1222.20	58.70
1222.80	59.90
1223.40	60.50
1224.00	60.30
1224.60	58.40
1225.20	59.30
1225.80	58.00
1226.40	58.60
1227.00	57.70
1227.60	55.80
1228.20	56.60
1228.80	58.10
1229.40	58.90
1230.00	57.50
1230.60	56.80
1231.20	56.70
1231.80	58.70
1232.40	58.50
1233.00	57.60
1233.60	56.10
1234.20	54.80
1234.80	54.10
1235.40	52.00
1236.00	53.10
1236.60	53.60
1237.20	52.40
1237.80	53.90
1238.40	54.10
1239.00	53.80
1239.60	54.70
1240.20	53.30
1240.80	53.00
1241.40	52.40
1242.00	52.20
1242.60	51.50
1243.20	49.50
1243.80	48.10
1244.40	47.40
1245.00	46.20
1245.60	47.80
1246.20	47.30
1246.80	46.60
1247.40	45.80
1248.00	45.90
1248.60	45.80
1249.20	44.80
1249.80	46.00
1250.40	45.30
1251.00	44.60
1251.60	47.30
1252.20	46.70
1252.80	46.50
1253.40	46.10
1254.00	47.00
1254.60	47.00
1255.20	48.10
1255.80	46.50
1256.40	46.40
1257.00	46.30
1257.60	46.60
1258.20	46.50
1258.80	46.90
1259.40	48.00
1260.00	47.00
1260.60	46.40
1261.20	45.90
1261.80	46.50
1262.40	47.50
1263.00	47.90
1263.60	47.00
1264.20	47.60
1264.80	48.30
1265.40	48.80
1266.00	50.20
1266.60	49.50
1267.20	48.90
1267.80	50.00
1268.40	47.50
1269.00	46.70
1269.60	45.10
1270.20	43.20
1270.80	42.30
1271.40	43.50
1272.00	43.00
1272.60	42.00
1273.20	42.20
1273.80	41.90
1274.40	42.90
1275.00	44.60
1275.60	44.60
1276.20	44.10
1276.80	46.10
1277.40	45.90
1278.00	46.00
1278.60	46.70
1279.20	47.60
1279.80	46.90
1280.40	46.90
1281.00	44.80
1281.60	46.40
1282.20	46.50
1282.80	47.00
1283.40	47.90
1284.00	46.20
1284.60	46.00
1285.20	47.00
1285.80	46.40
1286.40	47.00
1287.00	46.10
1287.60	45.80
1288.20	46.00
1288.80	44.10
1289.40	43.90
1290.00	43.30
1290.60	43.70
1291.20	43.50
1291.80	43.80
1292.40	46.10
1293.00	47.70
1293.60	48.30
1294.20	47.70
1294.80	49.10
1295.40	50.30
1296.00	50.20
1296.60	49.70
1297.20	50.80
1297.80	49.80
1298.40	50.40
1299.00	52.10
1299.60	53.10
1300.20	52.00
1300.80	52.80
1301.40	52.00
1302.00	51.60
1302.60	52.90
1303.20	52.80
1303.80	51.60
1304.40	51.10
1305.00	50.20
1305.60	51.30
1306.20	51.10
1306.80	50.80
1307.40	52.40
1308.00	53.30
1308.60	53.10
1309.20	52.00
1309.80	53.10
1310.40	52.60
1311.00	53.10
1311.60	53.50
1312.20	54.00
1312.80	54.30
1313.40	55.20
1314.00	54.30
1314.60	54.20
1315.20	54.50
1315.80	54.50
1316.40	55.60
1317.00	56.10
1317.60	56.10
1318.20	56.20
1318.80	55.90
1319.40	55.90
1320.00	53.70
1320.60	52.40
1321.20	54.30
1321.80	55.40
1322.40	53.90
1323.00	52.50
1323.60	52.00
1324.20	52.80
1324.80	53.70
1325.40	55.60
1326.00	54.60
1326.60	54.70
1327.20	57.60
1327.80	57.40
1328.40	57.10
1329.00	56.00
1329.60	57.20
1330.20	56.50
1330.80	57.40
1331.40	55.80
1332.00	55.90
1332.60	55.30
1333.20	57.20
1333.80	56.80
1334.40	58.30
1335.00	57.40
1335.60	58.80
1336.20	57.50
1336.80	58.60
1337.40	57.40
1338.00	59.60
1338.60	59.00
1339.20	58.50
1339.80	57.40
1340.40	58.80
1341.00	59.30
1341.60	58.70
1342.20	58.60
1342.80	59.20
1343.40	59.70
1344.00	59.60
1344.60	59.20
1345.20	57.40
1345.80	58.20
1346.40	57.10
1347.00	55.70
1347.60	58.60
1348.20	60.50
1348.80	59.80
1349.40	59.40
1350.00	58.20
1350.60	58.40
1351.20	56.80
1351.80	57.60
1352.40	56.90
1353.00	56.90
1353.60	56.50
1354.20	56.90
1354.80	56.30
1355.40	54.30
1356.00	55.30
1356.60	54.40
1357.20	53.50
1357.80	53.10
1358.40	52.20
1359.00	52.10
1359.60	53.10
1360.20	54.20
1360.80	55.00
1361.40	56.10
1362.00	56.00
1362.60	55.30
1363.20	52.70
1363.80	53.40
1364.40	53.90
1365.00	51.90
1365.60	53.00
1366.20	53.80
1366.80	53.80
1367.40	53.50
1368.00	53.10
1368.60	53.00
1369.20	53.70
1369.80	55.20
1370.40	54.00
1371.00	53.50
1371.60	51.30
1372.20	50.80
1372.80	48.20
1373.40	49.20
1374.00	50.40
1374.60	51.10
1375.20	49.70
1375.80	52.10
1376.40	52.70
1377.00	53.00
1377.60	51.50
1378.20	50.50
1378.80	50.20
1379.40	48.90
1380.00	48.10
1380.60	48.00
1381.20	49.10
1381.80	50.60
1382.40	50.20
1383.00	51.10
1383.60	51.20
1384.20	49.20
1384.80	51.50
1385.40	50.90
1386.00	51.70
1386.60	50.50
1387.20	49.60
1387.80	50.00
1388.40	52.00
1389.00	54.00
1389.60	54.20
1390.20	52.80
1390.80	53.00
1391.40	52.30
1392.00	52.70
1392.60	51.60
1393.20	54.30
1393.80	53.70
1394.40	52.50
1395.00	53.30
1395.60	52.90
1396.20	51.80
1396.80	50.40
1397.40	50.60
1398.00	50.70
1398.60	49.80
1399.20	51.00
1399.80	52.20
1400.40	52.40
1401.00	52.80
1401.60	53.00
1402.20	52.20
1402.80	50.80
1403.40	53.30
1404.00	51.10
1404.60	50.30
1405.20	51.30
1405.80	52.20
1406.40	52.80
1407.00	52.80
1407.60	50.80
1408.20	51.30
1408.80	48.40
1409.40	49.20
1410.00	48.70
1410.60	47.10
1411.20	48.20
1411.80	47.50
1412.40	48.50
1413.00	49.00
1413.60	49.20
1414.20	48.40
1414.80	49.70
1415.40	49.20
1416.00	49.00
1416.60	47.00
1417.20	48.50
1417.80	48.90
1418.40	49.00
1419.00	48.00
1419.60	48.10
1420.20	47.20
1420.80	46.50
1421.40	45.70
1422.00	45.40
1422.60	47.60
1423.20	46.80
1423.80	46.90
1424.40	47.80
1425.00	49.20
1425.60	49.20
1426.20	47.70
1426.80	46.70
1427.40	47.10
1428.00	48.40
1428.60	47.10
1429.20	47.60
1429.80	47.10
1430.40	47.10
1431.00	45.50
1431.60	46.20
1432.20	48.30
1432.80	47.10
1433.40	47.40
1434.00	47.70
1434.60	50.30
1435.20	51.20
1435.80	50.30
1436.40	50.10
1437.00	49.80
1437.60	50.60
1438.20	50.40
1438.80	54.10
1439.40	52.80
1440.00	51.00
1440.60	51.10
1441.20	51.50
1441.80	52.00
1442.40	53.90
1443.00	53.20
1443.60	51.30
1444.20	50.40
1444.80	51.60
1445.40	52.70
1446.00	51.50
1446.60	51.40
1447.20	52.10
1447.80	54.00
1448.40	53.70
1449.00	53.30
1449.60	52.30
1450.20	53.50
1450.80	53.00
1451.40	52.10
1452.00	49.60
1452.60	49.90
1453.20	49.70
1453.80	50.00
1454.40	50.20
1455.00	51.20
1455.60	51.00
1456.20	50.80
1456.80	49.20
1457.40	49.70
1458.00	50.60
1458.60	49.60
1459.20	49.20
1459.80	49.20
1460.40	49.80
1461.00	49.20
1461.60	49.60
1462.20	48.00
1462.80	50.70
1463.40	51.10
1464.00	49.00
1464.60	48.60
1465.20	48.80
1465.80	47.90
1466.40	50.00
1467.00	50.70
1467.60	50.60
1468.20	49.80
1468.80	51.20
1469.40	51.70
1470.00	51.10
1470.60	50.20
1471.20	49.60
1471.80	48.50
1472.40	47.50
1473.00	47.90
1473.60	47.00
1474.20	47.80
1474.80	47.50
1475.40	47.80
1476.00	47.10
1476.60	48.00
1477.20	47.40
1477.80	47.50
1478.40	48.90
1479.00	48.00
1479.60	47.30
1480.20	46.70
1480.80	47.00
1481.40	45.00
1482.00	42.90
1482.60	43.70
1483.20	45.20
1483.80	46.50
1484.40	46.60
1485.00	47.90
1485.60	47.60
1486.20	48.30
1486.80	47.70
1487.40	49.40
1488.00	49.60
1488.60	48.80
1489.20	49.70
1489.80	49.10
1490.40	51.90
1491.00	52.30
1491.60	53.50
1492.20	52.40
1492.80	52.00
1493.40	52.70
1494.00	52.70
1494.60	53.70
1495.20	54.00
1495.80	53.10
1496.40	53.30
1497.00	53.30
1497.60	56.60
1498.20	56.60
1498.80	57.70
1499.40	57.50
1500.00	56.10
1500.60	56.00
1501.20	
